# STATION: 001HI
# STATION NAME: Kula Ag
# LATITUDE: 20.75790
# LONGITUDE: -156.32000
# ELEVATION [ft]: 3163.0
# STATE: HI
Station_ID,Date_Time,air_temp_set_1,relative_humidity_set_1,wind_speed_set_1,wind_direction_set_1,wind_gust_set_1,solar_radiation_set_1,soil_temp_set_1,precip_accum_five_minute_set_1,soil_moisture_set_1,soil_moisture_set_2,volt_set_1,net_radiation_set_1,net_radiation_sw_set_1,net_radiation_lw_set_1,outgoing_radiation_sw_set_1,incoming_radiation_lw_set_1,outgoing_radiation_lw_set_1,wind_chill_set_1d,wind_cardinal_direction_set_1d,heat_index_set_1d,dew_point_temperature_set_1d
,,Celsius,%,m/s,Degrees,m/s,W/m**2,Celsius,Millimeters,%,%,volts,W/m**2,W/m**2,W/m**2,W/m**2,W/m**2,W/m**2,Celsius,code,Celsius,Celsius
001HI,2024-01-15T10:05:00Z,13.5,66.13,0.612,142.8,0.947,0.0,16.128,0.0,31.9,45.0,12.53,-75.53,-3.64,-71.88,0.32,285.02,356.9,,SE,,7.25
001HI,2024-01-15T10:10:00Z,13.189,70.73,0.725,148.8,1.142,0.0,16.1,0.0,31.9,45.0,12.53,-77.51,-4.23,-73.28,0.42,284.58,357.86,,SSE,,7.94
001HI,2024-01-15T10:15:00Z,12.811,71.89,0.689,145.2,1.209,0.0,16.072,0.0,31.9,45.0,12.52,-77.84,-4.44,-73.4,0.58,284.42,357.82,,SE,,7.82
001HI,2024-01-15T10:20:00Z,12.861,71.25,0.54,134.7,1.111,,16.039,0.0,31.9,45.0,12.52,-77.64,-4.29,-73.35,0.89,284.55,357.9,,SE,,7.73
001HI,2024-01-15T10:25:00Z,12.85,67.57,0.622,126.6,1.08,0.0,16.022,0.0,31.9,45.0,12.52,-75.03,-3.45,-71.58,0.93,285.46,357.04,,SE,,6.94
001HI,2024-01-15T10:30:00Z,13.022,67.72,0.694,135.0,1.276,0.0,15.989,0.0,31.9,45.0,12.52,-75.13,-3.46,-71.68,0.77,285.53,357.21,,SE,,7.14
001HI,2024-01-15T10:35:00Z,13.178,70.79,0.658,159.9,1.471,0.0,15.961,0.0,31.9,45.0,12.52,-78.07,-4.28,-73.8,1.42,284.16,357.95,,SSE,,7.94
001HI,2024-01-15T10:40:00Z,12.989,70.4,0.622,153.4,0.977,0.0,15.928,0.0,31.9,45.0,12.51,-78.21,-4.52,-73.69,0.86,283.56,357.26,,SSE,,7.68
001HI,2024-01-15T10:45:00Z,12.911,70.41,0.52,144.4,0.977,0.0,15.9,0.0,31.9,45.0,12.51,-77.56,-4.04,-73.52,0.86,283.75,357.27,,SE,,7.61
001HI,2024-01-15T10:50:00Z,12.872,71.22,0.731,145.0,1.111,0.0,15.878,0.0,31.9,45.0,12.51,-77.66,-4.13,-73.54,0.82,283.87,357.41,,SE,,7.74
001HI,2024-01-15T10:55:00Z,12.828,72.05,0.607,135.2,0.947,0.0,15.85,0.0,31.9,45.0,12.42,-76.93,-4.05,-72.88,0.73,283.93,356.81,,SE,,7.87
001HI,2024-01-15T11:00:00Z,12.85,71.14,0.35,112.5,0.782,0.0,15.828,0.0,31.9,45.0,12.42,-74.15,-2.97,-71.18,0.93,284.67,355.85,,ESE,,7.7
001HI,2024-01-15T11:05:00Z,13.028,72.11,0.288,133.2,0.72,0.0,15.811,0.0,31.9,45.0,12.42,-74.24,-3.47,-70.77,1.17,284.48,355.25,,SE,,8.07
001HI,2024-01-15T11:10:00Z,12.9,72.59,0.736,131.3,1.142,0.0,15.778,0.0,31.9,45.0,12.41,-74.72,-3.62,-71.1,0.2,284.33,355.43,,SE,,8.05
001HI,2024-01-15T11:15:00Z,12.65,72.8,0.741,138.3,1.471,0.0,15.75,0.0,31.9,45.0,12.41,-76.2,-3.78,-72.42,0.25,283.88,356.3,,SE,,7.85
001HI,2024-01-15T11:20:00Z,12.611,71.18,0.535,152.2,1.178,0.0,15.728,0.0,31.9,44.9,12.41,-76.91,-4.22,-72.7,0.87,283.43,356.12,,SSE,,7.48
001HI,2024-01-15T11:25:00Z,12.389,71.88,0.571,150.6,0.947,0.0,15.711,0.0,31.9,44.9,12.41,-75.7,-4.43,-71.27,0.02,282.89,354.15,,SSE,,7.41
001HI,2024-01-15T11:30:00Z,11.878,73.91,0.715,140.2,1.178,0.0,15.7,0.0,31.9,44.9,12.41,-74.99,-4.1,-70.9,0.0,283.15,354.05,,SE,,7.33
001HI,2024-01-15T11:35:00Z,12.122,71.05,0.7,122.6,1.142,0.0,15.678,0.0,31.9,44.9,12.41,-74.74,-3.23,-71.51,0.92,283.67,355.18,,ESE,,6.98
001HI,2024-01-15T11:40:00Z,12.25,67.05,0.977,105.8,1.276,0.0,15.661,0.0,31.9,44.9,12.4,-71.92,-2.75,-69.17,0.69,284.43,353.6,,ESE,,6.25
001HI,2024-01-15T11:45:00Z,11.822,65.35,0.921,113.0,1.276,0.0,15.639,0.0,31.9,44.9,12.41,-70.53,-2.85,-67.68,0.26,285.21,352.89,,ESE,,5.47
001HI,2024-01-15T11:50:00Z,11.661,66.74,0.818,130.2,1.435,0.0,15.628,0.0,31.9,44.9,12.41,-71.6,-3.38,-68.22,0.12,284.72,352.94,,SE,,5.62
001HI,2024-01-15T11:55:00Z,12.111,63.99,0.458,118.3,0.916,0.0,15.6,0.0,31.9,44.9,12.41,-70.02,-2.7,-67.32,1.1,285.6,352.93,,ESE,,5.44
001HI,2024-01-15T12:00:00Z,12.578,61.59,0.55,110.7,0.947,0.0,15.561,0.0,31.9,44.9,12.41,-70.06,-2.25,-67.8,1.28,285.04,352.84,,ESE,,5.33
001HI,2024-01-15T12:05:00Z,12.822,60.09,0.72,113.2,1.142,0.0,15.528,0.0,31.9,44.9,12.49,-70.34,-2.41,-67.93,1.33,284.59,352.52,,ESE,,5.2
001HI,2024-01-15T12:10:00Z,12.961,63.8,0.448,143.7,1.013,0.0,15.5,0.0,31.9,44.9,12.49,-72.43,-3.21,-69.22,1.19,283.56,352.78,,SE,,6.21
001HI,2024-01-15T12:15:00Z,13.078,68.52,0.34,136.3,0.751,0.0,15.461,0.0,31.9,44.9,12.49,-72.92,-3.25,-69.67,0.84,283.16,352.84,,SE,,7.37
001HI,2024-01-15T12:20:00Z,12.961,70.51,0.37,135.6,0.782,0.0,15.428,0.0,31.8,44.9,12.48,-74.01,-3.53,-70.48,0.68,282.97,353.45,,SE,,7.68
001HI,2024-01-15T12:25:00Z,12.861,73.34,0.566,140.9,0.977,0.0,15.389,0.0,31.8,44.9,12.48,-74.83,-3.83,-71.0,0.83,283.18,354.17,,SE,,8.16
001HI,2024-01-15T12:30:00Z,12.7,78.84,0.725,134.4,1.178,0.0,15.361,0.0,31.9,44.9,12.47,-75.94,-3.86,-72.08,0.45,283.1,355.18,,SE,,9.09
001HI,2024-01-15T12:35:00Z,12.478,81.7,0.602,128.4,0.977,0.0,15.328,0.0,31.9,44.9,12.46,-75.93,-4.01,-71.92,0.11,283.21,355.13,,SE,,9.4
001HI,2024-01-15T12:40:00Z,12.311,84.3,0.684,131.2,1.142,0.0,15.311,0.0,31.9,44.9,12.45,-75.51,-3.66,-71.86,0.0,283.8,355.66,,SE,,9.71
001HI,2024-01-15T12:45:00Z,12.35,86.2,0.746,127.9,1.178,0.0,15.278,0.0,31.9,44.8,12.45,-76.06,-3.66,-72.4,0.01,283.86,356.26,,SE,,10.09
001HI,2024-01-15T12:50:00Z,12.25,86.9,0.803,125.7,1.142,0.0,15.261,0.0,31.8,44.8,12.45,-76.89,-3.76,-73.12,0.0,283.65,356.77,,SE,,10.11
001HI,2024-01-15T12:55:00Z,12.261,87.4,0.803,112.9,1.013,0.0,15.239,0.0,31.8,44.9,12.45,-77.63,-3.49,-74.15,0.37,283.29,357.44,,ESE,,10.21
001HI,2024-01-15T13:00:00Z,12.228,86.7,0.844,114.2,1.044,0.0,15.222,0.0,31.8,44.9,12.45,-78.81,-3.81,-74.99,0.0,282.85,357.84,,ESE,,10.05
001HI,2024-01-15T13:05:00Z,12.078,86.9,0.833,114.6,1.013,0.0,15.2,0.0,31.8,44.8,12.44,-78.44,-3.67,-74.76,0.0,282.94,357.7,,ESE,,9.94
001HI,2024-01-15T13:10:00Z,11.711,79.74,0.571,121.2,0.818,0.0,15.2,0.0,31.8,44.8,12.45,-75.92,-3.54,-72.38,0.0,283.28,355.66,,ESE,,8.29
001HI,2024-01-15T13:15:00Z,12.122,71.72,0.422,100.1,0.622,0.0,15.211,0.0,31.8,44.8,12.45,-72.1,-2.39,-69.71,0.71,283.57,353.28,,E,,7.12
001HI,2024-01-15T13:20:00Z,12.389,71.9,0.792,95.9,1.435,0.0,15.222,0.0,31.8,44.8,12.46,-71.95,-2.85,-69.1,0.27,282.82,351.92,,E,,7.41
001HI,2024-01-15T13:25:00Z,12.311,69.42,1.039,109.6,1.374,0.0,15.222,0.0,31.8,44.8,12.46,-74.58,-2.84,-71.74,0.3,281.66,353.4,,ESE,,6.82
001HI,2024-01-15T13:30:00Z,12.228,68.43,0.916,117.2,1.178,0.0,15.2,0.0,31.8,44.8,12.46,-75.04,-3.29,-71.75,0.0,281.85,353.6,,ESE,,6.53
001HI,2024-01-15T13:35:00Z,12.111,72.78,0.71,133.8,1.276,0.0,15.172,0.0,31.8,44.8,12.45,-74.65,-3.64,-71.02,0.0,281.47,352.49,,SE,,7.33
001HI,2024-01-15T13:40:00Z,11.922,75.39,0.761,111.1,1.142,0.0,15.15,0.0,31.8,44.8,12.46,-73.15,-3.04,-70.1,0.33,282.2,352.3,,ESE,,7.66
001HI,2024-01-15T13:45:00Z,12.061,73.24,0.916,112.0,1.142,0.0,15.122,0.0,31.8,44.8,12.45,-73.21,-2.7,-70.52,0.39,282.43,352.94,,ESE,,7.37
001HI,2024-01-15T13:50:00Z,12.128,72.99,0.813,118.9,1.142,0.0,15.1,0.0,31.8,44.8,12.45,-73.35,-2.72,-70.63,0.47,282.5,353.13,,ESE,,7.38
001HI,2024-01-15T13:55:00Z,12.3,71.25,0.772,122.3,1.142,0.0,15.072,0.0,31.8,44.8,12.45,-73.6,-3.11,-70.5,0.38,282.39,352.89,,ESE,,7.19
001HI,2024-01-15T14:00:00Z,12.339,71.5,0.797,127.9,1.178,0.0,15.039,0.0,31.8,44.8,12.45,-74.55,-3.55,-71.0,0.44,281.92,352.93,,SE,,7.28
001HI,2024-01-15T14:05:00Z,12.111,72.18,0.592,146.5,0.916,0.0,15.011,0.0,31.8,44.8,12.45,-74.1,-3.61,-70.49,0.1,282.02,352.51,,SSE,,7.2
001HI,2024-01-15T14:10:00Z,12.211,71.72,0.499,155.5,0.88,0.0,14.989,0.0,31.8,44.8,12.44,-74.49,-3.63,-70.86,0.92,282.11,352.97,,SSE,,7.21
001HI,2024-01-15T14:15:00Z,12.578,69.2,0.509,144.8,0.977,0.0,14.972,0.0,31.8,44.8,12.44,-75.0,-3.67,-71.33,1.49,281.99,353.32,,SE,,7.03
001HI,2024-01-15T14:20:00Z,12.5,68.25,0.643,157.5,1.631,0.0,14.95,0.0,31.8,44.8,12.44,-74.31,-4.05,-70.26,0.87,282.15,352.4,,SSE,,6.75
001HI,2024-01-15T14:25:00Z,12.728,68.48,0.761,169.9,2.027,0.0,14.928,0.0,31.8,44.8,12.44,-77.0,-4.15,-72.86,1.9,281.34,354.2,,S,,7.02
001HI,2024-01-15T14:30:00Z,12.722,67.38,0.586,154.8,0.977,0.0,14.911,0.0,31.8,44.8,12.44,-76.4,-4.34,-72.06,1.03,280.7,352.76,,SSE,,6.78
001HI,2024-01-15T14:35:00Z,12.089,69.11,0.777,146.8,1.471,0.0,14.889,0.0,31.8,44.8,12.44,-75.9,-4.49,-71.41,0.0,280.03,351.44,,SSE,,6.54
001HI,2024-01-15T14:40:00Z,11.672,69.04,0.468,135.3,1.044,,14.878,0.0,31.8,44.8,12.44,-74.43,-3.92,-70.51,0.32,280.63,351.14,,SE,,6.13
001HI,2024-01-15T14:45:00Z,11.85,67.31,0.895,141.8,1.276,0.0,14.872,0.0,31.8,44.8,12.44,-74.45,-3.54,-70.9,0.62,280.23,351.13,,SE,,5.93
001HI,2024-01-15T14:50:00Z,11.828,68.71,0.844,165.3,1.893,0.0,14.861,0.0,31.8,44.7,12.44,-74.95,-3.87,-71.08,0.86,280.12,351.2,,SSE,,6.21
001HI,2024-01-15T14:55:00Z,12.439,70.99,0.916,175.1,1.631,0.0,14.828,0.0,31.8,44.7,12.44,-76.9,-4.7,-72.19,2.34,280.54,352.74,,S,,7.27
001HI,2024-01-15T15:00:00Z,12.578,73.97,0.808,169.8,1.569,0.0,14.8,0.0,31.8,44.8,12.34,-77.66,-5.03,-72.63,2.16,280.95,353.59,,S,,8.02
001HI,2024-01-15T15:05:00Z,12.522,75.79,0.839,165.6,1.765,0.0,14.772,0.0,31.8,44.8,12.33,-78.41,-4.86,-73.54,1.64,280.91,354.45,,SSE,,8.32
001HI,2024-01-15T15:10:00Z,12.378,78.36,0.756,157.2,1.631,0.0,14.75,0.0,31.8,44.7,12.33,-79.57,-5.06,-74.51,1.62,281.04,355.55,,SSE,,8.68
001HI,2024-01-15T15:15:00Z,12.561,76.12,0.684,167.7,1.734,0.0,14.722,0.0,31.8,44.7,12.32,-80.35,-5.11,-75.24,1.98,281.1,356.34,,SSE,,8.43
001HI,2024-01-15T15:20:00Z,12.55,77.72,0.653,167.3,1.142,0.0,14.7,0.0,31.8,44.7,12.32,-78.28,-5.28,-72.99,1.23,281.51,354.5,,SSE,,8.73
001HI,2024-01-15T15:25:00Z,12.322,80.5,0.638,160.8,1.142,0.0,14.689,0.0,31.8,44.7,12.32,-77.88,-5.08,-72.8,0.77,281.56,354.36,,SSE,,9.03
001HI,2024-01-15T15:30:00Z,12.1,83.2,0.658,153.0,1.209,0.0,14.678,0.0,31.8,44.7,12.31,-78.65,-5.0,-73.65,0.55,281.28,354.92,,SSE,,9.31
001HI,2024-01-15T15:35:00Z,12.078,83.5,0.71,145.4,1.893,0.0,14.661,0.0,31.8,44.7,12.31,-80.42,-4.82,-75.6,0.94,280.57,356.17,,SE,,9.34
001HI,2024-01-15T15:40:00Z,12.178,82.8,0.643,154.5,1.502,0.0,14.65,0.0,31.8,44.7,12.31,-80.98,-4.98,-75.99,1.16,280.18,356.17,,SSE,,9.31
001HI,2024-01-15T15:45:00Z,12.15,81.1,0.386,160.5,0.818,0.0,14.628,0.0,31.8,44.7,12.31,-80.35,-5.12,-75.23,0.87,279.31,354.54,,SSE,,8.97
001HI,2024-01-15T15:50:00Z,11.978,76.98,0.7,116.1,1.111,0.0,14.628,0.0,31.8,44.7,12.31,-77.64,-3.7,-73.94,0.27,279.97,353.91,,ESE,,8.03
001HI,2024-01-15T15:55:00Z,11.9,71.03,0.772,110.3,1.08,0.0,14.639,0.0,31.8,44.7,12.36,-74.26,-3.03,-71.23,0.31,281.36,352.59,,ESE,,6.76
001HI,2024-01-15T16:00:00Z,11.8,65.81,0.977,102.0,1.276,0.0,14.65,0.0,31.8,44.7,12.41,-71.01,-2.8,-68.22,0.25,282.71,350.92,,ESE,,5.55
001HI,2024-01-15T16:05:00Z,12.272,58.04,0.7,99.7,1.111,0.0,14.672,0.0,31.8,44.7,12.41,-69.31,-1.8,-67.51,0.96,282.09,349.59,,E,,4.18
001HI,2024-01-15T16:10:00Z,12.728,55.76,0.304,121.1,0.684,0.0,14.672,0.0,31.7,44.7,12.41,-70.94,-2.84,-68.1,1.3,281.12,349.22,,ESE,,4.04
001HI,2024-01-15T16:15:00Z,12.728,57.86,0.381,135.3,0.977,0.0,14.65,0.0,31.7,44.7,12.41,-73.25,-4.26,-68.99,1.05,279.45,348.44,,SE,,4.57
001HI,2024-01-15T16:20:00Z,12.1,60.4,0.622,131.9,1.111,0.0,14.622,0.0,31.7,44.7,12.41,-72.67,-3.31,-69.36,0.17,279.3,348.66,,SE,,4.59
001HI,2024-01-15T16:25:00Z,12.5,59.92,0.7,110.7,0.977,0.0,14.589,0.0,31.7,44.7,12.4,-71.07,-1.99,-69.08,0.95,279.82,348.91,,ESE,,4.86
001HI,2024-01-15T16:30:00Z,12.711,58.64,0.658,107.8,1.013,0.0,14.561,0.0,31.7,44.7,12.41,-69.4,-1.98,-67.42,0.73,280.62,348.04,,ESE,,4.74
001HI,2024-01-15T16:35:00Z,12.728,55.58,0.684,102.3,1.044,0.0,14.539,0.0,31.7,44.7,12.41,-67.71,-2.09,-65.62,0.51,281.91,347.54,,ESE,,3.99
001HI,2024-01-15T16:40:00Z,12.889,53.65,0.628,96.5,0.977,0.0,14.522,0.0,31.7,44.7,12.41,-66.37,-1.54,-64.82,0.71,282.86,347.68,,E,,3.63
001HI,2024-01-15T16:45:00Z,12.939,54.66,0.839,98.7,1.08,0.0,14.5,0.0,31.7,44.7,12.41,-66.91,-1.87,-65.04,0.04,283.49,348.53,,E,,3.95
001HI,2024-01-15T16:50:00Z,12.978,54.98,1.091,107.6,1.338,0.0,14.478,0.0,31.7,44.7,12.4,-67.75,-1.13,-66.63,1.12,284.4,351.02,,ESE,,4.07
001HI,2024-01-15T16:55:00Z,13.178,55.5,1.173,105.0,1.338,1.0,14.45,0.0,31.7,44.6,12.4,-65.82,-0.33,-65.5,1.32,286.31,351.81,,ESE,,4.39
001HI,2024-01-15T17:00:00Z,13.85,53.83,1.214,104.2,1.435,3.52,14.411,0.0,31.7,44.7,12.4,-64.0,1.4,-65.4,2.11,287.62,353.02,,ESE,,4.58
001HI,2024-01-15T17:05:00Z,14.689,51.74,1.111,109.0,1.374,4.43,14.372,0.0,31.7,44.7,12.4,-64.39,2.34,-66.73,2.08,288.09,354.82,,ESE,,4.79
001HI,2024-01-15T17:10:00Z,14.622,51.79,0.458,86.0,1.08,4.25,14.328,0.0,31.7,44.6,12.4,-64.42,3.14,-67.56,1.11,285.48,353.04,,E,,4.74
001HI,2024-01-15T17:15:00Z,14.172,52.27,0.828,111.5,1.111,5.73,14.311,0.0,31.7,44.6,12.4,-64.15,5.16,-69.31,0.57,285.31,354.62,,ESE,,4.45
001HI,2024-01-15T17:20:00Z,14.222,52.56,1.116,105.3,1.307,9.76,14.3,0.0,31.7,44.6,12.4,-60.12,8.44,-68.56,1.31,286.57,355.13,,ESE,,4.58
001HI,2024-01-15T17:25:00Z,14.389,54.47,1.194,107.5,1.374,12.94,14.278,0.0,31.7,44.6,12.41,-59.34,11.04,-70.37,1.9,287.01,357.38,,ESE,,5.25
001HI,2024-01-15T17:30:00Z,14.572,54.78,1.024,108.7,1.435,14.59,14.25,0.0,31.7,44.6,12.41,-57.78,12.86,-70.64,1.73,287.39,358.03,,ESE,,5.5
001HI,2024-01-15T17:35:00Z,15.022,53.83,1.199,111.4,1.435,17.17,14.228,0.0,31.7,44.6,12.41,-57.01,15.09,-72.1,2.07,287.64,359.74,,ESE,,5.67
001HI,2024-01-15T17:40:00Z,15.272,53.67,1.168,110.4,1.435,18.85,14.2,0.0,31.7,44.6,12.41,-55.86,17.04,-72.9,1.81,287.56,360.45,,ESE,,5.86
001HI,2024-01-15T17:45:00Z,15.178,54.61,1.178,109.3,1.374,20.68,14.178,0.0,31.7,44.6,12.41,-55.42,18.76,-74.17,1.92,287.13,361.31,,ESE,,6.03
001HI,2024-01-15T17:50:00Z,15.15,55.03,1.157,106.1,1.404,23.09,14.172,0.0,31.7,44.6,12.41,-54.02,20.76,-74.78,2.32,286.83,361.61,,ESE,,6.11
001HI,2024-01-15T17:55:00Z,15.189,55.0,1.209,107.9,1.471,24.11,14.161,0.0,31.7,44.6,12.42,-54.26,22.09,-76.35,2.02,286.72,363.07,,ESE,,6.14
001HI,2024-01-15T18:00:00Z,15.161,54.62,1.168,108.0,1.435,26.32,14.15,0.0,31.7,44.6,12.42,-51.93,23.91,-75.84,2.41,286.43,362.27,,ESE,,6.01
001HI,2024-01-15T18:05:00Z,15.428,51.4,1.075,111.9,1.374,27.71,14.15,0.0,31.7,44.6,12.41,-50.67,25.27,-75.94,2.45,286.3,362.24,,ESE,,5.38
001HI,2024-01-15T18:10:00Z,15.478,50.55,1.106,104.8,1.374,29.57,14.139,0.0,31.7,44.6,12.42,-48.5,27.02,-75.52,2.55,286.15,361.67,,ESE,,5.18
001HI,2024-01-15T18:15:00Z,14.8,52.46,0.592,122.0,1.111,29.52,14.15,0.0,31.7,44.6,12.42,-49.2,27.26,-76.45,2.27,284.79,361.25,,ESE,,5.09
001HI,2024-01-15T18:20:00Z,14.85,53.22,0.386,121.2,0.684,31.34,14.172,0.0,31.7,44.6,12.41,-48.0,28.41,-76.41,2.94,284.37,360.78,,ESE,,5.35
001HI,2024-01-15T18:25:00Z,14.961,53.84,0.005,144.2,0.226,32.32,14.172,0.0,31.7,44.6,12.42,-49.89,28.2,-78.09,4.12,282.6,360.69,,SE,,5.62
001HI,2024-01-15T18:30:00Z,14.772,57.39,0.34,136.0,0.622,33.15,14.172,0.0,31.7,44.6,12.43,-49.96,29.4,-79.37,3.75,281.22,360.58,,SE,,6.37
001HI,2024-01-15T18:35:00Z,14.489,58.14,0.34,122.7,0.556,35.54,14.172,0.0,31.7,44.6,12.42,-47.91,31.3,-79.21,4.24,281.54,360.75,,ESE,,6.29
001HI,2024-01-15T18:40:00Z,14.478,55.95,0.252,105.1,0.458,44.94,14.178,0.0,31.7,44.6,12.43,-39.81,39.1,-78.92,5.83,282.15,361.06,,ESE,,5.72
001HI,2024-01-15T18:45:00Z,14.7,55.82,0.453,109.6,0.653,121.15,14.172,0.0,31.7,44.6,12.45,35.01,113.56,-78.55,7.59,283.51,362.06,,ESE,,5.9
001HI,2024-01-15T18:50:00Z,15.739,56.17,0.257,97.5,0.653,255.03,14.139,0.0,31.7,44.6,12.63,162.13,241.39,-79.26,13.65,285.83,365.09,,E,,6.96
001HI,2024-01-15T18:55:00Z,16.911,54.12,0.0,,0.0,301.07,14.028,0.0,31.7,44.6,12.83,195.84,279.7,-83.86,21.36,285.96,369.82,,,,7.51
001HI,2024-01-15T19:00:00Z,17.261,54.83,0.278,219.0,1.209,399.81,13.828,0.0,31.7,44.6,12.95,279.68,371.65,-91.97,28.16,283.32,375.29,,SW,,8.03
001HI,2024-01-15T19:05:00Z,17.522,53.05,0.036,176.9,0.329,424.03,13.672,0.0,31.7,44.5,13.12,290.97,388.71,-97.74,35.32,283.26,381.01,,S,,7.79
001HI,2024-01-15T19:10:00Z,18.089,52.75,0.005,172.9,0.129,441.25,13.539,0.0,31.7,44.6,13.17,294.1,397.46,-103.36,43.79,284.11,387.46,,S,,8.23
001HI,2024-01-15T19:15:00Z,18.761,50.33,0.108,171.5,0.586,458.17,13.439,0.0,31.7,44.5,13.23,300.54,408.92,-108.38,49.25,284.21,392.58,,S,,8.16
001HI,2024-01-15T19:20:00Z,19.222,50.47,0.01,150.9,0.195,474.92,13.4,0.0,31.7,44.5,13.28,307.98,421.45,-113.47,53.48,284.34,397.81,,SSE,,8.63
001HI,2024-01-15T19:25:00Z,19.928,49.51,0.005,170.1,0.195,492.03,13.389,0.0,31.7,44.5,13.32,319.13,435.84,-116.71,56.19,285.31,402.01,,S,,9.0
001HI,2024-01-15T19:30:00Z,20.672,48.19,0.0,,0.0,509.19,13.411,0.0,31.7,44.5,13.35,329.6,449.65,-120.05,59.54,286.37,406.42,,,,9.28
001HI,2024-01-15T19:35:00Z,21.289,48.09,0.314,284.7,1.6,526.14,13.472,0.0,31.7,44.5,13.39,341.14,464.08,-122.95,62.06,288.0,410.94,,WNW,,9.82
001HI,2024-01-15T19:40:00Z,19.739,50.43,0.9,288.1,1.795,543.23,13.578,0.0,31.7,44.5,13.44,357.51,481.02,-123.51,62.2,287.75,411.27,,WNW,,9.1
001HI,2024-01-15T19:45:00Z,18.828,53.58,0.581,251.8,1.24,559.66,13.728,0.0,31.7,44.5,13.5,367.09,494.07,-126.98,65.59,287.27,414.25,,WSW,,9.15
001HI,2024-01-15T19:50:00Z,19.15,54.52,0.458,237.8,1.013,574.39,13.878,0.0,31.7,44.5,13.65,374.97,505.21,-130.24,69.18,288.01,418.25,,WSW,,9.71
001HI,2024-01-15T19:55:00Z,19.111,56.11,0.905,275.1,1.435,590.11,14.011,0.0,31.7,44.5,13.73,387.92,518.98,-131.06,71.13,289.04,420.1,,W,,10.11
001HI,2024-01-15T20:00:00Z,18.789,59.64,0.911,280.4,1.765,603.4,14.161,0.0,31.7,44.5,13.82,397.73,530.07,-132.34,73.33,289.08,421.42,,W,,10.72
001HI,2024-01-15T20:05:00Z,18.572,64.11,0.962,270.7,1.96,616.42,14.328,0.0,31.6,44.5,13.93,406.64,540.68,-134.05,75.74,289.61,423.65,,W,,11.61
001HI,2024-01-15T20:10:00Z,18.389,67.65,0.911,291.4,1.893,629.21,14.478,0.0,31.6,44.5,14.1,415.18,550.69,-135.51,78.51,289.92,425.43,,WNW,,12.26
001HI,2024-01-15T20:15:00Z,18.228,70.63,0.988,257.2,1.893,641.31,14.622,0.0,31.6,44.5,14.11,422.21,559.52,-137.31,81.79,290.59,427.9,,WSW,,12.77
001HI,2024-01-15T20:20:00Z,18.489,71.49,0.844,220.6,1.795,651.22,14.722,0.0,31.6,44.5,14.1,425.39,565.49,-140.1,85.73,291.06,431.16,,SW,,13.2
001HI,2024-01-15T20:25:00Z,18.228,73.77,1.368,281.5,2.546,665.44,14.811,0.0,31.6,44.5,14.1,437.61,578.02,-140.41,87.43,291.93,432.34,,WNW,,13.44
001HI,2024-01-15T20:30:00Z,18.028,76.23,1.363,284.0,2.546,677.75,14.9,0.0,31.6,44.5,14.1,444.71,586.71,-142.01,91.03,292.63,434.63,,WNW,,13.75
001HI,2024-01-15T20:35:00Z,18.35,75.44,1.404,281.2,2.284,689.57,14.989,0.0,31.6,44.5,14.09,449.25,594.17,-144.93,95.39,293.46,438.39,,W,,13.9
001HI,2024-01-15T20:40:00Z,18.8,75.51,1.116,227.9,2.156,697.04,15.05,0.0,31.6,44.5,14.09,450.73,598.3,-147.57,98.74,294.08,441.64,,SW,,14.35
001HI,2024-01-15T20:45:00Z,18.739,75.43,1.338,284.4,2.742,707.9,15.111,0.0,31.6,44.5,14.07,459.62,607.78,-148.16,100.12,295.39,443.55,,WNW,,14.28
001HI,2024-01-15T20:50:00Z,18.622,78.49,1.461,266.0,2.351,717.43,15.178,0.0,31.6,44.4,14.06,465.08,614.81,-149.73,102.62,296.23,445.96,,W,,14.78
001HI,2024-01-15T20:55:00Z,18.328,80.2,1.286,285.0,2.644,725.03,15.261,0.0,31.6,44.4,14.06,470.35,621.19,-150.84,103.84,296.79,447.63,,WNW,,14.83
001HI,2024-01-15T21:00:00Z,18.55,80.4,1.471,273.3,2.907,736.3,15.328,0.0,31.6,44.4,14.06,476.79,629.11,-152.32,107.2,299.37,451.68,,W,,15.09
001HI,2024-01-15T21:05:00Z,18.922,79.44,1.291,274.7,2.485,745.44,15.4,0.0,31.6,44.4,14.06,480.59,635.42,-154.83,110.01,299.68,454.52,,W,,15.26
001HI,2024-01-15T21:10:00Z,19.178,79.01,1.024,244.2,2.058,757.47,15.45,0.0,31.6,44.4,14.06,486.48,643.79,-157.31,113.67,301.26,458.57,,WSW,,15.43
001HI,2024-01-15T21:15:00Z,19.161,79.5,1.579,274.2,2.809,779.71,15.489,0.0,31.6,44.4,14.06,510.6,663.5,-152.9,116.21,307.03,459.93,,W,,15.51
001HI,2024-01-15T21:20:00Z,18.9,80.9,1.713,280.3,2.711,803.27,15.539,0.0,31.6,44.4,14.06,529.18,682.56,-153.38,120.71,307.37,460.75,,W,,15.53
001HI,2024-01-15T21:25:00Z,18.372,82.9,1.677,277.7,3.04,514.87,15.622,0.0,31.6,44.4,14.06,315.16,443.07,-127.92,71.8,319.64,447.55,,W,,15.39
001HI,2024-01-15T21:30:00Z,18.222,83.3,1.579,286.2,2.418,637.61,15.728,0.0,31.5,44.4,14.06,419.43,543.65,-124.22,93.96,328.52,452.74,,WNW,,15.32
001HI,2024-01-15T21:35:00Z,18.439,84.1,0.653,297.1,1.96,608.43,15.789,0.0,31.5,44.4,14.06,405.93,515.66,-109.73,92.77,347.43,457.16,,WNW,,15.69
001HI,2024-01-15T21:40:00Z,18.411,83.9,1.111,264.1,2.516,483.49,15.828,0.0,31.5,44.4,14.06,332.53,414.27,-81.74,69.21,368.99,450.73,,W,,15.62
001HI,2024-01-15T21:45:00Z,18.539,85.4,0.839,299.7,2.68,785.43,15.861,0.0,31.5,44.4,14.06,546.99,664.64,-117.64,120.79,351.54,469.18,,WNW,,16.03
001HI,2024-01-15T21:50:00Z,19.428,80.5,1.62,260.1,3.334,860.53,15.822,0.0,31.5,44.4,14.06,565.66,724.16,-158.5,136.37,316.24,474.73,,W,,15.96
001HI,2024-01-15T21:55:00Z,19.428,81.1,1.543,228.9,3.334,685.94,15.839,0.0,31.5,44.4,14.06,437.29,579.16,-141.88,106.77,327.27,469.15,,SW,,16.08
001HI,2024-01-15T22:00:00Z,19.1,82.6,1.235,263.9,2.284,904.08,15.9,0.0,31.5,44.4,14.06,647.51,762.25,-114.74,141.83,370.03,484.77,,W,,16.05
001HI,2024-01-15T22:05:00Z,19.211,82.5,1.482,246.3,2.742,688.03,15.922,0.0,31.5,44.3,14.06,456.64,584.41,-127.77,103.62,343.97,471.74,,WSW,,16.14
001HI,2024-01-15T22:10:00Z,19.428,80.9,1.446,251.9,2.742,661.33,16.028,0.0,31.5,44.3,14.04,423.32,559.69,-136.37,101.64,330.97,467.33,,WSW,,16.04
001HI,2024-01-15T22:15:00Z,19.422,82.9,1.466,260.0,3.04,782.24,16.122,0.0,31.5,44.3,14.03,541.0,659.55,-118.56,122.69,365.84,484.4,,W,,16.42
001HI,2024-01-15T22:20:00Z,18.778,85.8,1.657,282.7,2.876,445.05,16.189,0.0,31.5,44.3,14.03,324.13,384.59,-60.46,60.45,398.87,459.33,,WNW,,16.33
001HI,2024-01-15T22:25:00Z,18.339,88.5,1.41,286.5,4.146,420.27,16.35,0.0,31.5,44.3,14.03,307.53,361.92,-54.39,58.35,398.83,453.22,,WNW,,16.39
001HI,2024-01-15T22:30:00Z,18.939,86.5,1.26,224.4,2.253,473.86,16.461,0.0,31.5,44.3,14.03,339.9,406.59,-66.69,67.27,393.15,459.84,,SW,,16.62
001HI,2024-01-15T22:35:00Z,18.822,87.2,1.23,267.7,2.742,244.33,16.561,0.0,31.5,44.3,14.03,170.89,212.9,-42.01,31.43,401.92,443.93,,W,,16.63
001HI,2024-01-15T22:40:00Z,18.3,90.2,1.25,268.5,3.004,244.61,16.711,0.0,31.5,44.3,14.05,172.94,211.59,-38.65,33.02,401.92,440.57,,W,,16.65
001HI,2024-01-15T22:45:00Z,18.322,89.8,1.584,258.9,3.462,322.89,16.822,0.0,31.4,44.3,14.01,236.29,278.0,-41.71,44.88,400.8,442.51,,W,,16.61
001HI,2024-01-15T22:50:00Z,18.322,90.1,0.376,245.2,1.765,369.23,16.878,0.0,31.4,44.3,13.26,263.78,313.09,-49.31,56.14,399.9,449.21,,WSW,,16.66
001HI,2024-01-15T22:55:00Z,18.839,86.3,1.44,232.0,3.236,472.15,16.85,0.0,31.5,44.3,13.37,341.27,400.98,-59.7,71.17,394.38,454.08,,SW,,16.49
001HI,2024-01-15T23:00:00Z,19.239,84.4,1.24,241.2,2.84,490.81,16.822,0.0,31.4,44.3,13.35,340.07,416.24,-76.17,74.57,382.57,458.74,,WSW,,16.53
001HI,2024-01-15T23:05:00Z,19.089,84.4,1.749,278.6,3.889,737.6,16.822,0.0,31.5,44.3,13.28,538.61,620.21,-81.61,117.39,388.56,470.17,,W,,16.38
001HI,2024-01-15T23:10:00Z,19.372,83.4,2.12,260.3,4.311,730.52,16.789,0.0,31.4,44.3,13.28,526.61,615.57,-88.96,114.96,385.52,474.48,,W,,16.47
001HI,2024-01-15T23:15:00Z,18.961,85.2,1.801,260.4,4.244,511.24,16.828,0.0,31.4,44.3,13.28,352.81,434.97,-82.16,76.27,379.08,461.24,,W,,16.4
001HI,2024-01-15T23:20:00Z,19.011,84.4,2.372,278.7,4.182,665.79,16.939,0.0,31.4,44.3,13.28,466.03,560.55,-94.51,105.24,373.33,467.84,,W,,16.3
001HI,2024-01-15T23:25:00Z,18.878,85.3,1.687,245.3,3.004,589.67,17.039,0.0,31.4,44.3,13.27,418.22,496.23,-78.01,93.44,386.44,464.45,,WSW,,16.34
001HI,2024-01-15T23:30:00Z,18.911,85.2,2.047,266.6,3.694,529.48,17.1,0.0,31.4,44.2,13.25,363.05,447.62,-84.57,81.86,378.22,462.79,,W,,16.35
001HI,2024-01-15T23:35:00Z,19.072,85.0,1.487,252.0,3.364,788.82,17.161,0.0,31.4,44.2,13.26,529.15,655.55,-126.4,133.27,351.0,,,WSW,,16.47
001HI,2024-01-15T23:40:00Z,19.178,83.8,1.636,262.5,3.627,404.13,17.178,0.0,31.4,44.2,13.25,258.7,341.82,-83.12,62.31,379.24,462.36,,W,,16.35
001HI,2024-01-15T23:45:00Z,18.7,85.4,1.857,275.6,3.2,490.1,17.278,0.0,31.4,44.2,13.25,347.22,415.09,-67.88,75.0,391.73,459.61,,W,,16.18
001HI,2024-01-15T23:50:00Z,18.839,84.8,2.222,287.7,5.062,510.81,17.378,0.0,31.4,44.2,13.33,365.7,430.62,-64.92,80.19,395.11,460.03,,WNW,,16.21
001HI,2024-01-15T23:55:00Z,18.672,86.2,1.903,249.8,3.591,622.01,17.439,0.0,31.4,44.2,13.35,439.48,523.28,-83.81,98.73,382.91,466.71,,WSW,,16.3
001HI,2024-01-16T00:00:00Z,18.939,84.9,1.471,246.9,3.169,346.13,17.472,0.0,31.4,44.2,13.35,223.83,294.9,-71.07,51.23,382.59,453.66,,WSW,,16.33
001HI,2024-01-16T00:05:00Z,18.45,86.7,1.389,286.9,3.071,357.39,17.572,0.0,31.4,44.2,13.35,251.51,303.07,-51.56,54.31,399.3,450.86,,WNW,,16.18
001HI,2024-01-16T00:10:00Z,18.589,86.9,1.6,272.8,3.627,584.68,17.65,0.0,31.4,44.2,13.35,418.27,487.6,-69.34,97.07,394.29,463.62,,W,,16.35
001HI,2024-01-16T00:15:00Z,19.161,83.9,1.25,237.4,2.546,445.17,17.622,0.0,31.4,44.2,13.35,295.5,374.58,-79.09,70.59,383.53,462.61,,WSW,,16.36
001HI,2024-01-16T00:20:00Z,19.139,84.2,1.451,280.1,4.507,448.13,17.622,0.0,31.4,44.2,13.35,,377.62,-73.12,70.51,388.3,461.42,,W,,16.39
001HI,2024-01-16T00:25:00Z,18.661,85.4,1.713,268.3,4.64,400.48,17.689,0.0,31.4,44.2,13.35,267.14,338.52,-71.38,61.96,382.84,454.22,,W,,16.15
001HI,2024-01-16T00:30:00Z,19.222,84.0,1.62,233.5,3.04,506.36,17.761,0.0,31.4,44.2,13.35,337.44,421.45,-84.01,84.91,379.2,463.2,,SW,,16.43
001HI,2024-01-16T00:35:00Z,19.139,83.5,1.744,250.2,3.431,382.5,17.8,0.0,31.4,44.2,13.37,229.69,318.93,-89.24,63.57,363.8,453.04,,WSW,,16.26
001HI,2024-01-16T00:40:00Z,18.878,84.3,1.821,266.0,4.146,486.65,17.878,0.0,31.4,44.2,13.38,292.7,401.48,-108.78,85.17,348.83,457.61,,W,,16.15
001HI,2024-01-16T00:45:00Z,19.072,84.4,1.795,252.2,3.56,640.73,17.922,0.0,31.4,44.2,13.38,405.52,522.77,-117.25,117.96,354.67,471.92,,WSW,,16.36
001HI,2024-01-16T00:50:00Z,19.589,82.5,1.687,232.6,2.742,613.75,17.878,0.0,31.4,44.2,13.37,399.22,503.54,-104.33,110.2,372.42,476.75,,SW,,16.51
001HI,2024-01-16T00:55:00Z,19.35,82.7,1.667,254.2,3.462,569.91,17.872,0.0,31.4,44.2,13.35,353.46,467.23,-113.77,102.68,358.62,472.39,,WSW,,16.31
001HI,2024-01-16T01:00:00Z,19.028,83.7,1.584,234.9,3.236,560.48,17.911,0.0,31.4,44.1,13.35,323.77,456.27,-132.5,104.21,335.7,468.2,,SW,,16.19
001HI,2024-01-16T01:05:00Z,19.061,83.6,1.842,267.4,3.56,614.0,17.972,0.0,31.3,44.1,13.35,341.97,494.25,-152.28,119.76,323.18,475.46,,W,,16.2
001HI,2024-01-16T01:10:00Z,19.25,83.1,1.523,227.2,3.138,515.08,18.028,0.0,31.4,44.1,13.24,249.14,414.48,-165.34,100.6,306.92,472.26,,SW,,16.29
001HI,2024-01-16T01:15:00Z,19.289,82.8,1.595,252.6,3.04,556.93,18.111,0.0,31.3,44.1,13.24,282.17,445.57,-163.4,111.36,308.11,471.51,,WSW,,16.27
001HI,2024-01-16T01:20:00Z,19.55,81.3,1.79,261.2,3.791,553.22,18.178,0.0,31.3,44.1,13.17,280.43,441.17,-160.73,112.05,311.31,472.05,,W,,16.24
001HI,2024-01-16T01:25:00Z,18.922,83.8,1.687,262.4,2.973,341.28,18.289,0.0,31.3,44.1,13.26,137.28,277.61,-140.33,63.67,314.46,454.8,,W,,16.1
001HI,2024-01-16T01:30:00Z,18.722,85.6,1.847,268.9,4.085,452.77,18.439,0.0,31.3,44.1,13.33,229.47,364.4,-134.93,88.37,326.06,460.99,,W,,16.24
001HI,2024-01-16T01:35:00Z,18.45,87.4,1.116,242.1,2.027,294.6,18.572,0.0,31.3,44.1,13.35,150.5,241.43,-90.93,53.18,355.07,446.0,,WSW,,16.3
001HI,2024-01-16T01:40:00Z,18.911,86.2,1.399,285.7,3.755,582.08,18.611,0.0,31.3,44.1,13.35,361.35,466.8,-105.45,115.28,370.75,476.2,,WNW,,16.54
001HI,2024-01-16T01:45:00Z,19.028,84.4,1.61,259.3,3.462,326.68,18.539,0.0,31.3,44.1,13.35,165.99,267.98,-101.99,58.7,351.5,453.49,,W,,16.32
001HI,2024-01-16T01:50:00Z,18.628,85.9,1.533,276.7,3.334,368.09,18.628,0.0,31.3,44.1,13.35,186.13,295.42,-109.29,72.67,341.58,450.86,,W,,16.2
001HI,2024-01-16T01:55:00Z,18.761,85.4,1.687,261.0,3.2,297.02,18.7,0.0,31.3,44.1,13.35,129.32,241.0,-111.69,56.02,337.57,449.26,,W,,16.24
001HI,2024-01-16T02:00:00Z,18.539,86.4,1.157,252.1,2.284,327.97,18.778,0.0,31.3,44.1,13.34,174.81,265.33,-90.52,62.64,358.26,448.78,,WSW,,16.21
001HI,2024-01-16T02:05:00Z,18.722,85.7,1.25,256.5,2.186,245.63,18.822,0.0,31.3,44.1,13.35,132.55,203.18,-70.64,42.44,373.61,444.25,,WSW,,16.26
001HI,2024-01-16T02:10:00Z,18.328,86.9,1.199,251.9,2.613,224.78,18.872,0.0,31.3,44.1,13.36,135.19,188.48,-53.29,36.3,386.55,439.83,,WSW,,16.09
001HI,2024-01-16T02:15:00Z,18.322,87.7,1.296,237.7,2.644,256.45,18.922,0.0,31.3,44.1,13.38,152.97,212.29,-59.32,44.16,383.1,442.42,,WSW,,16.23
001HI,2024-01-16T02:20:00Z,18.311,87.2,1.157,234.0,2.449,173.8,18.939,0.0,31.3,44.1,13.37,96.75,146.54,-49.78,27.26,383.16,432.94,,SW,,16.13
001HI,2024-01-16T02:25:00Z,18.072,88.0,1.754,266.5,3.431,199.2,18.978,0.0,31.3,44.1,13.37,105.05,165.67,-60.62,33.53,372.2,432.82,,W,,16.04
001HI,2024-01-16T02:30:00Z,18.022,88.6,1.157,251.4,2.387,205.42,19.022,0.0,31.3,44.1,13.38,102.3,168.73,-66.43,36.69,366.26,432.69,,WSW,,16.1
001HI,2024-01-16T02:35:00Z,18.0,88.6,1.25,244.5,2.485,158.84,19.028,0.0,31.3,44.0,13.33,61.21,130.67,-69.47,28.17,358.3,427.77,,WSW,,16.07
001HI,2024-01-16T02:40:00Z,17.85,89.2,1.317,242.2,2.418,189.36,19.039,0.0,31.3,44.0,13.14,89.73,153.4,-63.67,35.96,365.72,429.39,,WSW,,16.03
001HI,2024-01-16T02:45:00Z,17.85,89.0,1.317,244.6,2.186,185.19,19.022,0.0,31.3,44.0,13.11,75.81,148.56,-72.74,36.63,355.87,428.61,,WSW,,16.0
001HI,2024-01-16T02:50:00Z,17.761,89.4,1.461,262.1,2.742,153.88,19.0,0.0,31.3,44.0,13.02,71.28,126.93,-55.65,26.96,370.69,426.34,,W,,15.98
001HI,2024-01-16T02:55:00Z,17.522,90.5,1.127,257.9,2.711,128.29,19.011,0.0,31.3,44.0,12.88,47.7,105.89,-58.2,22.39,364.27,422.46,,WSW,,15.94
001HI,2024-01-16T03:00:00Z,17.439,91.1,1.245,222.1,2.485,131.79,19.022,0.0,31.3,44.0,12.82,54.8,105.65,-50.85,26.13,370.93,421.78,,SW,,15.96
001HI,2024-01-16T03:05:00Z,17.6,90.2,0.705,242.9,1.667,149.49,19.0,0.0,31.3,44.0,12.81,30.5,115.48,-84.98,34.0,339.99,424.97,,WSW,,15.96
001HI,2024-01-16T03:10:00Z,17.65,89.7,1.188,269.7,2.742,146.9,18.972,0.0,31.3,44.0,12.77,-4.96,106.22,-111.17,40.69,309.11,420.28,,W,,15.92
001HI,2024-01-16T03:15:00Z,17.822,88.9,0.818,253.1,1.631,126.33,18.95,0.0,31.3,44.0,12.74,-30.14,87.68,-117.83,38.65,301.31,419.13,,WSW,,15.95
001HI,2024-01-16T03:20:00Z,17.711,89.1,1.214,290.8,2.644,121.93,18.939,0.0,31.3,44.0,12.73,-15.32,87.14,-102.47,34.79,316.18,418.64,,WNW,,15.88
001HI,2024-01-16T03:25:00Z,17.522,89.5,0.926,273.0,2.089,96.86,18.95,0.0,31.3,44.0,12.71,-39.38,68.55,-107.93,28.31,305.66,413.58,,W,,15.76
001HI,2024-01-16T03:30:00Z,17.328,89.9,1.204,282.6,2.32,122.46,18.972,0.0,31.3,44.0,12.71,-11.36,85.1,-96.45,37.36,317.68,414.13,,WNW,,15.64
001HI,2024-01-16T03:35:00Z,17.339,90.0,0.18,313.2,0.849,69.09,18.972,0.0,31.3,44.0,12.69,-44.58,49.94,-94.52,19.16,315.94,410.46,,NW,,15.67
001HI,2024-01-16T03:40:00Z,17.472,89.2,0.144,285.3,0.916,43.07,18.978,0.0,31.3,44.0,12.68,-58.47,32.68,-91.15,10.39,313.98,405.13,,WNW,,15.66
001HI,2024-01-16T03:45:00Z,17.311,89.5,0.087,288.9,0.818,28.0,19.011,0.0,31.3,44.0,12.66,-52.85,22.32,-75.17,5.68,327.27,402.44,,WNW,,15.55
001HI,2024-01-16T03:50:00Z,17.1,90.4,0.298,294.7,1.111,15.91,19.028,0.0,31.3,44.0,12.7,-31.17,13.28,-44.45,2.63,358.25,402.7,,WNW,,15.5
001HI,2024-01-16T03:55:00Z,16.911,91.4,0.093,324.6,0.751,13.15,19.022,0.0,31.3,44.0,12.72,-22.02,11.21,-33.23,1.95,370.29,403.51,,NW,,15.49
001HI,2024-01-16T04:00:00Z,16.772,91.6,0.242,335.3,1.338,7.11,19.0,0.0,31.3,44.0,12.71,-21.36,6.5,-27.86,0.61,374.97,402.83,,NNW,,15.39
001HI,2024-01-16T04:05:00Z,16.628,92.3,0.093,322.0,0.556,1.54,18.972,0.0,31.3,44.0,12.7,-22.32,2.41,-24.73,0.0,377.12,401.85,,NW,,15.36
001HI,2024-01-16T04:10:00Z,16.522,92.6,0.072,14.43,0.427,0.0,18.95,0.0,31.3,44.0,12.69,-31.59,0.11,-31.7,0.0,368.4,400.1,,NNE,,15.31
001HI,2024-01-16T04:15:00Z,16.45,92.8,0.129,350.9,0.72,0.0,18.922,0.0,31.3,44.0,12.68,-16.67,-0.42,-16.25,0.0,384.96,401.21,,N,,15.27
001HI,2024-01-16T04:20:00Z,16.378,92.9,0.031,353.5,0.525,0.0,18.889,0.0,31.3,44.0,12.67,-26.84,-1.44,-25.39,0.0,374.12,399.51,,N,,15.22
001HI,2024-01-16T04:25:00Z,16.289,93.1,0.036,19.87,0.525,0.0,18.861,0.0,31.3,44.0,12.66,-26.77,-1.85,-24.92,0.0,373.46,398.38,,NNE,,15.16
001HI,2024-01-16T04:30:00Z,16.2,93.3,0.051,4.63,0.586,0.0,18.822,0.0,31.3,44.0,12.66,-13.57,-1.3,-12.27,0.0,387.49,399.76,,N,,15.11
001HI,2024-01-16T04:35:00Z,16.122,93.5,0.051,14.36,0.391,0.0,18.778,0.0,31.3,44.0,12.66,-17.36,-1.3,-16.05,0.0,383.12,399.17,,NNE,,15.06
001HI,2024-01-16T04:40:00Z,16.022,93.7,0.113,19.14,0.556,0.0,18.75,0.0,31.3,44.0,12.66,-22.85,-1.52,-21.33,0.0,376.56,397.89,,NNE,,15.0
001HI,2024-01-16T04:45:00Z,15.861,93.5,0.144,40.41,0.653,0.0,18.728,0.0,31.3,44.0,12.66,-48.68,-2.99,-45.69,0.0,348.19,393.88,,NE,,14.8
001HI,2024-01-16T04:50:00Z,15.611,93.3,0.242,38.51,0.622,0.0,18.722,0.0,31.3,44.0,12.65,-79.84,-5.24,-74.6,0.0,313.57,388.18,,NE,,14.52
001HI,2024-01-16T04:55:00Z,15.25,93.0,0.206,44.17,0.556,0.0,18.722,0.0,31.3,44.0,12.65,-99.76,-6.78,-92.98,0.0,289.75,382.73,,NE,,14.11
001HI,2024-01-16T05:00:00Z,14.872,93.1,0.304,48.41,0.947,0.0,18.728,0.0,31.3,44.0,12.64,-97.45,-6.82,-90.62,0.0,289.42,380.04,,NE,,13.76
001HI,2024-01-16T05:05:00Z,14.7,94.1,0.448,61.99,1.209,0.0,18.739,0.0,31.3,44.0,12.64,-96.41,-5.91,-90.5,0.0,289.25,379.74,,ENE,,13.75
001HI,2024-01-16T05:10:00Z,14.178,93.3,0.607,95.0,1.471,0.0,18.722,0.0,31.3,44.0,12.63,-97.91,-6.8,-91.11,0.0,285.92,377.02,,E,,13.1
001HI,2024-01-16T05:15:00Z,13.4,89.3,0.9,100.1,1.631,0.0,18.711,0.0,31.3,44.0,12.63,-94.09,-6.84,-87.25,0.0,286.09,373.34,,E,,11.66
001HI,2024-01-16T05:20:00Z,13.572,85.7,0.993,112.8,1.991,0.0,18.7,0.0,31.3,44.0,12.63,-90.79,-4.73,-86.06,0.0,286.14,372.2,,ESE,,11.2
001HI,2024-01-16T05:25:00Z,13.761,83.7,0.926,135.7,1.667,0.0,18.672,0.0,31.3,43.9,12.63,-90.35,-4.9,-85.46,0.0,285.19,370.64,,SE,,11.03
001HI,2024-01-16T05:30:00Z,14.0,80.7,0.854,124.6,1.209,0.0,18.622,0.0,31.3,43.9,12.63,-90.42,-4.91,-85.51,0.5,284.93,370.44,,SE,,10.7
001HI,2024-01-16T05:35:00Z,14.328,75.89,0.905,135.4,2.485,0.0,18.55,0.0,31.3,43.9,12.63,-90.63,-4.37,-86.26,1.53,284.83,371.09,,SE,,10.09
001HI,2024-01-16T05:40:00Z,14.961,72.31,0.684,133.2,1.374,0.0,18.478,0.0,31.3,44.0,12.63,-91.5,-5.11,-86.39,1.86,283.37,369.76,,SE,,9.98
001HI,2024-01-16T05:45:00Z,14.7,73.26,0.731,129.3,1.471,0.0,18.422,0.0,31.3,43.9,12.63,-88.79,-4.59,-84.2,0.79,283.68,367.87,,SE,,9.92
001HI,2024-01-16T05:50:00Z,14.478,70.94,0.947,164.0,2.778,0.0,18.361,0.0,31.3,43.9,12.62,-90.44,-5.15,-85.28,1.25,283.05,368.34,,SSE,,9.23
001HI,2024-01-16T05:55:00Z,15.672,65.23,1.044,179.0,2.937,0.0,18.289,0.0,31.3,43.9,12.63,-93.68,-6.28,-87.41,3.82,283.08,370.49,,S,,9.11
001HI,2024-01-16T06:00:00Z,15.061,67.38,0.674,164.1,1.276,0.0,18.211,0.0,31.3,43.9,12.62,-87.76,-5.46,-82.3,0.71,284.83,367.13,,SSE,,9.01
001HI,2024-01-16T06:05:00Z,14.672,69.66,0.761,167.3,1.991,0.0,18.161,0.0,31.3,43.9,12.62,-85.96,-5.28,-80.69,0.93,286.51,367.2,,SSE,,9.14
001HI,2024-01-16T06:10:00Z,15.489,65.15,1.404,190.7,2.485,0.0,18.089,0.0,31.3,43.9,12.62,-89.18,-6.03,-83.15,3.64,287.31,370.46,,S,,8.92
001HI,2024-01-16T06:15:00Z,15.9,63.16,1.394,190.6,2.546,0.0,18.0,0.0,31.3,43.9,12.62,-88.26,-6.13,-82.13,3.41,289.57,371.7,,S,,8.85
001HI,2024-01-16T06:20:00Z,16.039,62.74,1.512,199.8,2.68,0.0,17.922,0.0,31.3,43.9,12.62,-87.84,-6.24,-81.6,3.59,291.63,373.23,,SSW,,8.88
001HI,2024-01-16T06:25:00Z,16.422,69.59,1.075,240.6,3.004,0.0,17.839,0.0,31.3,43.9,12.62,-89.72,-6.28,-83.44,3.58,293.8,377.24,,WSW,,10.8
001HI,2024-01-16T06:30:00Z,16.822,75.45,1.25,211.6,2.32,0.0,17.75,0.0,31.4,43.9,12.62,-92.24,-6.43,-85.81,3.56,295.17,380.98,,SSW,,12.42
001HI,2024-01-16T06:35:00Z,16.728,80.4,1.255,204.0,3.298,0.0,17.678,0.0,31.3,43.9,12.51,-93.77,-6.44,-87.34,2.58,294.85,382.19,,SSW,,13.31
001HI,2024-01-16T06:40:00Z,16.578,83.0,0.797,151.8,1.929,0.0,17.611,0.0,31.4,43.9,12.5,-91.14,-6.01,-85.13,1.48,295.34,380.46,,SSE,,13.66
001HI,2024-01-16T06:45:00Z,16.5,83.7,0.823,191.0,2.583,0.0,17.578,0.0,31.3,43.9,12.49,-91.13,-5.95,-85.18,1.69,296.24,381.41,,S,,13.71
001HI,2024-01-16T06:50:00Z,16.55,82.7,0.165,114.0,1.111,0.0,17.55,0.0,31.4,43.9,12.49,-87.1,-5.92,-81.18,1.0,295.99,377.18,,ESE,,13.57
001HI,2024-01-16T06:55:00Z,16.189,82.9,0.581,222.2,2.418,0.0,17.539,0.0,31.4,43.9,12.49,-88.09,-5.54,-82.55,0.66,295.75,378.3,,SW,,13.26
001HI,2024-01-16T07:00:00Z,16.611,82.9,1.826,254.5,4.213,0.0,17.5,0.0,31.4,43.9,12.49,-95.08,-5.8,-89.28,2.64,295.31,384.59,,WSW,,13.67
001HI,2024-01-16T07:05:00Z,16.75,84.5,1.929,199.6,5.227,0.0,17.45,0.0,31.4,43.9,12.49,-95.88,-6.21,-89.66,2.11,295.58,385.24,,SSW,,14.1
001HI,2024-01-16T07:10:00Z,16.561,85.5,1.816,203.2,4.244,0.0,17.411,0.0,31.3,43.9,12.48,-94.96,-6.12,-88.84,1.43,296.07,384.91,,SSW,,14.1
001HI,2024-01-16T07:15:00Z,16.478,86.4,1.749,224.7,3.627,0.0,17.378,0.0,31.3,43.9,12.48,-96.08,-6.12,-89.96,1.16,295.01,384.97,,SW,,14.18
001HI,2024-01-16T07:20:00Z,16.478,84.7,2.058,217.2,3.889,0.0,17.361,0.0,31.4,43.9,12.48,-96.96,-6.05,-90.91,1.53,294.91,385.83,,SW,,13.87
001HI,2024-01-16T07:25:00Z,16.7,82.9,2.042,226.7,3.755,0.0,17.339,0.0,31.4,43.9,12.48,-97.54,-6.06,-91.47,1.64,294.45,385.92,,SW,,13.76
001HI,2024-01-16T07:30:00Z,16.978,79.57,2.377,230.6,5.355,0.0,17.322,0.0,31.3,43.9,12.48,-97.92,-5.93,-91.99,2.07,294.14,386.13,,SW,,13.39
001HI,2024-01-16T07:35:00Z,17.172,76.29,3.56,198.9,8.92,0.0,17.3,0.0,31.4,43.9,12.48,-95.81,-5.61,-90.2,1.84,296.46,386.66,,SSW,,12.93
001HI,2024-01-16T07:40:00Z,16.972,76.58,2.027,194.6,4.604,0.0,17.278,0.0,31.3,43.9,12.51,-93.78,-5.63,-88.15,0.69,296.48,384.64,,SSW,,12.8
001HI,2024-01-16T07:45:00Z,16.839,78.42,1.677,197.9,3.755,0.0,17.272,0.0,31.4,43.9,12.58,-93.23,-5.94,-87.29,0.75,296.39,383.68,,SSW,,13.03
001HI,2024-01-16T07:50:00Z,17.172,76.73,2.984,201.4,5.88,0.0,17.25,0.0,31.3,43.9,12.57,-94.99,-5.8,-89.19,2.0,297.6,386.79,,SSW,,13.02
001HI,2024-01-16T07:55:00Z,18.011,72.65,3.601,214.1,8.102,0.0,17.222,0.0,31.3,43.9,12.57,-95.75,-5.44,-90.31,2.85,299.61,389.92,,SW,,12.99
001HI,2024-01-16T08:00:00Z,18.072,73.57,4.018,221.1,8.951,0.0,17.161,0.0,31.3,43.9,12.58,-94.85,-5.18,-89.67,1.7,301.45,391.12,,SW,,13.24
001HI,2024-01-16T08:05:00Z,18.0,77.59,3.894,219.2,8.591,0.0,17.111,0.0,31.3,43.9,12.58,-90.97,-4.6,-86.37,0.91,306.61,392.98,,SW,,14.0
001HI,2024-01-16T08:10:00Z,17.761,79.66,3.771,215.0,8.463,0.0,17.072,0.0,31.3,43.9,12.57,-94.94,-4.83,-90.12,0.47,302.55,392.66,,SW,,14.17
001HI,2024-01-16T08:15:00Z,17.622,81.0,3.617,220.1,7.254,0.0,17.061,0.0,31.3,43.9,12.56,-96.67,-4.97,-91.7,0.4,300.6,392.3,,SW,,14.3
001HI,2024-01-16T08:20:00Z,17.378,81.7,3.03,216.2,5.489,0.0,17.072,0.0,31.3,43.9,12.56,-96.48,-5.17,-91.31,0.3,299.77,391.08,,SW,,14.19
001HI,2024-01-16T08:25:00Z,17.389,80.8,3.215,222.9,7.712,0.0,17.078,0.0,31.3,43.9,12.56,-96.56,-5.19,-91.38,0.67,299.64,391.02,,SW,,14.03
001HI,2024-01-16T08:30:00Z,17.45,80.2,3.143,226.2,6.533,0.0,17.072,0.0,31.3,43.9,12.56,-97.51,-5.2,-92.32,0.81,298.9,391.22,,SW,,13.98
001HI,2024-01-16T08:35:00Z,17.389,80.4,2.588,230.3,5.031,0.0,17.072,0.0,31.3,43.9,12.55,-97.47,-5.33,-92.14,0.73,298.41,390.55,,SW,,13.96
001HI,2024-01-16T08:40:00Z,17.272,81.1,2.958,224.4,7.058,0.0,17.061,0.0,31.3,43.8,12.55,-97.73,-5.34,-92.39,0.59,297.92,390.32,,SW,,13.98
001HI,2024-01-16T08:45:00Z,17.4,78.41,3.133,230.5,6.369,0.0,17.05,0.0,31.3,43.8,12.55,-98.11,-5.32,-92.79,1.11,297.59,390.38,,SW,,13.58
001HI,2024-01-16T08:50:00Z,17.789,74.9,3.992,232.6,7.809,0.0,17.039,0.0,31.3,43.9,12.55,-94.76,-5.01,-89.75,1.69,302.11,391.86,,SW,,13.25
001HI,2024-01-16T08:55:00Z,18.089,74.46,3.256,242.4,6.991,0.0,17.022,0.0,31.3,43.9,12.56,-92.59,-4.87,-87.71,1.46,304.85,392.56,,WSW,,13.45
001HI,2024-01-16T09:00:00Z,17.761,79.12,2.809,232.6,5.654,0.0,17.0,0.0,31.3,43.9,12.56,-93.48,-4.96,-88.51,0.38,303.72,392.24,,SW,,14.07
001HI,2024-01-16T09:05:00Z,17.372,82.4,2.402,229.9,6.045,0.0,16.989,0.0,31.3,43.9,12.55,-94.08,-5.15,-88.93,0.01,302.13,391.06,,SW,,14.32
001HI,2024-01-16T09:10:00Z,17.161,86.1,2.104,225.6,4.378,0.0,17.0,0.0,31.3,43.8,12.55,-93.95,-5.44,-88.52,0.11,302.37,390.89,,SW,,14.8
001HI,2024-01-16T09:15:00Z,17.5,83.9,3.076,237.4,7.449,0.0,16.989,0.0,31.3,43.8,12.54,-95.02,-5.26,-89.76,1.52,303.27,393.02,,WSW,,14.73
001HI,2024-01-16T09:20:00Z,18.178,80.2,3.807,224.4,7.285,0.0,16.978,0.0,31.3,43.9,12.54,-96.7,-5.13,-91.57,2.09,303.36,394.93,,SW,,14.69
001HI,2024-01-16T09:25:00Z,18.089,82.2,4.162,225.3,7.187,0.0,16.95,0.0,31.3,43.8,12.54,-96.89,-4.9,-91.99,0.93,303.44,395.43,,SW,,14.98
001HI,2024-01-16T09:30:00Z,17.628,85.7,3.251,226.1,6.436,0.0,16.939,0.0,31.3,43.8,12.54,-94.98,-4.83,-90.15,0.02,304.21,394.36,,SW,,15.19
001HI,2024-01-16T09:35:00Z,17.522,86.3,3.164,225.0,6.369,0.0,16.939,0.0,31.3,43.8,12.45,-94.13,-5.01,-89.13,0.42,305.09,394.21,,SW,,15.19
001HI,2024-01-16T09:40:00Z,17.672,85.4,3.462,232.3,6.436,0.0,16.939,0.0,31.3,43.8,12.44,-90.42,-4.85,-85.58,0.86,309.49,395.07,,SW,,15.17
001HI,2024-01-16T09:45:00Z,18.161,82.6,3.658,228.6,8.92,0.0,16.928,0.0,31.3,43.8,12.44,-87.55,-4.65,-82.9,1.59,313.57,396.47,,SW,,15.13
001HI,2024-01-16T09:50:00Z,18.472,80.3,4.162,229.6,8.72,0.0,16.911,0.0,31.3,43.8,12.44,-87.55,-4.39,-83.16,1.51,314.38,397.54,,SW,,14.99
001HI,2024-01-16T09:55:00Z,18.389,80.1,3.581,229.3,6.631,0.0,16.9,0.0,31.3,43.8,12.46,-86.04,-4.37,-81.68,0.62,315.16,396.84,,SW,,14.87
