# STATION: 002HI
# STATION NAME: Park HQ
# LATITUDE: 20.75980
# LONGITUDE: -156.24820
# ELEVATION [ft]: 6936.0
# STATE: HI
Station_ID,Date_Time,pressure_set_1,air_temp_set_1,relative_humidity_set_1,wind_speed_set_1,wind_direction_set_1,wind_gust_set_1,solar_radiation_set_1,soil_temp_set_1,precip_accum_five_minute_set_1,soil_moisture_set_1,soil_moisture_set_2,volt_set_1,net_radiation_set_1,net_radiation_sw_set_1,net_radiation_lw_set_1,outgoing_radiation_sw_set_1,incoming_radiation_lw_set_1,outgoing_radiation_lw_set_1,wind_chill_set_1d,wind_cardinal_direction_set_1d,heat_index_set_1d,dew_point_temperature_set_1d,altimeter_set_1d,sea_level_pressure_set_1d,wet_bulb_temperature_set_1d
,,Pascals,Celsius,%,m/s,Degrees,m/s,W/m**2,Celsius,Millimeters,%,%,volts,W/m**2,W/m**2,W/m**2,W/m**2,W/m**2,W/m**2,Celsius,code,Celsius,Celsius,Pascals,Pascals,Celsius
002HI,2024-01-15T10:05:00Z,78950.0,12.572,28.94,1.713,214.0,3.627,0.0,9.933,0.0,40.4,66.5,12.5,-111.16,-6.86,-104.31,0.97,247.65,351.96,,SW,,-5.13,102082.8,101053.41,
002HI,2024-01-15T10:10:00Z,78950.0,12.4,29.35,1.898,207.0,2.84,0.0,9.922,0.0,40.4,66.5,12.5,-111.44,-6.69,-104.74,1.07,247.42,352.17,,SSW,,-5.1,102082.8,101068.09,
002HI,2024-01-15T10:15:00Z,78950.0,12.372,28.94,2.083,201.0,3.298,0.0,9.922,0.0,40.4,66.4,12.5,-111.16,-6.48,-104.68,1.3,247.59,352.27,,SSW,,-5.31,102082.8,101070.49,
002HI,2024-01-15T10:20:00Z,78950.0,12.55,28.39,2.135,208.8,3.987,0.0,9.906,0.0,40.4,66.4,12.5,-111.17,-6.49,-104.68,1.55,247.9,352.57,,SSW,,-5.41,102082.8,101055.3,
002HI,2024-01-15T10:25:00Z,78940.0,12.661,28.14,2.197,208.4,3.658,0.0,9.883,0.0,40.4,66.4,12.4,-112.0,-6.67,-105.33,1.79,248.03,353.35,,SSW,,-5.43,102069.87,101033.05,
002HI,2024-01-15T10:30:00Z,78940.0,13.011,27.63,2.66,211.1,4.085,0.0,9.856,0.0,40.4,66.4,12.4,-113.21,-6.66,-106.55,2.13,248.27,354.81,,SSW,,-5.36,102069.87,101003.27,
002HI,2024-01-15T10:35:00Z,78930.0,13.178,27.62,2.372,209.4,5.098,0.0,9.822,0.0,40.4,66.3,12.4,-113.88,-6.69,-107.19,1.93,248.25,355.44,,SSW,,-5.22,102056.94,100976.29,
002HI,2024-01-15T10:40:00Z,78930.0,12.928,28.65,1.924,209.9,3.529,0.0,9.794,0.0,40.4,66.3,12.4,-113.0,-6.84,-106.15,1.12,247.85,354.0,,SSW,,-4.96,102056.94,100997.51,
002HI,2024-01-15T10:45:00Z,78930.0,12.572,29.44,2.15,215.4,3.951,0.0,9.783,0.0,40.4,66.3,12.49,-113.01,-6.77,-106.24,0.88,247.14,353.37,,SW,,-4.91,102056.94,101027.8,
002HI,2024-01-15T10:50:00Z,78930.0,12.328,30.18,2.094,208.4,3.56,0.0,9.778,0.0,40.4,66.3,12.48,-112.27,-6.63,-105.64,0.7,246.76,352.4,,SSW,,-4.79,102056.94,101048.61,
002HI,2024-01-15T10:55:00Z,78930.0,12.1,30.96,2.058,211.6,3.462,0.0,9.772,0.0,40.4,66.3,12.49,-112.14,-6.73,-105.41,0.8,246.41,351.82,,SSW,,-4.65,102056.94,101068.09,
002HI,2024-01-15T11:00:00Z,78920.0,11.911,31.51,2.202,210.7,3.791,0.0,9.767,0.0,40.4,66.3,12.48,-112.03,-6.62,-105.42,0.89,246.3,351.72,,SSW,,-4.59,102044.01,101071.46,
002HI,2024-01-15T11:05:00Z,78920.0,11.972,31.46,2.135,210.1,3.689,0.0,9.756,0.0,40.3,66.3,12.48,-112.32,-6.66,-105.66,1.26,245.9,351.56,,SSW,,-4.55,102044.01,101066.24,
002HI,2024-01-15T11:10:00Z,78920.0,11.972,31.35,2.15,206.9,3.236,0.0,9.733,0.0,40.3,66.2,12.48,-112.25,-6.61,-105.64,1.25,245.62,351.25,,SSW,,-4.6,102044.01,101066.24,
002HI,2024-01-15T11:15:00Z,78910.0,11.9,31.81,2.125,212.3,3.889,0.0,9.722,0.0,40.3,66.2,12.48,-112.27,-6.68,-105.59,1.24,245.31,350.9,,SSW,,-4.47,102031.08,101059.59,
002HI,2024-01-15T11:20:00Z,78910.0,11.772,32.17,2.083,207.6,3.791,0.0,9.706,0.0,40.3,66.2,12.48,-112.68,-6.71,-105.97,1.21,244.77,350.73,,SSW,,-4.43,102031.08,101070.56,
002HI,2024-01-15T11:25:00Z,78900.0,11.728,32.22,2.212,203.0,4.049,0.0,9.694,0.0,40.3,66.2,12.48,-112.39,-6.6,-105.79,1.27,244.97,350.76,,SSW,,-4.45,102018.15,101061.52,
002HI,2024-01-15T11:30:00Z,78900.0,11.889,31.9,2.264,211.3,4.116,0.0,9.672,0.0,40.3,66.2,12.47,-112.86,-6.68,-106.18,1.58,244.84,351.02,,SSW,,-4.44,102018.15,101047.72,
002HI,2024-01-15T11:35:00Z,78900.0,11.761,32.22,2.13,211.3,3.529,0.0,9.65,0.0,40.3,66.2,12.47,-112.23,-6.7,-105.53,1.3,244.93,350.46,,SSW,,-4.42,102018.15,101058.69,
002HI,2024-01-15T11:40:00Z,78900.0,11.728,31.8,2.042,204.5,3.102,0.0,9.633,0.0,40.3,66.2,12.47,-112.14,-6.55,-105.58,1.36,244.73,350.31,,SSW,,-4.62,102018.15,101061.53,
002HI,2024-01-15T11:45:00Z,78900.0,11.7,31.86,2.233,206.1,3.987,0.0,9.611,0.0,40.3,66.2,12.47,-112.65,-6.7,-105.95,1.35,244.48,350.43,,SSW,,-4.62,102018.15,101063.93,
002HI,2024-01-15T11:50:00Z,78890.0,11.739,31.81,2.192,204.4,3.627,0.0,9.594,0.0,40.3,66.2,12.47,-112.54,-6.57,-105.97,1.32,244.22,350.2,,SSW,,-4.61,102005.22,101047.78,
002HI,2024-01-15T11:55:00Z,78890.0,11.578,32.13,2.222,204.2,3.987,0.0,9.578,0.0,40.3,66.2,12.47,-112.36,-6.54,-105.82,1.2,244.16,349.98,,SSW,,-4.62,102005.22,101061.59,
002HI,2024-01-15T12:00:00Z,78880.0,11.589,32.22,2.068,208.7,3.591,0.0,9.556,0.0,40.3,66.2,12.46,-112.28,-6.61,-105.66,1.25,243.99,349.65,,SSW,,-4.57,101992.29,101047.83,
002HI,2024-01-15T12:05:00Z,78890.0,11.472,32.45,1.991,210.3,3.236,0.0,9.539,0.0,40.3,66.2,12.46,-111.98,-6.58,-105.4,1.09,243.83,349.23,,SSW,,-4.58,102005.22,101070.69,
002HI,2024-01-15T12:10:00Z,78890.0,11.122,33.67,1.62,202.9,3.334,0.0,9.522,0.0,40.2,66.1,12.47,-110.51,-6.53,-103.97,0.67,243.65,347.63,,SSW,,-4.4,102005.22,101100.79,
002HI,2024-01-15T12:15:00Z,78880.0,10.811,36.05,1.713,203.1,2.644,0.0,9.522,0.0,40.2,66.2,12.47,-110.23,-6.66,-103.57,0.66,243.21,346.78,,SSW,,-3.76,101992.29,101114.76,
002HI,2024-01-15T12:20:00Z,78880.0,10.489,37.42,1.533,201.9,2.742,0.0,9.517,0.0,40.2,66.1,12.46,-109.13,-6.5,-102.63,0.54,242.9,345.53,,SSW,,-3.55,101992.29,101142.58,
002HI,2024-01-15T12:25:00Z,78870.0,10.45,37.18,1.867,204.7,3.395,0.0,9.511,0.0,40.2,66.1,12.46,-109.11,-6.41,-102.7,1.11,243.19,345.89,,SSW,,-3.67,101979.36,101133.14,
002HI,2024-01-15T12:30:00Z,78870.0,10.628,36.39,1.775,207.2,3.462,0.0,9.494,0.0,40.2,66.1,12.46,-109.35,-6.5,-102.85,1.43,243.05,345.9,,SSW,,-3.8,101979.36,101117.75,
002HI,2024-01-15T12:35:00Z,78860.0,10.761,35.89,1.914,204.9,2.973,0.0,9.467,0.0,40.2,66.1,12.46,-109.87,-6.56,-103.31,1.78,242.84,346.15,,SSW,,-3.87,101966.43,101093.44,
002HI,2024-01-15T12:40:00Z,78850.0,10.761,36.03,1.991,207.0,3.004,0.0,9.444,0.0,40.2,66.1,12.45,-109.71,-6.54,-103.18,1.63,243.06,346.24,,SSW,,-3.82,101953.5,101080.62,
002HI,2024-01-15T12:45:00Z,78850.0,10.95,35.49,2.022,211.5,3.395,0.0,9.417,0.0,40.2,66.1,12.46,-110.21,-6.6,-103.6,1.85,243.15,346.75,,SSW,,-3.85,101953.5,101064.32,
002HI,2024-01-15T12:50:00Z,78850.0,11.061,34.08,2.202,204.7,3.755,0.0,9.378,0.0,40.2,66.1,12.46,-110.69,-6.54,-104.15,1.93,243.41,347.56,,SSW,,-4.29,101953.5,101054.77,
002HI,2024-01-15T12:55:00Z,78850.0,11.372,33.26,2.33,206.8,4.213,0.0,9.344,0.0,40.2,66.1,12.46,-111.67,-6.57,-105.11,2.16,243.55,348.65,,SSW,,-4.34,101953.5,101028.02,
002HI,2024-01-15T13:00:00Z,78840.0,11.489,33.35,2.305,203.8,3.658,0.0,9.311,0.0,40.2,66.1,12.45,-112.02,-6.46,-105.57,1.81,243.51,349.08,,SSW,,-4.2,101940.57,101005.15,
002HI,2024-01-15T13:05:00Z,78840.0,11.461,33.04,2.32,208.1,3.951,0.0,9.289,0.0,40.2,66.1,12.45,-112.06,-6.58,-105.48,1.63,243.6,349.07,,SSW,,-4.35,101940.57,101007.56,
002HI,2024-01-15T13:10:00Z,78840.0,11.789,31.37,2.361,210.4,3.951,0.0,9.261,0.0,40.2,66.1,12.45,-112.52,-6.69,-105.83,2.03,243.86,349.69,,SSW,,-4.75,101940.57,100979.46,
002HI,2024-01-15T13:15:00Z,78840.0,11.861,31.31,2.207,212.2,3.395,0.0,9.233,0.0,40.2,66.1,12.45,-112.09,-6.66,-105.44,1.69,244.18,349.62,,SSW,,-4.71,101940.57,100973.29,
002HI,2024-01-15T13:20:00Z,78850.0,11.722,31.91,2.13,212.7,3.951,0.0,9.217,0.0,40.2,66.1,12.36,-111.67,-6.67,-105.01,1.37,244.19,349.19,,SSW,,-4.58,101953.5,100998.0,
002HI,2024-01-15T13:25:00Z,78850.0,11.472,33.12,1.888,209.3,3.004,0.0,9.206,0.0,40.1,66.1,12.36,-111.12,-6.71,-104.41,1.0,243.92,348.34,,SSW,,-4.31,101953.5,101019.43,
002HI,2024-01-15T13:30:00Z,78840.0,11.278,33.51,2.202,202.0,3.298,0.0,9.2,0.0,40.1,66.1,12.36,-111.28,-6.39,-104.88,0.88,243.32,348.2,,SSW,,-4.33,101940.57,101023.29,
002HI,2024-01-15T13:35:00Z,78840.0,11.139,33.72,2.325,200.9,4.146,0.0,9.189,0.0,40.1,66.1,12.36,-111.44,-6.29,-105.15,1.02,243.07,348.22,,SSW,,-4.37,101940.57,101035.25,
002HI,2024-01-15T13:40:00Z,78840.0,11.378,33.09,2.49,203.6,4.146,0.0,9.178,0.0,40.1,66.1,12.36,-111.91,-6.39,-105.52,1.45,243.4,348.92,,SSW,,-4.4,101940.57,101014.7,
002HI,2024-01-15T13:45:00Z,78850.0,11.422,32.7,2.469,209.9,4.146,0.0,9.156,0.0,40.1,66.1,12.44,-112.08,-6.44,-105.64,1.35,243.24,348.88,,SSW,,-4.52,101953.5,101023.73,
002HI,2024-01-15T13:50:00Z,78850.0,11.222,33.21,2.032,210.7,3.658,0.0,9.139,0.0,40.1,66.0,12.44,-111.22,-6.59,-104.63,1.05,243.39,348.02,,SSW,,-4.49,101953.5,101040.93,
002HI,2024-01-15T13:55:00Z,78850.0,11.25,32.95,2.166,202.8,3.462,0.0,9.128,0.0,40.1,66.0,12.44,-111.02,-6.4,-104.62,1.19,243.28,347.9,,SSW,,-4.57,101953.5,101038.52,
002HI,2024-01-15T14:00:00Z,78850.0,11.039,33.5,2.294,202.1,3.853,0.0,9.117,0.0,40.1,66.0,12.45,-111.3,-6.36,-104.95,1.06,242.76,347.71,,SSW,,-4.54,101953.5,101056.68,
002HI,2024-01-15T14:05:00Z,78850.0,11.1,32.84,2.228,195.9,3.755,0.0,9.106,0.0,40.1,66.0,12.44,-110.98,-6.38,-104.61,1.11,242.66,347.27,,SSW,,-4.75,101953.5,101051.44,
002HI,2024-01-15T14:10:00Z,78860.0,11.0,32.6,2.372,208.1,4.378,0.0,9.094,0.0,40.1,66.0,12.44,-111.23,-6.44,-104.8,1.19,242.51,347.3,,SSW,,-4.94,101966.43,101072.88,
002HI,2024-01-15T14:15:00Z,78860.0,11.261,31.83,2.156,206.9,3.791,0.0,9.078,0.0,40.1,66.0,12.44,-111.98,-6.67,-105.31,1.67,242.36,347.67,,SSW,,-5.02,101966.43,101050.41,
002HI,2024-01-15T14:20:00Z,78860.0,11.339,31.35,2.5,207.4,3.689,0.0,9.056,0.0,40.1,66.0,12.44,-112.67,-6.48,-106.19,1.68,241.99,348.18,,SSW,,-5.16,101966.43,101043.71,
002HI,2024-01-15T14:25:00Z,78850.0,11.472,30.98,2.135,201.0,3.334,0.0,9.033,0.0,40.1,66.0,12.44,-113.06,-6.65,-106.41,1.59,241.45,347.86,,SSW,,-5.2,101953.5,101019.47,
002HI,2024-01-15T14:30:00Z,78860.0,11.011,32.29,1.837,200.1,2.711,0.0,9.022,0.0,40.1,66.0,12.44,-111.48,-6.63,-104.85,0.67,241.33,346.18,,SSW,,-5.05,101966.43,101071.94,
002HI,2024-01-15T14:35:00Z,78860.0,10.811,32.59,2.099,198.9,3.395,0.0,9.017,0.0,40.0,66.0,12.44,-112.21,-6.51,-105.7,0.86,240.43,346.13,,SSW,,-5.11,101966.43,101089.19,
002HI,2024-01-15T14:40:00Z,78860.0,10.911,32.33,2.047,196.6,3.071,0.0,9.011,0.0,40.0,66.0,12.44,-112.21,-6.39,-105.81,1.16,240.41,346.23,,SSW,,-5.13,101966.43,101080.56,
002HI,2024-01-15T14:45:00Z,78860.0,11.011,31.72,2.176,197.7,3.236,0.0,9.0,0.0,40.0,66.0,12.44,-112.06,-6.44,-105.62,1.4,240.61,346.23,,SSW,,-5.29,101966.43,101071.95,
002HI,2024-01-15T14:50:00Z,78860.0,11.011,31.48,2.156,194.5,3.267,0.0,8.983,0.0,40.0,66.0,12.44,-112.05,-6.42,-105.63,1.28,240.4,346.03,,SSW,,-5.39,101966.43,101071.95,
002HI,2024-01-15T14:55:00Z,78860.0,11.15,30.56,2.171,201.3,3.431,0.0,8.967,0.0,40.0,66.0,12.43,-112.14,-6.44,-105.7,1.54,240.69,346.4,,SSW,,-5.66,101966.43,101059.99,
002HI,2024-01-15T15:00:00Z,78860.0,11.3,29.5,2.047,207.8,3.853,0.0,8.944,0.0,40.0,66.0,12.44,-112.45,-6.61,-105.84,1.69,240.74,346.58,,SSW,,-5.99,101966.43,101047.1,
002HI,2024-01-15T15:05:00Z,78860.0,11.589,27.76,2.032,215.3,3.071,0.0,8.922,0.0,40.0,65.9,12.44,-113.0,-6.9,-106.11,2.04,240.73,346.83,,SW,,-6.53,101966.43,101022.3,
002HI,2024-01-15T15:10:00Z,78850.0,11.761,27.01,2.279,192.8,3.725,0.0,8.9,0.0,40.0,65.9,12.44,-112.99,-6.73,-106.25,1.94,241.19,347.45,,SSW,,-6.74,101953.5,100994.76,
002HI,2024-01-15T15:15:00Z,78850.0,11.8,26.56,2.485,198.6,4.507,0.0,8.878,0.0,40.0,65.9,12.44,-113.16,-6.39,-106.77,1.72,241.59,348.36,,SSW,,-6.93,101953.5,100991.42,
002HI,2024-01-15T15:20:00Z,78860.0,12.211,25.39,2.438,199.2,3.689,0.0,8.85,0.0,40.0,65.9,12.44,-114.52,-6.73,-107.79,2.06,241.33,349.12,,SSW,,-7.16,101966.43,100969.09,
002HI,2024-01-15T15:25:00Z,78860.0,12.25,24.94,2.86,202.1,5.685,0.0,8.822,0.0,40.0,65.9,12.43,-115.23,-6.53,-108.7,1.67,241.36,350.06,,SSW,,-7.35,101966.43,100965.77,
002HI,2024-01-15T15:30:00Z,78860.0,12.422,24.58,2.912,207.3,5.391,0.0,8.794,0.0,40.0,65.9,12.44,-115.89,-6.64,-109.25,1.63,241.52,350.78,,SSW,,-7.4,101966.43,100951.1,
002HI,2024-01-15T15:35:00Z,78860.0,12.622,24.07,2.685,203.2,5.062,0.0,8.772,0.0,40.0,65.9,12.44,-116.21,-6.67,-109.54,1.6,241.69,351.23,,SSW,,-7.5,101966.43,100934.07,
002HI,2024-01-15T15:40:00Z,78860.0,12.4,24.17,2.721,200.0,4.378,0.0,8.756,0.0,40.0,65.9,12.44,-115.39,-6.43,-108.96,0.91,242.03,350.99,,SSW,,-7.63,101966.43,100952.98,
002HI,2024-01-15T15:45:00Z,78860.0,12.35,24.16,2.644,196.7,3.889,0.0,8.744,0.0,39.9,65.9,12.44,-114.76,-6.44,-108.32,0.92,242.16,350.48,,SSW,,-7.68,101966.43,100957.25,
002HI,2024-01-15T15:50:00Z,78860.0,12.378,24.06,2.546,203.4,4.702,0.0,8.739,0.0,39.9,65.9,12.44,-114.99,-6.58,-108.41,1.1,242.05,350.46,,SSW,,-7.71,101966.43,100954.86,
002HI,2024-01-15T15:55:00Z,78860.0,12.328,24.07,2.557,200.6,3.987,0.0,8.728,0.0,39.9,65.9,12.44,-114.93,-6.52,-108.41,0.98,241.87,350.28,,SSW,,-7.75,101966.43,100959.13,
002HI,2024-01-15T16:00:00Z,78860.0,12.311,24.07,2.516,201.4,4.543,0.0,8.722,0.0,39.9,65.9,12.43,-115.11,-6.58,-108.53,1.16,241.95,350.49,,SSW,,-7.76,101966.43,100960.58,
002HI,2024-01-15T16:05:00Z,78860.0,12.439,23.83,2.541,197.7,4.213,0.0,8.717,0.0,39.9,65.9,12.44,-115.47,-6.64,-108.83,1.22,241.72,350.55,,SSW,,-7.78,101966.43,100949.67,
002HI,2024-01-15T16:10:00Z,78860.0,12.439,23.59,2.541,198.0,4.182,0.0,8.706,0.0,39.9,65.9,12.44,-115.08,-6.51,-108.57,1.12,241.74,350.31,,SSW,,-7.91,101966.43,100949.67,
002HI,2024-01-15T16:15:00Z,78870.0,12.439,23.65,2.423,195.8,3.987,0.0,8.7,0.0,39.9,65.9,12.44,-115.58,-6.54,-109.04,1.14,241.34,350.38,,SSW,,-7.88,101979.36,100962.47,
002HI,2024-01-15T16:20:00Z,78870.0,12.422,23.5,2.567,195.3,4.604,0.0,8.689,0.0,39.9,65.8,12.44,-115.94,-6.52,-109.42,1.14,241.06,350.47,,SSW,,-7.97,101979.36,100963.92,
002HI,2024-01-15T16:25:00Z,78880.0,12.478,23.33,2.588,199.1,4.378,0.0,8.678,0.0,39.9,65.8,12.34,-115.84,-6.59,-109.25,1.22,241.37,350.62,,SSW,,-8.02,101992.29,100971.95,
002HI,2024-01-15T16:30:00Z,78880.0,12.272,24.05,2.341,193.2,4.085,0.0,8.672,0.0,39.9,65.8,12.35,-115.22,-6.66,-108.55,0.76,241.08,349.63,,SSW,,-7.8,101992.29,100989.52,
002HI,2024-01-15T16:35:00Z,78880.0,12.15,23.69,2.217,195.0,4.085,0.0,8.667,0.0,39.9,65.8,12.34,-114.53,-6.52,-108.02,0.74,241.0,349.01,,SSW,,-8.1,101992.29,100999.95,
002HI,2024-01-15T16:40:00Z,78880.0,12.25,22.47,2.613,193.9,4.018,0.0,8.667,0.0,39.9,65.8,12.34,-115.21,-6.52,-108.69,1.22,241.03,349.72,,SSW,,-8.69,101992.29,100991.43,
002HI,2024-01-15T16:45:00Z,78880.0,12.228,21.65,2.33,189.4,3.92,0.0,8.656,0.0,39.9,65.8,12.44,-114.51,-6.37,-108.14,0.97,240.9,349.04,,S,,-9.19,101992.29,100993.33,
002HI,2024-01-15T16:50:00Z,78880.0,12.222,21.15,2.212,198.1,3.627,0.0,8.644,0.0,39.8,65.8,12.44,-113.86,-6.16,-107.69,1.06,241.08,348.78,,SSW,,-9.49,101992.29,100993.85,
002HI,2024-01-15T16:55:00Z,78880.0,12.272,20.23,2.366,196.5,3.529,0.0,8.639,0.0,39.8,65.8,12.44,-113.4,-5.49,-107.91,1.27,240.94,348.85,,SSW,,-10.01,101992.29,100989.6,
002HI,2024-01-15T17:00:00Z,78880.0,12.339,19.5,2.078,194.6,3.853,0.0,8.628,0.0,39.8,65.8,12.44,,-4.48,-107.62,1.39,240.86,348.48,,SSW,,-10.41,101992.29,100983.89,
002HI,2024-01-15T17:05:00Z,78880.0,12.278,19.35,2.366,192.9,4.085,0.0,8.617,0.0,39.8,65.8,12.43,-110.89,-2.43,-108.45,1.6,240.64,349.1,,SSW,,-10.56,101992.29,100989.11,
002HI,2024-01-15T17:10:00Z,78880.0,12.239,19.56,2.377,187.8,3.725,1.48,8.6,0.0,39.8,65.8,12.43,-107.85,-0.02,-107.84,1.5,240.82,348.66,,S,,-10.46,101992.29,100992.43,
002HI,2024-01-15T17:15:00Z,78880.0,11.989,18.68,2.202,187.1,3.267,4.03,8.594,0.0,39.8,65.8,12.44,-104.63,2.57,-107.2,1.46,240.81,348.01,,S,,-11.24,101992.29,101013.83,
002HI,2024-01-15T17:20:00Z,78890.0,12.139,17.34,2.444,191.9,4.018,7.47,8.583,0.0,39.8,65.8,12.44,-102.67,5.38,-108.05,2.09,240.6,348.65,,SSW,,-12.04,102005.22,101013.83,
002HI,2024-01-15T17:25:00Z,78890.0,12.35,16.76,2.351,190.7,4.049,10.32,8.567,0.0,39.8,65.8,12.44,-100.32,8.04,-108.36,2.28,240.53,348.89,,S,,-12.29,102005.22,100995.82,
002HI,2024-01-15T17:30:00Z,78890.0,12.45,16.4,2.366,198.0,4.249,12.89,8.55,0.0,39.8,65.7,12.44,-98.62,10.38,-109.0,2.51,240.24,349.25,,SSW,,-12.47,102005.22,100987.29,
002HI,2024-01-15T17:35:00Z,78900.0,12.561,16.73,2.233,191.5,3.791,15.44,8.533,0.0,39.8,65.7,12.44,-97.0,12.75,-109.75,2.69,240.04,349.8,,SSW,,-12.13,102018.15,100990.62,
002HI,2024-01-15T17:40:00Z,78900.0,12.511,16.89,2.336,196.4,3.689,17.57,8.517,0.0,39.8,65.7,12.43,-95.13,14.98,-110.11,2.59,239.85,349.96,,SSW,,-12.06,102018.15,100994.88,
002HI,2024-01-15T17:45:00Z,78910.0,12.572,16.4,2.48,190.5,3.889,19.96,8.5,0.0,39.8,65.6,12.44,-93.38,17.09,-110.47,2.87,239.9,350.37,,S,,-12.37,102031.08,101002.49,
002HI,2024-01-15T17:50:00Z,78910.0,12.578,16.7,2.33,190.6,4.378,21.75,8.489,0.0,39.8,65.6,12.44,-91.49,18.85,-110.35,2.9,240.26,350.61,,S,,-12.14,102031.08,101001.97,
002HI,2024-01-15T17:55:00Z,78910.0,12.25,17.17,2.428,189.3,3.56,23.25,8.478,0.0,39.8,65.6,12.44,-89.22,20.66,-109.88,2.59,240.18,350.06,,S,,-12.07,102031.08,101029.95,
002HI,2024-01-15T18:00:00Z,78910.0,12.422,17.16,2.474,187.8,4.507,25.46,8.472,0.0,39.7,65.6,12.44,-88.41,22.34,-110.75,3.12,239.81,350.56,,S,,-11.94,102031.08,101015.27,
002HI,2024-01-15T18:05:00Z,78910.0,12.561,16.6,2.474,188.0,3.92,27.19,8.467,0.0,39.7,65.6,12.45,-87.43,23.61,-111.04,3.58,239.88,350.91,,S,,-12.23,102031.08,101003.42,
002HI,2024-01-15T18:10:00Z,78920.0,12.661,15.3,2.125,190.8,3.529,104.06,8.456,0.0,39.7,65.6,12.47,-11.31,100.23,-111.55,3.83,239.0,350.55,,S,,-13.15,102044.01,101007.73,
002HI,2024-01-15T18:15:00Z,78920.0,13.25,14.37,2.068,195.9,3.822,245.18,8.45,0.0,39.7,65.6,12.47,127.65,240.68,-113.03,4.5,238.64,351.67,,SSW,,-13.44,102044.01,100957.69,
002HI,2024-01-15T18:20:00Z,78930.0,13.439,15.25,2.51,203.2,4.116,262.63,8.394,0.0,39.7,65.6,12.49,143.51,257.99,-114.47,4.64,238.53,353.01,,SSW,,-12.56,102056.94,100954.45,
002HI,2024-01-15T18:25:00Z,78930.0,13.622,15.58,2.346,196.5,3.951,284.28,8.328,0.0,39.7,65.6,12.5,163.3,278.89,-115.59,5.4,238.41,,,SSW,,-12.15,102056.94,100938.95,
002HI,2024-01-15T18:30:00Z,78920.0,13.711,15.35,2.5,198.5,4.573,303.14,8.283,0.0,39.7,65.6,12.5,180.62,296.86,-116.24,6.27,238.67,354.91,,SSW,,-12.26,102044.01,100918.65,
002HI,2024-01-15T18:35:00Z,78920.0,14.022,14.66,2.284,195.3,4.347,326.71,8.244,0.0,39.7,65.5,12.5,201.49,318.83,-117.35,7.88,238.76,356.11,,SSW,,-12.57,102044.01,100892.41,
002HI,2024-01-15T18:40:00Z,78920.0,14.128,13.77,2.557,204.7,5.16,347.29,8.206,0.0,39.7,65.6,12.51,220.08,338.24,-118.15,9.06,239.11,357.27,,SSW,,-13.25,102044.01,100883.5,
002HI,2024-01-15T18:45:00Z,78920.0,14.289,13.34,2.86,210.6,4.836,367.62,8.183,0.0,39.7,65.5,12.51,237.36,357.06,-119.7,10.56,239.04,358.74,,SSW,,-13.5,102044.01,100869.96,
002HI,2024-01-15T18:50:00Z,78930.0,14.339,13.36,2.269,212.2,3.987,387.37,8.161,0.0,39.7,65.5,12.51,255.59,375.7,-120.11,11.67,239.12,359.23,,SSW,,-13.45,102056.94,100878.54,
002HI,2024-01-15T18:55:00Z,78930.0,14.439,12.94,2.233,212.6,4.702,407.19,8.156,0.0,39.7,65.5,12.52,273.04,394.02,-120.97,13.17,239.32,360.29,,SSW,,-13.75,102056.94,100870.14,
002HI,2024-01-15T19:00:00Z,78930.0,14.578,12.83,2.109,213.8,4.671,426.67,8.144,0.0,39.7,65.5,12.52,289.67,411.73,-122.06,14.93,239.38,361.44,,SW,,-13.75,102056.94,100858.47,
002HI,2024-01-15T19:05:00Z,78930.0,14.661,13.64,2.222,227.1,4.378,446.06,8.133,0.0,39.6,65.5,12.53,306.92,429.79,-122.87,16.27,239.69,362.57,,SW,,-12.94,102056.94,100851.48,
002HI,2024-01-15T19:10:00Z,78940.0,14.839,13.96,2.274,226.7,4.573,465.8,8.122,0.0,39.6,65.5,12.54,323.34,447.78,-124.44,18.02,239.97,364.41,,SW,,-12.51,102069.87,100849.32,
002HI,2024-01-15T19:15:00Z,78940.0,15.028,14.21,2.212,236.0,4.867,484.61,8.111,0.0,39.6,65.5,12.54,339.62,465.11,-125.49,19.5,240.35,365.84,,SW,,-12.14,102069.87,100833.49,
002HI,2024-01-15T19:20:00Z,78940.0,15.178,14.36,2.557,236.9,4.085,503.12,8.1,0.0,39.6,65.5,12.55,355.23,481.89,-126.66,21.23,240.98,367.64,,WSW,,-11.89,102069.87,100820.94,
002HI,2024-01-15T19:25:00Z,78940.0,15.311,14.8,2.454,232.8,4.507,520.98,8.1,0.0,39.6,65.5,12.55,370.08,497.88,-127.8,23.1,241.29,369.09,,SW,,-11.41,102069.87,100809.82,
002HI,2024-01-15T19:30:00Z,78940.0,15.378,14.89,2.752,235.1,4.769,539.34,8.1,0.0,39.6,65.4,12.56,384.92,514.11,-129.18,25.23,241.44,370.62,,SW,,-11.28,102069.87,100804.22,
002HI,2024-01-15T19:35:00Z,78940.0,15.478,15.78,2.541,238.4,4.378,557.05,8.094,0.0,39.6,65.4,12.46,399.11,529.87,-130.76,27.18,241.47,372.23,,WSW,,-10.48,102069.87,100795.86,
002HI,2024-01-15T19:40:00Z,78950.0,15.6,15.44,2.649,237.6,4.311,574.55,8.1,0.0,39.6,65.4,12.47,413.5,545.65,-132.15,28.9,241.4,373.55,,WSW,,-10.65,102082.8,100798.47,
002HI,2024-01-15T19:45:00Z,78950.0,15.75,15.61,2.562,237.4,4.64,591.76,8.1,0.0,39.6,65.4,12.57,427.79,561.19,-133.4,30.57,241.83,375.23,,WSW,,-10.39,102082.8,100785.97,
002HI,2024-01-15T19:50:00Z,78950.0,15.85,17.07,2.274,222.2,4.507,607.91,8.111,0.0,39.6,65.4,12.58,440.6,575.76,-135.16,32.16,241.99,377.15,,SW,,-9.18,102082.8,100777.61,
002HI,2024-01-15T19:55:00Z,78950.0,16.089,16.38,2.444,229.2,4.573,624.6,8.122,0.0,39.6,65.4,12.58,453.89,590.79,-136.9,33.81,241.79,378.69,,SW,,-9.51,102082.8,100757.77,
002HI,2024-01-15T20:00:00Z,78950.0,16.25,16.99,2.48,239.7,4.738,640.18,8.139,0.0,39.6,65.4,12.59,466.35,604.83,-138.47,35.36,242.2,380.67,,WSW,,-8.92,102082.8,100744.39,
002HI,2024-01-15T20:05:00Z,78950.0,16.511,17.41,2.433,247.8,4.604,655.2,8.167,0.0,39.6,65.4,12.61,478.63,618.28,-139.65,36.92,243.02,382.67,,WSW,,-8.39,102082.8,100722.76,
002HI,2024-01-15T20:10:00Z,78950.0,16.739,18.63,2.31,257.2,4.213,670.26,8.189,0.0,39.6,65.4,12.67,490.21,631.8,-141.59,38.46,243.31,384.9,,WSW,,-7.33,102082.8,100703.87,
002HI,2024-01-15T20:15:00Z,78940.0,16.889,19.16,2.644,253.6,4.604,684.23,8.211,0.0,39.5,65.4,12.75,501.75,644.31,-142.56,39.92,243.92,386.48,,WSW,,-6.85,102069.87,100678.72,
002HI,2024-01-15T20:20:00Z,78940.0,16.928,18.37,2.644,254.7,4.311,698.63,8.239,0.0,39.5,65.4,12.81,513.34,657.16,-143.82,41.47,244.3,388.11,,WSW,,-7.36,102069.87,100675.52,
002HI,2024-01-15T20:25:00Z,78940.0,16.95,18.8,2.752,247.7,4.347,711.7,8.272,0.0,39.5,65.4,12.88,524.34,668.72,-144.38,42.98,245.04,389.42,,WSW,,-7.04,102069.87,100673.69,
002HI,2024-01-15T20:30:00Z,78930.0,16.95,19.39,2.644,251.0,4.543,724.9,8.3,0.0,39.5,65.4,12.99,534.99,680.45,-145.46,44.45,245.48,390.94,,WSW,,-6.64,102056.94,100660.92,
002HI,2024-01-15T20:35:00Z,78930.0,17.1,19.94,2.716,251.4,5.062,737.44,8.322,0.0,39.5,65.4,13.1,544.19,691.48,-147.28,45.96,245.66,392.95,,WSW,,-6.15,102056.94,100648.55,
002HI,2024-01-15T20:40:00Z,78920.0,17.089,20.75,2.881,249.2,4.964,749.55,8.35,0.0,39.5,65.4,13.23,555.23,702.81,-147.59,46.74,246.74,394.33,,WSW,,-5.64,102044.01,100636.68,
002HI,2024-01-15T20:45:00Z,78920.0,17.089,20.91,2.665,249.3,4.445,761.21,8.378,0.0,39.5,65.3,13.36,563.72,713.32,-149.6,47.89,246.45,396.05,,WSW,,-5.54,102044.01,100636.67,
002HI,2024-01-15T20:50:00Z,78910.0,17.528,21.4,2.253,250.8,3.791,772.78,8.411,0.0,39.5,65.3,13.49,571.07,723.4,-152.33,49.38,246.55,398.88,,WSW,,-4.87,102031.08,100587.81,
002HI,2024-01-15T20:55:00Z,78910.0,17.339,21.27,2.701,252.4,5.031,783.12,8.444,0.0,39.5,65.3,13.54,581.66,733.33,-151.67,49.78,247.98,399.66,,WSW,,-5.11,102031.08,100603.34,
002HI,2024-01-15T21:00:00Z,78900.0,17.55,22.75,2.66,260.8,5.196,794.31,8.494,0.0,39.5,65.3,13.53,590.61,743.3,-152.69,51.01,248.79,401.48,,W,,-4.04,102018.15,100573.21,
002HI,2024-01-15T21:05:00Z,78890.0,17.478,22.38,2.912,253.8,4.671,804.57,8.556,0.0,39.5,65.3,13.49,597.64,752.26,-154.62,52.31,248.17,402.79,,WSW,,-4.32,102005.22,100566.39,
002HI,2024-01-15T21:10:00Z,78880.0,17.661,22.57,2.696,255.3,4.409,814.27,8.628,0.0,39.5,65.3,13.49,604.75,760.57,-155.83,53.7,248.66,404.48,,WSW,,-4.05,101992.29,100538.62,
002HI,2024-01-15T21:15:00Z,78870.0,17.678,22.45,2.773,252.0,4.311,,8.711,0.0,39.5,65.3,13.54,611.13,768.33,-157.2,54.67,248.64,405.84,,WSW,,-4.11,101979.36,100524.49,
002HI,2024-01-15T21:20:00Z,78870.0,17.65,22.91,2.876,246.8,5.062,830.71,8.794,0.0,39.4,65.3,13.63,617.81,775.11,-157.3,55.6,249.71,407.01,,WSW,,-3.86,101979.36,100526.77,
002HI,2024-01-15T21:25:00Z,78860.0,17.789,23.83,2.48,256.2,5.324,838.22,8.872,0.0,39.4,65.3,13.73,622.45,781.66,-159.21,56.56,250.14,409.34,,WSW,,-3.22,101966.43,100502.61,
002HI,2024-01-15T21:30:00Z,78860.0,18.061,25.09,2.629,256.5,4.867,845.25,8.939,0.0,39.4,65.3,13.92,626.74,787.42,-160.68,57.83,250.79,411.47,,WSW,,-2.3,101966.43,100480.32,
002HI,2024-01-15T21:35:00Z,78850.0,17.95,25.94,2.757,261.1,5.098,851.73,9.0,0.0,39.4,65.3,14.25,632.48,793.42,-160.94,58.31,251.14,412.08,,W,,-1.94,101953.5,100476.62,
002HI,2024-01-15T21:40:00Z,78840.0,18.078,27.62,2.408,258.7,4.146,857.67,9.067,0.0,39.4,65.2,14.26,635.86,798.15,-162.29,59.52,251.97,414.26,,WSW,,-0.98,101940.57,100453.37,
002HI,2024-01-15T21:45:00Z,78830.0,18.3,30.08,2.546,250.1,4.573,862.42,9.133,0.0,39.4,65.2,14.19,637.97,801.47,-163.51,60.95,252.98,416.49,,WSW,,0.39,101927.64,100422.43,
002HI,2024-01-15T21:50:00Z,78830.0,18.322,29.74,2.346,245.5,4.249,867.6,9.194,0.0,39.4,65.2,14.27,640.66,805.71,-165.05,61.89,253.32,418.37,,WSW,,0.25,101927.64,100420.65,
002HI,2024-01-15T21:55:00Z,78820.0,18.661,28.71,2.516,254.5,4.311,873.07,9.256,0.0,39.4,65.2,14.25,642.76,809.76,-167.0,63.31,253.66,420.66,,WSW,,0.06,101914.71,100380.34,
002HI,2024-01-15T22:00:00Z,78810.0,18.911,28.4,2.716,259.9,4.64,876.97,9.322,0.0,39.4,65.2,14.18,645.97,813.26,-167.29,63.71,253.74,421.03,,W,,0.13,101901.78,100347.3,
002HI,2024-01-15T22:05:00Z,78810.0,18.989,30.18,2.757,265.6,4.018,880.04,9.383,0.0,39.4,65.2,14.26,647.89,815.45,-167.57,64.58,254.85,422.41,,W,,1.04,101901.78,100340.92,
002HI,2024-01-15T22:10:00Z,78800.0,19.139,29.47,2.706,270.7,4.702,884.38,9.439,0.0,39.4,65.2,14.21,648.88,818.58,-169.71,65.79,254.19,423.9,,W,,0.84,101888.85,100316.05,
002HI,2024-01-15T22:15:00Z,78790.0,19.128,31.21,2.526,258.6,5.649,886.35,9.506,0.0,39.4,65.2,14.23,649.16,819.68,-170.52,66.68,254.54,425.06,,WSW,,1.62,101875.92,100304.15,
002HI,2024-01-15T22:20:00Z,78780.0,19.278,30.87,2.932,267.6,4.671,889.1,9.567,0.0,39.4,65.2,14.16,650.99,821.8,-170.81,67.3,254.52,425.32,,W,,1.6,101862.99,100279.29,
002HI,2024-01-15T22:25:00Z,78780.0,19.028,32.93,2.577,270.5,4.867,889.53,9.639,0.0,39.3,65.2,14.16,650.33,821.68,-171.35,67.85,255.63,426.98,,W,,2.29,101862.99,100299.47,
002HI,2024-01-15T22:30:00Z,78770.0,19.289,33.45,2.613,271.5,5.196,891.44,9.711,0.0,39.4,65.2,14.14,649.63,822.68,-173.06,68.76,255.39,428.44,,W,,2.74,101850.06,100265.59,
002HI,2024-01-15T22:35:00Z,78760.0,19.561,30.0,2.932,262.3,5.129,893.52,9.794,0.0,39.4,65.2,14.11,649.5,823.15,-173.65,70.37,255.05,428.7,,W,,1.45,101837.13,100230.99,
002HI,2024-01-15T22:40:00Z,78750.0,19.8,30.81,3.133,266.9,5.391,893.05,9.867,0.0,39.3,65.1,14.1,648.16,822.04,-173.88,71.02,256.3,430.18,,W,,2.03,101824.2,100198.97,
002HI,2024-01-15T22:45:00Z,78740.0,19.95,34.13,2.577,274.6,5.227,891.7,9.944,0.0,39.3,65.1,14.23,644.64,820.46,-175.81,71.24,256.9,432.71,,W,,3.61,101811.27,100174.05,
002HI,2024-01-15T22:50:00Z,78740.0,19.872,33.09,3.184,266.7,5.489,890.15,10.028,0.0,39.3,65.1,14.2,644.57,818.86,-174.29,71.29,257.41,431.7,,W,,3.1,101811.27,100180.37,
002HI,2024-01-15T22:55:00Z,78730.0,19.939,31.03,3.174,268.1,6.271,890.2,10.128,0.0,39.3,65.1,14.1,642.58,817.97,-175.4,72.23,256.27,431.67,,W,,2.26,101798.34,100162.32,
002HI,2024-01-15T23:00:00Z,78720.0,19.678,26.9,3.411,254.5,6.369,889.37,10.239,0.0,39.3,65.1,14.19,640.41,816.37,-175.97,73.0,254.93,430.9,,WSW,,0.04,101785.41,100170.76,
002HI,2024-01-15T23:05:00Z,78710.0,19.989,24.55,3.838,254.3,5.947,886.72,10.35,0.0,39.3,65.1,14.09,635.93,812.34,-176.41,74.38,255.3,431.71,,WSW,,-0.94,101772.48,100133.08,
002HI,2024-01-15T23:10:00Z,78710.0,20.011,22.51,3.534,244.3,6.045,883.46,10.461,0.0,39.3,65.1,14.09,632.85,809.13,-176.28,74.34,254.87,431.15,,WSW,,-2.1,101772.48,100131.38,
002HI,2024-01-15T23:15:00Z,78700.0,20.15,25.98,3.128,246.7,6.338,878.81,10.567,0.0,39.3,65.1,14.1,626.57,804.09,-177.52,74.72,256.55,434.07,,WSW,,-0.03,101759.55,100107.37,
002HI,2024-01-15T23:20:00Z,78700.0,20.489,24.57,3.4,255.1,6.173,874.1,10.656,0.0,39.3,65.1,14.17,621.67,799.48,-177.8,74.63,256.0,433.81,,WSW,,-0.5,101759.55,100080.24,
002HI,2024-01-15T23:25:00Z,78690.0,20.222,24.14,3.385,258.1,6.009,868.95,10.756,0.0,39.3,65.1,14.08,617.02,794.72,-177.69,74.24,256.18,433.87,,WSW,,-0.97,101746.62,100088.94,
002HI,2024-01-15T23:30:00Z,78680.0,20.25,22.4,3.632,258.7,6.564,864.82,10.856,0.0,39.3,65.1,14.08,613.16,790.28,-177.11,74.54,255.84,432.95,,WSW,,-1.96,101733.69,100074.03,
002HI,2024-01-15T23:35:00Z,78680.0,20.011,22.91,3.694,244.0,8.128,858.47,10.956,0.0,39.3,65.1,14.08,606.23,783.54,-177.31,74.93,255.62,432.93,,WSW,,-1.86,101733.69,100093.2,
002HI,2024-01-15T23:40:00Z,78670.0,20.411,22.76,3.277,243.3,6.827,852.5,11.05,0.0,39.3,65.1,14.09,597.13,776.6,-179.47,75.9,255.88,435.35,,WSW,,-1.61,101720.76,100048.4,
002HI,2024-01-15T23:45:00Z,78660.0,20.228,19.12,4.054,247.9,6.631,846.27,11.144,0.0,39.2,65.0,14.08,593.53,770.59,-177.07,75.68,255.37,432.44,,WSW,,-4.1,101707.83,100050.47,
002HI,2024-01-15T23:50:00Z,78660.0,20.461,18.84,3.992,254.6,6.467,839.13,11.239,0.0,39.2,65.0,14.08,585.87,763.09,-177.22,76.04,255.32,432.54,,WSW,,-4.1,101707.83,100031.81,
002HI,2024-01-15T23:55:00Z,78660.0,20.411,21.66,3.472,256.6,6.076,830.33,11.333,0.0,39.2,65.0,14.08,577.24,754.49,-177.25,75.84,256.29,433.54,,WSW,,-2.28,101707.83,100035.72,
002HI,2024-01-16T00:00:00Z,78660.0,20.611,28.04,3.426,259.0,5.978,820.81,11.411,0.0,39.2,65.0,14.17,567.63,745.15,-177.51,75.66,257.39,434.9,,W,,1.43,101707.83,100019.48,
002HI,2024-01-16T00:05:00Z,78660.0,20.372,26.96,3.565,246.6,7.12,812.22,11.494,0.0,39.2,65.0,14.08,558.22,736.53,-178.3,75.7,256.75,435.05,,WSW,,0.67,101707.83,100038.66,
002HI,2024-01-16T00:10:00Z,78650.0,20.728,23.78,3.586,255.9,7.156,803.06,11.583,0.0,39.2,65.0,13.34,549.37,727.17,-177.8,75.89,256.94,434.74,,WSW,,-0.74,101694.9,99997.57,
002HI,2024-01-16T00:15:00Z,78650.0,20.811,20.56,3.75,256.8,6.991,792.95,11.672,0.0,39.2,65.0,13.34,539.81,717.51,-177.7,75.44,256.24,433.93,,WSW,,-2.64,101694.9,99991.05,
002HI,2024-01-16T00:20:00Z,78650.0,20.628,22.8,3.663,255.6,6.405,781.25,11.761,0.0,39.2,65.0,13.34,528.77,706.35,-177.58,74.9,255.88,433.46,,WSW,,-1.4,101694.9,100005.6,
002HI,2024-01-16T00:25:00Z,78660.0,20.628,22.44,3.74,254.4,7.187,769.81,11.856,0.0,39.2,65.0,13.35,517.93,694.89,-176.95,74.92,256.11,433.06,,WSW,,-1.62,101707.83,100018.32,
002HI,2024-01-16T00:30:00Z,78660.0,20.328,21.97,3.75,252.1,6.858,757.51,11.95,0.0,39.2,65.0,13.44,506.75,683.43,-176.69,74.08,255.56,432.25,,WSW,,-2.16,101707.83,100042.36,
002HI,2024-01-16T00:35:00Z,78650.0,20.6,24.02,3.596,254.1,7.156,746.26,12.05,0.0,39.1,65.0,13.35,495.18,671.85,-176.68,74.41,256.39,433.07,,WSW,,-0.72,101694.9,100007.79,
002HI,2024-01-16T00:40:00Z,78650.0,20.528,21.35,4.136,247.6,7.578,734.24,12.133,0.0,39.1,64.9,13.46,484.49,660.53,-176.04,73.71,254.86,430.9,,WSW,,-2.37,101694.9,100013.65,
002HI,2024-01-16T00:45:00Z,78660.0,20.45,21.99,3.56,257.4,6.405,720.47,12.222,0.0,39.1,64.9,13.35,471.17,647.21,-176.04,73.26,255.2,431.24,,WSW,,-2.04,101707.83,100032.58,
002HI,2024-01-16T00:50:00Z,78660.0,20.428,22.06,3.581,251.7,5.978,706.46,12.3,0.0,39.1,64.9,13.35,458.63,634.26,-175.63,72.21,254.94,430.57,,WSW,,-2.02,101707.83,100034.34,
002HI,2024-01-16T00:55:00Z,78660.0,20.222,23.71,3.848,253.2,6.858,691.65,12.383,0.0,39.1,64.9,13.35,447.14,620.79,-173.65,70.86,255.05,428.7,,WSW,,-1.22,101707.83,100050.79,
002HI,2024-01-16T01:00:00Z,78660.0,20.039,20.14,3.935,253.3,6.369,676.79,12.461,0.0,39.1,64.9,13.45,433.43,606.58,-173.15,70.21,254.31,427.46,,WSW,,-3.57,101707.83,100065.6,
002HI,2024-01-16T01:05:00Z,78660.0,19.961,23.47,3.565,251.9,6.271,661.76,12.539,0.0,39.1,64.9,13.35,419.34,592.31,-172.97,69.45,254.44,427.41,,WSW,,-1.58,101707.83,100071.76,
002HI,2024-01-16T01:10:00Z,78670.0,19.972,22.14,3.622,254.2,6.405,646.95,12.6,0.0,39.1,64.9,13.35,405.76,578.08,-172.32,68.86,253.54,425.86,,WSW,,-2.35,101720.76,100083.64,
002HI,2024-01-16T01:15:00Z,78670.0,20.15,22.44,3.318,251.8,5.849,631.82,12.667,0.0,39.1,64.9,13.39,390.03,563.14,-173.11,68.68,253.79,426.9,,WSW,,-2.02,101720.76,100069.33,
002HI,2024-01-16T01:20:00Z,78670.0,20.278,21.44,3.627,259.3,6.106,616.88,12.711,0.0,39.1,64.9,13.41,375.77,549.04,-173.28,67.83,252.73,426.01,,W,,-2.53,101720.76,100059.1,
002HI,2024-01-16T01:25:00Z,78680.0,20.122,20.46,3.395,261.8,5.551,599.84,12.761,0.0,39.0,64.9,13.35,360.76,533.14,-172.38,66.7,252.63,425.02,,W,,-3.29,101733.69,100084.37,
002HI,2024-01-16T01:30:00Z,78680.0,20.05,22.63,3.164,256.4,5.88,582.99,12.806,0.0,39.0,64.8,13.41,343.88,516.75,-172.88,66.24,252.96,425.84,,WSW,,-1.99,101733.69,100090.08,
002HI,2024-01-16T01:35:00Z,78680.0,20.161,22.2,3.519,265.7,5.978,566.31,12.85,0.0,39.0,64.8,13.24,329.61,501.08,-171.48,65.23,253.17,424.64,,W,,-2.16,101733.69,100081.18,
002HI,2024-01-16T01:40:00Z,78680.0,19.928,22.2,3.421,260.2,6.467,548.99,12.889,0.0,39.0,64.8,13.24,314.72,484.92,-170.2,64.06,252.86,423.06,,W,,-2.36,101733.69,100099.9,
002HI,2024-01-16T01:45:00Z,78680.0,19.878,21.35,3.55,258.2,6.271,531.54,12.928,0.0,39.0,64.8,13.24,298.9,468.27,-169.37,63.26,252.5,421.87,,WSW,,-2.92,101733.69,100103.95,
002HI,2024-01-16T01:50:00Z,78680.0,19.778,18.47,3.457,243.8,6.076,514.72,12.967,0.0,39.0,64.8,13.36,283.38,452.19,-168.81,62.53,251.64,420.45,,WSW,,-4.93,101733.69,100112.09,
002HI,2024-01-16T01:55:00Z,78680.0,19.839,18.34,3.436,242.4,6.24,496.83,12.994,0.0,39.0,64.8,13.41,266.08,434.92,-168.84,61.91,251.65,420.48,,WSW,,-4.97,101733.69,100107.19,
002HI,2024-01-16T02:00:00Z,78680.0,19.839,18.68,3.313,239.7,6.106,478.44,13.017,0.0,39.0,64.8,13.38,249.1,417.82,-168.71,60.62,250.9,419.62,,WSW,,-4.73,101733.69,100107.17,
002HI,2024-01-16T02:05:00Z,78680.0,19.85,17.2,3.406,254.0,6.858,459.91,13.05,0.0,39.0,64.8,13.38,232.84,400.12,-167.27,59.79,251.22,418.49,,WSW,,-5.8,101733.69,100106.34,
002HI,2024-01-16T02:10:00Z,78690.0,19.922,16.21,3.128,248.3,5.587,440.49,13.083,0.0,39.0,64.8,13.38,215.24,382.05,-166.81,58.45,250.51,417.32,,WSW,,-6.51,101746.62,100113.31,
002HI,2024-01-16T02:15:00Z,78690.0,19.85,20.18,3.112,250.7,5.813,421.14,13.117,0.0,38.9,64.8,13.44,197.9,363.98,-166.08,57.16,251.09,417.16,,WSW,,-3.7,101746.62,100118.96,
002HI,2024-01-16T02:20:00Z,78690.0,19.55,16.15,3.596,239.2,6.369,401.86,13.161,0.0,38.9,64.8,13.38,181.23,346.19,-164.96,55.67,249.35,414.31,,WSW,,-6.86,101746.62,100143.26,
002HI,2024-01-16T02:25:00Z,78690.0,19.461,18.43,3.004,250.8,6.307,381.99,13.206,0.0,38.9,64.7,13.36,163.75,327.55,-163.8,54.45,249.81,413.61,,WSW,,-5.22,101746.62,100150.36,
002HI,2024-01-16T02:30:00Z,78700.0,19.678,19.58,2.855,247.1,5.978,361.55,13.233,0.0,38.9,64.7,13.38,144.48,308.36,-163.88,53.18,249.8,413.68,,WSW,,-4.24,101759.55,100145.55,
002HI,2024-01-16T02:35:00Z,78700.0,19.5,15.95,3.22,243.7,5.031,341.62,13.25,0.0,38.9,64.7,13.43,127.99,290.21,-162.22,51.4,248.43,410.65,,WSW,,-7.06,101759.55,100160.03,
002HI,2024-01-16T02:40:00Z,78710.0,19.322,15.59,3.154,236.6,5.489,321.13,13.261,0.0,38.9,64.7,13.42,110.2,271.48,-161.28,49.65,247.87,409.15,,WSW,,-7.5,101772.48,100187.13,
002HI,2024-01-16T02:45:00Z,78710.0,19.311,16.54,3.179,253.8,5.391,300.36,13.272,0.0,38.9,64.7,13.42,92.7,252.26,-159.56,48.1,248.53,408.09,,WSW,,-6.75,101772.48,100187.99,
002HI,2024-01-16T02:50:00Z,78720.0,19.039,14.38,3.725,232.0,6.564,280.2,13.278,0.0,38.9,64.7,13.38,75.85,233.95,-158.1,46.25,247.07,405.18,,SW,,-8.76,101785.41,100222.79,
002HI,2024-01-16T02:55:00Z,78720.0,18.989,14.9,3.061,235.1,5.489,259.26,13.278,0.0,38.9,64.7,13.38,58.05,214.67,-156.62,44.59,247.72,404.34,,SW,,-8.35,101785.41,100226.82,
002HI,2024-01-16T03:00:00Z,78720.0,18.828,14.31,3.843,231.7,6.467,238.77,13.278,0.0,38.8,64.7,13.38,41.33,196.26,-154.93,42.52,247.2,402.13,,SW,,-8.99,101785.41,100239.89,
002HI,2024-01-16T03:05:00Z,78720.0,18.589,15.3,3.071,248.9,5.751,217.6,13.278,0.0,38.8,64.7,13.38,23.86,177.37,-153.51,40.23,246.72,400.23,,WSW,,-8.34,101785.41,100259.26,
002HI,2024-01-16T03:10:00Z,78720.0,18.439,13.86,3.575,230.9,6.173,197.05,13.272,0.0,38.8,64.7,13.44,7.14,158.88,-151.74,38.17,246.28,398.03,,SW,,-9.71,101785.41,100271.49,
002HI,2024-01-16T03:15:00Z,78720.0,18.311,13.52,2.819,239.0,5.551,176.28,13.267,0.0,38.8,64.7,13.43,-10.69,140.01,-150.7,36.27,245.91,396.61,,WSW,,-10.12,101785.41,100281.92,
002HI,2024-01-16T03:20:00Z,78720.0,18.25,14.62,3.215,238.6,5.489,155.67,13.25,0.0,38.8,64.7,13.43,-27.83,121.62,-149.45,34.05,245.55,395.0,,WSW,,-9.19,101785.41,100286.85,
002HI,2024-01-16T03:25:00Z,78730.0,18.028,13.83,3.55,234.1,6.662,135.71,13.233,0.0,38.8,64.6,13.43,-43.69,103.77,-147.45,31.94,245.54,393.0,,SW,,-10.06,101798.34,100317.71,
002HI,2024-01-16T03:30:00Z,78730.0,17.878,14.0,3.133,235.8,6.271,115.77,13.211,0.0,38.8,64.6,13.42,-59.65,86.09,-145.74,29.68,245.54,391.28,,SW,,-10.03,101798.34,100329.95,
002HI,2024-01-16T03:35:00Z,78730.0,17.689,13.23,3.421,230.8,6.173,96.54,13.189,0.0,38.8,64.6,13.35,-74.72,69.26,-143.98,27.28,245.34,389.32,,SW,,-10.89,101798.34,100345.42,
002HI,2024-01-16T03:40:00Z,78730.0,17.461,13.82,2.994,231.6,5.813,78.24,13.161,0.0,38.8,64.6,13.19,-88.31,53.66,-141.97,24.58,245.38,387.35,,SW,,-10.53,101798.34,100364.07,
002HI,2024-01-16T03:45:00Z,78730.0,17.211,14.64,3.22,241.7,5.258,60.99,13.128,0.0,38.8,64.6,13.07,-101.07,39.44,-140.51,21.55,244.99,385.5,,WSW,,-10.01,101798.34,100384.55,
002HI,2024-01-16T03:50:00Z,78740.0,16.95,13.81,3.472,230.9,6.24,43.81,13.1,0.0,38.8,64.6,13.0,-113.52,25.06,-138.58,18.75,244.78,383.36,,SW,,-10.95,101811.27,100418.77,
002HI,2024-01-16T03:55:00Z,78730.0,16.65,14.32,3.164,231.3,5.294,25.45,13.067,0.0,38.8,64.6,12.94,-126.99,9.53,-136.52,15.92,244.8,381.32,,SW,,-10.74,101798.34,100430.71,
002HI,2024-01-16T04:00:00Z,78740.0,16.389,14.73,2.649,229.3,4.445,10.22,13.028,0.0,38.7,64.6,12.89,-136.98,-2.68,-134.29,12.9,244.59,378.88,,SW,,-10.6,101811.27,100464.99,
002HI,2024-01-16T04:05:00Z,78740.0,15.989,15.1,2.377,219.0,4.671,3.71,12.994,0.0,38.7,64.6,12.84,-136.82,-5.2,-131.62,8.9,244.25,375.88,,SW,,-10.61,101811.27,100498.08,
002HI,2024-01-16T04:10:00Z,78740.0,15.611,15.55,2.006,224.2,4.085,0.0,12.956,0.0,38.7,64.6,12.8,-134.88,-5.71,-129.17,3.3,243.98,373.16,,SW,,-10.55,101811.27,100529.43,
002HI,2024-01-16T04:15:00Z,78750.0,15.3,15.37,2.372,211.4,4.934,0.0,12.917,0.0,38.7,64.6,12.76,-134.13,-6.04,-128.09,0.75,243.71,371.79,,SSW,,-10.95,101824.2,100568.08,
002HI,2024-01-16T04:20:00Z,78760.0,15.4,15.58,2.68,207.7,4.64,0.0,12.861,0.0,38.7,64.5,12.74,-135.12,-7.02,-128.09,1.39,243.36,371.45,,SSW,,-10.7,101837.13,100572.52,
002HI,2024-01-16T04:25:00Z,78760.0,15.311,15.85,2.67,211.0,4.964,0.0,12.783,0.0,38.7,64.5,12.72,-135.18,-7.66,-127.52,1.44,243.18,370.71,,SSW,,-10.56,101837.13,100579.92,
002HI,2024-01-16T04:30:00Z,78760.0,15.272,15.71,2.814,210.3,5.649,0.0,12.7,0.0,38.7,64.5,12.71,-135.52,-7.89,-127.62,1.51,242.78,370.4,,SSW,,-10.7,101837.13,100583.18,
002HI,2024-01-16T04:35:00Z,78770.0,15.178,15.42,2.649,209.9,5.098,0.0,12.617,0.0,38.7,64.5,12.7,-135.0,-8.03,-126.96,1.41,242.59,369.55,,SSW,,-11.01,101850.06,100603.79,
002HI,2024-01-16T04:40:00Z,78770.0,14.961,15.67,1.97,207.8,3.2,0.0,12.533,0.0,38.7,64.5,12.6,-133.17,-8.11,-125.06,1.13,242.52,367.58,,SSW,,-10.98,101850.06,100621.9,
002HI,2024-01-16T04:45:00Z,78780.0,15.011,15.33,2.377,205.9,5.0,0.0,12.461,0.0,38.7,64.5,12.59,-133.16,-7.91,-125.25,1.59,242.41,367.66,,SSW,,-11.22,101862.99,100630.51,
002HI,2024-01-16T04:50:00Z,78780.0,14.839,15.92,2.063,201.9,4.867,0.0,12.394,0.0,38.7,64.5,12.68,-131.87,-8.05,-123.83,1.25,242.58,366.4,,SSW,,-10.89,101862.99,100644.87,
002HI,2024-01-16T04:55:00Z,78780.0,14.889,15.56,2.197,199.8,4.28,0.0,12.328,0.0,38.6,64.5,12.67,-131.75,-7.9,-123.85,1.67,242.63,366.48,,SSW,,-11.13,101862.99,100640.7,
002HI,2024-01-16T05:00:00Z,78780.0,14.872,15.77,1.945,203.7,4.249,0.0,12.267,0.0,38.6,64.5,12.67,-131.03,-7.96,-123.07,1.49,242.51,365.58,,SSW,,-10.98,101862.99,100642.11,
002HI,2024-01-16T05:05:00Z,78780.0,14.75,15.81,2.217,195.1,4.604,0.0,12.206,0.0,38.6,64.5,12.65,-130.87,-7.86,-123.01,1.49,242.46,365.47,,SSW,,-11.05,101862.99,100652.32,
002HI,2024-01-16T05:10:00Z,78780.0,14.861,15.69,2.408,207.9,4.409,0.0,12.144,0.0,38.6,64.5,12.65,-131.33,-7.97,-123.36,1.87,242.28,365.64,,SSW,,-11.05,101862.99,100643.03,
002HI,2024-01-16T05:15:00Z,78790.0,14.872,15.67,2.017,206.1,4.085,0.0,12.072,0.0,38.6,64.5,12.65,-130.92,-8.03,-122.89,1.8,242.31,365.2,,SSW,,-11.06,101875.92,100654.89,
002HI,2024-01-16T05:20:00Z,78790.0,14.722,16.1,2.027,207.2,3.791,0.0,12.011,0.0,38.6,64.5,12.65,-129.92,-7.99,-121.93,1.48,242.21,364.14,,SSW,,-10.84,101875.92,100667.43,
002HI,2024-01-16T05:25:00Z,78790.0,14.65,16.42,2.408,210.2,5.355,0.0,11.961,0.0,38.6,64.4,12.64,-130.61,-8.04,-122.57,1.68,241.94,364.52,,SSW,,-10.66,101875.92,100673.45,
002HI,2024-01-16T05:30:00Z,78790.0,14.75,16.53,2.269,210.0,4.445,0.0,11.9,0.0,38.6,64.4,12.64,-130.34,-7.93,-122.41,1.86,241.99,364.4,,SSW,,-10.49,101875.92,100665.07,
002HI,2024-01-16T05:35:00Z,78800.0,14.528,17.0,2.294,208.1,4.867,0.0,11.844,0.0,38.6,64.4,12.63,-129.64,-7.83,-121.81,1.47,241.94,363.75,,SSW,,-10.32,101888.85,100696.44,
002HI,2024-01-16T05:40:00Z,78800.0,14.6,16.9,2.33,205.3,4.934,0.0,11.794,0.0,38.6,64.4,12.63,-129.92,-7.82,-122.1,1.66,241.72,363.82,,SSW,,-10.34,101888.85,100690.4,
002HI,2024-01-16T05:45:00Z,78800.0,14.522,17.13,1.878,208.8,4.146,0.0,11.739,0.0,38.6,64.4,12.63,-129.35,-8.07,-121.29,1.58,241.71,363.0,,SSW,,-10.23,101888.85,100696.94,
002HI,2024-01-16T05:50:00Z,78810.0,14.172,18.1,1.6,219.9,3.529,0.0,11.7,0.0,38.6,64.4,12.62,-127.4,-8.17,-119.24,1.03,241.26,360.49,,SW,,-9.83,101901.78,100739.09,
002HI,2024-01-16T05:55:00Z,78820.0,13.611,21.5,1.476,204.9,2.778,0.0,11.678,0.0,38.6,64.4,12.62,-126.08,-7.93,-118.15,0.58,240.65,358.81,,SSW,,-8.11,101914.71,100799.07,
002HI,2024-01-16T06:00:00Z,78820.0,13.35,22.32,1.919,198.3,3.102,0.0,11.65,0.0,38.5,64.4,12.62,-126.31,-7.59,-118.72,0.92,240.36,359.08,,SSW,,-7.85,101914.71,100821.12,
002HI,2024-01-16T06:05:00Z,78820.0,13.55,20.8,1.554,195.2,2.613,0.0,11.617,0.0,38.5,64.4,12.61,-125.72,-7.56,-118.16,1.38,240.03,358.19,,SSW,,-8.58,101914.71,100804.24,
002HI,2024-01-16T06:10:00Z,78820.0,13.511,18.65,1.579,205.1,4.182,0.0,11.578,0.0,38.5,64.4,12.61,-125.19,-7.74,-117.45,1.58,240.18,357.63,,SSW,,-10.0,101914.71,100807.59,
002HI,2024-01-16T06:15:00Z,78810.0,13.761,17.81,1.518,209.5,2.711,0.0,11.539,0.0,38.5,64.4,12.6,-125.81,-7.92,-117.89,2.2,239.96,357.85,,SSW,,-10.37,101901.78,100773.71,
002HI,2024-01-16T06:20:00Z,78810.0,13.328,22.32,1.615,213.7,2.711,0.0,11.494,0.0,38.5,64.3,12.61,-125.45,-8.07,-117.38,1.37,239.38,356.76,,SSW,,-7.87,101901.78,100810.19,
002HI,2024-01-16T06:25:00Z,78810.0,13.289,18.66,2.047,200.6,4.507,0.0,11.456,0.0,38.5,64.3,12.59,-124.44,-7.58,-116.86,1.91,240.53,357.39,,SSW,,-10.18,101901.78,100813.58,
002HI,2024-01-16T06:30:00Z,78810.0,14.728,14.95,2.413,199.4,4.476,0.0,11.389,0.0,38.5,64.3,12.6,-128.07,-7.47,-120.6,3.58,240.77,361.37,,SSW,,-11.76,101901.78,100692.51,
002HI,2024-01-16T06:35:00Z,78810.0,14.828,15.14,2.171,201.3,3.591,0.0,11.317,0.0,38.5,64.3,12.6,-127.88,-7.75,-120.13,2.66,241.11,361.24,,SSW,,-11.52,101901.78,100684.13,
002HI,2024-01-16T06:40:00Z,78810.0,14.811,15.18,2.5,195.5,5.258,0.0,11.256,0.0,38.5,64.3,12.6,-128.14,-7.58,-120.56,2.16,241.37,361.93,,SSW,,-11.5,101901.78,100685.55,
002HI,2024-01-16T06:45:00Z,78810.0,15.011,14.96,2.665,206.5,5.355,0.0,11.206,0.0,38.5,64.3,12.59,-129.68,-7.74,-121.93,2.2,241.36,363.29,,SSW,,-11.52,101901.78,100668.84,
002HI,2024-01-16T06:50:00Z,78810.0,15.0,14.99,2.377,208.0,4.311,0.0,11.15,0.0,38.5,64.3,12.59,-129.21,-7.86,-121.35,1.77,241.51,362.86,,SSW,,-11.5,101901.78,100669.76,
002HI,2024-01-16T06:55:00Z,78810.0,14.728,15.55,2.222,209.2,4.769,0.0,11.117,0.0,38.5,64.3,12.59,-128.18,-7.86,-120.31,1.22,241.28,361.59,,SSW,,-11.27,101901.78,100692.49,
002HI,2024-01-16T07:00:00Z,78810.0,14.522,16.06,1.399,208.5,3.236,0.0,11.089,0.0,38.5,64.3,12.59,-126.54,-8.25,-118.29,0.97,240.63,358.91,,SSW,,-11.04,101901.78,100709.74,
002HI,2024-01-16T07:05:00Z,78810.0,14.022,17.5,1.322,205.0,2.449,0.0,11.083,0.0,38.5,64.3,12.58,-123.92,-7.77,-116.15,0.43,240.71,356.87,,SSW,,-10.37,101901.78,100751.72,
002HI,2024-01-16T07:10:00Z,78810.0,13.639,19.4,1.255,203.7,2.351,0.0,11.078,0.0,38.5,64.2,12.58,-122.14,-7.89,-114.25,0.48,240.62,354.87,,SSW,,-9.39,101901.78,100783.97,
002HI,2024-01-16T07:15:00Z,78810.0,14.072,16.59,2.685,207.4,5.649,0.0,11.067,0.0,38.4,64.2,12.58,-124.92,-7.43,-117.48,2.1,241.02,358.51,,SSW,,-11.0,101901.78,100747.53,
002HI,2024-01-16T07:20:00Z,78810.0,14.389,17.81,1.641,213.1,3.889,0.0,11.017,0.0,38.4,64.2,12.58,-125.49,-8.05,-117.44,1.93,241.19,358.63,,SSW,,-9.85,101901.78,100720.86,
002HI,2024-01-16T07:25:00Z,78810.0,14.322,16.54,2.269,203.4,3.951,0.0,10.972,0.0,38.4,64.2,12.57,-125.77,-7.59,-118.19,2.06,241.62,359.8,,SSW,,-10.83,101901.78,100726.52,
002HI,2024-01-16T07:30:00Z,78810.0,14.589,16.42,1.77,205.5,3.822,0.0,10.928,0.0,38.4,64.2,12.57,-125.87,-7.88,-117.99,2.07,241.66,359.65,,SSW,,-10.71,101901.78,100704.12,
002HI,2024-01-16T07:35:00Z,78800.0,14.289,17.14,1.363,206.9,2.449,0.0,10.894,0.0,38.4,64.2,12.57,-123.61,-7.98,-115.62,1.39,241.7,357.32,,SSW,,-10.42,101888.85,100716.49,
002HI,2024-01-16T07:40:00Z,78800.0,14.322,16.34,1.939,204.6,3.236,0.0,10.872,0.0,38.4,64.2,12.47,-124.13,-7.64,-116.5,1.81,241.81,358.31,,SSW,,-10.99,101888.85,100713.74,
002HI,2024-01-16T07:45:00Z,78800.0,14.6,16.11,2.469,201.3,5.391,0.0,10.844,0.0,38.4,64.2,12.47,-125.77,-7.5,-118.27,2.14,241.61,359.88,,SSW,,-10.93,101888.85,100690.42,
002HI,2024-01-16T07:50:00Z,78800.0,14.7,15.89,2.264,213.4,5.258,0.0,10.8,0.0,38.4,64.2,12.56,-126.17,-7.83,-118.34,2.08,241.85,360.19,,SSW,,-11.02,101888.85,100682.05,
002HI,2024-01-16T07:55:00Z,78800.0,14.872,16.11,2.413,209.0,4.347,0.0,10.756,0.0,38.4,64.2,12.56,-126.57,-7.65,-118.92,2.17,242.26,361.18,,SSW,,-10.71,101888.85,100667.65,
002HI,2024-01-16T08:00:00Z,78800.0,15.039,15.66,2.274,206.4,4.018,0.0,10.711,0.0,38.4,64.1,12.56,-126.34,-7.66,-118.68,1.91,242.21,360.88,,SSW,,-10.93,101888.85,100653.71,
002HI,2024-01-16T08:05:00Z,78800.0,14.35,18.36,0.941,201.4,1.929,0.0,10.689,0.0,38.4,64.1,12.56,-122.75,-8.02,-114.73,0.43,241.9,356.63,,SSW,,-9.5,101888.85,100711.34,
002HI,2024-01-16T08:10:00Z,78800.0,13.411,21.75,0.664,170.5,1.795,0.0,10.7,0.0,38.4,64.0,12.54,-117.21,-7.82,-109.39,0.0,241.59,350.99,,S,,-8.13,101888.85,100790.39,
002HI,2024-01-16T08:15:00Z,78790.0,13.078,23.16,0.813,187.5,1.729,0.0,10.717,0.0,38.4,64.0,12.55,-115.01,-7.38,-107.63,0.13,241.44,349.08,,S,,-7.6,101875.92,100805.76,
002HI,2024-01-16T08:20:00Z,78780.0,12.828,22.98,1.343,195.4,2.583,0.0,10.722,0.0,38.4,64.0,12.54,-116.08,-6.84,-109.24,0.59,241.55,350.79,,SSW,,-7.92,101862.99,100814.19,
002HI,2024-01-16T08:25:00Z,78770.0,14.122,17.94,2.541,209.2,6.173,0.0,10.694,0.0,38.4,64.0,12.55,-122.52,-7.37,-115.15,3.24,241.47,356.62,,SSW,,-9.98,101850.06,100692.16,
002HI,2024-01-16T08:30:00Z,78770.0,15.05,16.22,2.778,203.2,5.196,0.0,10.617,0.0,38.4,64.0,12.55,-126.37,-7.59,-118.78,3.6,241.7,360.48,,SSW,,-10.48,101850.06,100614.45,
002HI,2024-01-16T08:35:00Z,78770.0,15.222,16.5,2.989,203.2,5.489,0.0,10.533,0.0,38.4,64.0,12.54,-127.35,-7.47,-119.88,2.7,242.26,362.14,,SSW,,-10.13,101850.06,100600.1,
002HI,2024-01-16T08:40:00Z,78760.0,15.378,16.62,2.85,206.8,6.631,0.0,10.461,0.0,38.3,64.0,12.54,-128.04,-7.62,-120.42,2.21,242.76,363.19,,SSW,,-9.91,101837.13,100574.32,
002HI,2024-01-16T08:45:00Z,78750.0,14.678,22.48,0.715,228.9,2.876,0.0,10.422,0.0,38.3,64.0,12.55,-124.99,-8.4,-116.59,0.03,241.2,357.79,,SW,,-6.63,101824.2,100619.84,
002HI,2024-01-16T08:50:00Z,78760.0,13.6,23.46,1.903,202.8,6.209,0.0,10.433,0.0,38.3,64.0,12.51,-122.69,-7.91,-114.78,0.0,242.02,356.8,,SSW,,-6.99,101837.13,100723.22,
002HI,2024-01-16T08:55:00Z,78750.0,14.889,17.01,1.965,211.5,3.822,0.0,10.428,0.0,38.3,64.0,12.53,-125.39,-7.83,-117.55,2.55,242.28,359.83,,SSW,,-10.02,101824.2,100602.33,
002HI,2024-01-16T09:00:00Z,78750.0,14.178,25.38,0.653,270.7,2.192,0.0,10.4,0.0,38.3,64.0,12.54,-123.18,-8.52,-114.66,0.48,241.43,356.09,,W,,-5.47,101824.2,100661.71,
002HI,2024-01-16T09:05:00Z,78750.0,13.189,27.65,0.751,169.5,1.893,0.0,10.406,0.0,38.3,64.0,12.53,-118.0,-8.14,-109.86,0.0,241.75,351.61,,S,,-5.2,101824.2,100745.08,
002HI,2024-01-16T09:10:00Z,78740.0,13.189,27.44,0.808,158.6,1.435,0.0,10.422,0.0,38.3,63.9,12.53,-113.69,-6.5,-107.18,0.24,241.63,348.82,,SSE,,-5.3,101811.27,100732.29,
002HI,2024-01-16T09:15:00Z,78750.0,13.328,23.87,1.955,202.5,8.231,0.0,10.422,0.0,38.3,63.9,12.53,-117.36,-6.93,-110.43,1.28,241.54,351.98,,SSW,,-7.0,101824.2,100733.4,
002HI,2024-01-16T09:20:00Z,78740.0,14.889,17.82,2.835,190.1,5.196,0.0,10.378,0.0,38.3,63.9,12.53,-124.44,-7.06,-117.38,3.7,242.11,359.49,,S,,-9.43,101811.27,100589.54,
002HI,2024-01-16T09:25:00Z,78730.0,15.122,17.62,2.948,204.5,6.173,0.0,10.294,0.0,38.3,63.9,12.53,-126.14,-7.16,-118.98,2.66,242.58,361.56,,SSW,,-9.38,101798.34,100557.32,
002HI,2024-01-16T09:30:00Z,78730.0,15.028,17.61,2.68,203.0,6.209,0.0,10.228,0.0,38.3,63.9,12.49,-126.23,-7.6,-118.62,1.91,243.25,361.87,,SSW,,-9.47,101798.34,100565.16,
002HI,2024-01-16T09:35:00Z,78730.0,15.65,15.65,3.359,201.7,7.089,0.0,10.183,0.0,38.3,63.9,12.53,-127.64,-7.23,-120.41,2.27,243.51,363.92,,SSW,,-10.44,101798.34,100513.42,
002HI,2024-01-16T09:40:00Z,78730.0,15.8,15.31,2.053,209.0,4.604,0.0,10.128,0.0,38.3,63.9,12.52,-127.56,-7.8,-119.76,1.92,244.18,363.94,,SSW,,-10.59,101798.34,100500.98,
002HI,2024-01-16T09:45:00Z,78710.0,15.661,16.48,2.408,255.9,5.0,0.0,10.1,0.0,38.3,63.9,12.53,-129.01,-8.17,-120.84,1.68,243.62,364.46,,WSW,,-9.78,101772.48,100486.95,
002HI,2024-01-16T09:50:00Z,78720.0,14.228,31.49,1.811,296.1,4.085,0.0,10.094,0.0,38.3,63.9,12.52,-126.33,-7.95,-118.38,0.0,242.5,360.88,,WNW,,-2.56,101785.41,100619.01,
002HI,2024-01-16T09:55:00Z,78710.0,13.161,33.31,1.754,9.07,3.725,0.0,10.122,0.0,38.3,63.9,12.52,-123.65,-7.91,-115.74,0.0,242.13,357.86,,N,,-2.74,101772.48,100696.15,
