# STATION: 003HI
# STATION NAME: Summit
# LATITUDE: 20.71040
# LONGITUDE: -156.25670
# ELEVATION [ft]: 9800.0
# STATE: HI
Station_ID,Date_Time,air_temp_set_1,relative_humidity_set_1,wind_speed_set_1,wind_direction_set_1,wind_gust_set_1,solar_radiation_set_1,soil_temp_set_1,precip_accum_five_minute_set_1,soil_moisture_set_1,soil_moisture_set_2,volt_set_1,net_radiation_set_1,net_radiation_sw_set_1,net_radiation_lw_set_1,outgoing_radiation_sw_set_1,incoming_radiation_lw_set_1,outgoing_radiation_lw_set_1,wind_chill_set_1d,wind_cardinal_direction_set_1d,heat_index_set_1d,dew_point_temperature_set_1d
,,Celsius,%,m/s,Degrees,m/s,W/m**2,Celsius,Millimeters,%,%,volts,W/m**2,W/m**2,W/m**2,W/m**2,W/m**2,W/m**2,Celsius,code,Celsius,Celsius
003HI,2024-01-15T10:05:00Z,5.922,38.83,3.262,282.7,4.671,0.0,4.089,0.0,6.6,15.5,12.59,-104.18,-6.53,-97.65,1.27,216.98,314.63,3.44,WNW,,-7.16
003HI,2024-01-15T10:10:00Z,5.878,39.34,3.308,284.5,5.098,0.0,4.044,0.0,6.6,15.5,12.59,-104.24,-6.43,-97.81,1.29,216.65,314.45,3.35,WNW,,-7.03
003HI,2024-01-15T10:15:00Z,5.783,38.57,2.86,279.5,4.445,0.0,3.994,0.0,6.7,15.5,12.6,-104.02,-6.54,-97.49,1.19,216.5,313.98,3.55,W,,-7.38
003HI,2024-01-15T10:20:00Z,5.783,37.53,2.932,280.6,4.867,0.0,3.944,0.0,6.7,15.5,12.66,-103.93,-6.65,-97.27,1.38,216.26,313.53,3.49,W,,-7.73
003HI,2024-01-15T10:25:00Z,5.689,40.21,2.994,278.8,4.867,0.0,3.9,0.0,6.6,15.5,12.66,-103.92,-6.54,-97.38,1.31,216.23,313.61,3.34,W,,-6.92
003HI,2024-01-15T10:30:00Z,6.039,39.83,3.833,279.7,6.503,0.0,3.85,0.0,6.6,15.5,12.66,-104.18,-6.36,-97.82,1.94,216.47,314.29,3.23,W,,-6.73
003HI,2024-01-15T10:35:00Z,5.889,40.69,3.472,281.6,5.294,0.0,3.794,0.0,6.6,15.5,12.66,-104.12,-6.4,-97.71,1.3,216.61,314.32,3.26,WNW,,-6.58
003HI,2024-01-15T10:40:00Z,5.744,40.66,3.226,281.1,4.671,0.0,3.756,0.0,6.6,15.5,12.66,-104.02,-6.4,-97.62,1.19,216.46,314.08,3.24,W,,-6.72
003HI,2024-01-15T10:45:00Z,5.772,40.27,3.118,269.4,4.934,0.0,3.722,0.0,6.6,15.5,12.66,-104.0,-6.32,-97.69,1.35,216.15,313.83,3.35,W,,-6.82
003HI,2024-01-15T10:50:00Z,5.756,41.52,3.174,265.1,5.422,0.0,3.694,0.0,6.6,15.5,12.65,-104.11,-6.15,-97.96,1.31,215.9,313.86,3.29,W,,-6.44
003HI,2024-01-15T10:55:00Z,5.65,42.44,2.819,268.4,4.671,0.0,3.644,0.0,6.6,15.5,12.65,-103.82,-6.28,-97.55,1.16,216.08,313.63,3.42,W,,-6.25
003HI,2024-01-15T11:00:00Z,5.55,42.86,2.943,264.9,5.294,0.0,3.611,0.0,6.6,15.5,12.65,-103.77,-6.2,-97.56,1.14,215.83,313.39,3.21,W,,-6.21
003HI,2024-01-15T11:05:00Z,5.567,43.17,3.123,257.0,4.738,0.0,3.594,0.0,6.6,15.5,12.65,-104.22,-6.09,-98.13,1.36,215.34,313.48,3.1,WSW,,-6.1
003HI,2024-01-15T11:10:00Z,5.583,43.94,3.025,265.8,5.098,0.0,3.544,0.0,6.6,15.5,12.65,-104.25,-6.16,-98.09,1.26,215.36,313.45,3.19,W,,-5.85
003HI,2024-01-15T11:15:00Z,5.639,42.85,3.087,275.9,5.489,0.0,3.483,0.0,6.6,15.5,12.65,-104.11,-6.43,-97.68,1.28,215.33,313.01,3.21,W,,-6.13
003HI,2024-01-15T11:20:00Z,5.639,43.31,2.943,275.9,4.964,0.0,3.439,0.0,6.6,15.5,12.65,-104.41,-6.45,-97.97,1.32,215.13,313.09,3.31,W,,-5.99
003HI,2024-01-15T11:25:00Z,5.511,43.99,3.02,266.0,4.8,0.0,3.417,0.0,6.6,15.5,12.65,-104.79,-6.33,-98.45,1.36,214.5,312.95,3.11,W,,-5.9
003HI,2024-01-15T11:30:00Z,5.567,43.84,2.989,262.7,4.836,0.0,3.389,0.0,6.6,15.5,12.64,-105.12,-6.23,-98.88,1.45,214.23,313.11,3.19,W,,-5.89
003HI,2024-01-15T11:35:00Z,5.55,44.14,3.395,258.9,5.196,0.0,3.356,0.0,6.6,15.5,12.64,-105.67,-6.08,-99.59,1.48,214.05,313.64,2.9,W,,-5.82
003HI,2024-01-15T11:40:00Z,5.594,43.62,3.298,260.6,4.867,0.0,3.317,0.0,6.6,15.5,12.64,-105.68,-6.08,-99.6,1.38,214.09,313.69,3.01,W,,-5.94
003HI,2024-01-15T11:45:00Z,5.544,43.42,2.943,259.0,4.738,0.0,3.278,0.0,6.6,15.5,12.63,-105.53,-6.19,-99.34,1.3,214.02,313.36,3.2,W,,-6.04
003HI,2024-01-15T11:50:00Z,5.572,43.86,2.881,253.2,5.551,0.0,3.25,0.0,6.6,15.5,12.63,-105.52,-6.19,-99.34,1.31,213.96,313.3,3.28,WSW,,-5.88
003HI,2024-01-15T11:55:00Z,5.5,44.3,3.169,252.0,4.476,0.0,3.228,0.0,6.6,15.5,12.64,-105.33,-6.07,-99.26,1.36,214.13,313.39,2.99,WSW,,-5.82
003HI,2024-01-15T12:00:00Z,5.494,44.73,3.148,257.3,4.934,0.0,3.189,0.0,6.6,15.5,12.64,-105.29,-6.06,-99.23,1.31,214.1,313.32,3.0,WSW,,-5.69
003HI,2024-01-15T12:05:00Z,5.517,44.89,3.354,258.2,5.031,0.0,3.15,0.0,6.6,15.5,12.64,-105.6,-6.06,-99.54,1.3,213.82,313.36,2.89,WSW,,-5.63
003HI,2024-01-15T12:10:00Z,5.439,45.1,3.226,261.0,5.422,0.0,3.122,0.0,6.6,15.5,12.64,-105.66,-6.09,-99.57,1.15,213.79,313.36,2.88,W,,-5.64
003HI,2024-01-15T12:15:00Z,5.333,44.89,3.004,256.7,4.507,0.0,3.1,0.0,6.6,15.5,12.64,-105.2,-6.1,-99.1,1.01,213.86,312.96,2.9,WSW,,-5.79
003HI,2024-01-15T12:20:00Z,5.333,44.92,3.138,258.2,4.934,0.0,3.072,0.0,6.6,15.5,12.63,-104.77,-6.08,-98.68,1.23,214.11,312.79,2.81,WSW,,-5.79
003HI,2024-01-15T12:25:00Z,5.389,44.76,3.061,251.6,4.507,0.0,3.061,0.0,6.6,15.5,12.63,-104.73,-6.04,-98.7,1.44,214.09,312.79,2.93,WSW,,-5.78
003HI,2024-01-15T12:30:00Z,5.478,44.22,3.277,256.0,4.769,0.0,3.028,0.0,6.6,15.5,12.63,-104.63,-6.02,-98.61,1.57,214.17,312.78,2.89,WSW,,-5.86
003HI,2024-01-15T12:35:00Z,5.55,44.37,3.272,250.4,5.355,0.0,3.017,0.0,6.6,15.5,12.63,-104.72,-5.97,-98.74,1.5,214.34,313.08,2.98,WSW,,-5.75
003HI,2024-01-15T12:40:00Z,5.533,42.52,3.128,248.5,4.64,0.0,2.989,0.0,6.6,15.5,12.63,-104.72,-5.99,-98.73,1.4,214.05,312.78,3.06,WSW,,-6.33
003HI,2024-01-15T12:45:00Z,5.622,39.61,3.344,253.5,5.196,0.0,2.95,0.0,6.6,15.5,12.63,-104.55,-6.0,-98.55,1.5,214.08,312.63,3.02,WSW,,-7.17
003HI,2024-01-15T12:50:00Z,5.533,42.34,3.082,256.8,5.196,0.0,2.917,0.0,6.6,15.5,12.63,-104.39,-6.05,-98.34,0.98,214.22,312.56,3.09,WSW,,-6.38
003HI,2024-01-15T12:55:00Z,5.411,39.64,3.009,255.2,4.64,0.0,2.9,0.0,6.6,15.5,12.63,-103.7,-6.01,-97.69,1.08,214.19,311.88,2.99,WSW,,-7.35
003HI,2024-01-15T13:00:00Z,5.789,33.89,3.514,264.2,5.324,0.0,2.856,0.0,6.6,15.5,12.63,-103.57,-6.08,-97.49,1.73,214.19,311.68,3.11,W,,-9.04
003HI,2024-01-15T13:05:00Z,5.928,32.75,3.833,268.3,6.106,0.0,2.806,0.0,6.6,15.5,12.63,-103.96,-6.1,-97.86,1.51,214.06,311.92,3.09,W,,-9.35
003HI,2024-01-15T13:10:00Z,5.828,34.6,3.025,254.5,5.685,0.0,2.794,0.0,6.6,15.5,12.63,-103.72,-6.07,-97.65,1.11,214.12,311.77,3.48,WSW,,-8.74
003HI,2024-01-15T13:15:00Z,5.656,35.81,3.431,257.8,6.698,0.0,2.767,0.0,6.6,15.5,12.63,-103.72,-5.97,-97.75,1.11,214.01,311.75,3.0,WSW,,-8.45
003HI,2024-01-15T13:20:00Z,5.506,36.78,3.4,267.1,5.422,0.0,2.722,0.0,6.6,15.5,12.63,-103.53,-5.95,-97.59,0.81,214.15,311.74,2.84,W,,-8.24
003HI,2024-01-15T13:25:00Z,5.322,39.3,3.231,270.8,5.685,0.0,2.689,0.0,6.6,15.5,12.63,-103.67,-6.09,-97.57,0.74,213.98,311.56,2.73,W,,-7.55
003HI,2024-01-15T13:30:00Z,5.133,42.73,3.071,265.1,5.062,0.0,2.683,0.0,6.6,15.5,12.62,-103.48,-6.05,-97.44,0.76,214.03,311.47,2.61,W,,-6.63
003HI,2024-01-15T13:35:00Z,5.111,41.86,3.174,267.2,5.489,0.0,2.661,0.0,6.6,15.5,12.62,-103.49,-6.13,-97.37,1.04,213.8,311.16,2.52,W,,-6.92
003HI,2024-01-15T13:40:00Z,5.233,39.42,3.174,266.7,5.947,0.0,2.628,0.0,6.6,15.5,12.62,-103.72,-6.17,-97.55,1.3,213.4,310.95,2.66,W,,-7.59
003HI,2024-01-15T13:45:00Z,5.217,39.05,3.606,266.3,5.911,0.0,2.606,0.0,6.6,15.5,12.62,-103.89,-5.95,-97.94,1.27,213.16,311.09,2.36,W,,-7.72
003HI,2024-01-15T13:50:00Z,5.172,39.03,3.323,273.1,5.52,0.0,2.567,0.0,6.6,15.5,12.62,-103.76,-6.12,-97.64,1.14,213.2,310.84,2.49,W,,-7.77
003HI,2024-01-15T13:55:00Z,5.2,39.93,3.107,268.3,5.849,0.0,2.544,0.0,6.6,15.5,12.62,-103.78,-6.19,-97.6,1.26,213.1,310.7,2.67,W,,-7.45
003HI,2024-01-15T14:00:00Z,5.017,40.17,2.788,263.8,4.573,0.0,2.528,0.0,6.6,15.5,12.62,-103.11,-6.18,-96.93,0.89,213.24,310.17,2.69,W,,-7.54
003HI,2024-01-15T14:05:00Z,5.1,39.97,3.411,265.7,5.355,0.0,2.506,0.0,6.6,15.5,12.61,-103.08,-6.07,-97.01,1.42,213.2,310.21,2.34,W,,-7.53
003HI,2024-01-15T14:10:00Z,5.322,38.01,3.22,267.3,5.685,0.0,2.467,0.0,6.6,15.5,12.61,-103.46,-6.11,-97.36,1.54,213.03,310.38,2.74,W,,-7.98
003HI,2024-01-15T14:15:00Z,5.217,39.09,2.871,261.0,4.64,0.0,2.444,0.0,6.6,15.5,12.61,-103.33,-6.11,-97.22,1.19,212.9,310.12,2.86,W,,-7.71
003HI,2024-01-15T14:20:00Z,5.167,38.38,2.943,260.1,5.031,0.0,2.428,0.0,6.6,15.5,12.61,-103.23,-6.07,-97.16,1.26,212.72,309.88,2.75,W,,-7.99
003HI,2024-01-15T14:25:00Z,5.272,34.84,3.071,261.5,4.573,0.0,2.4,0.0,6.6,15.5,12.61,-103.09,-6.11,-96.98,1.55,212.66,309.64,2.78,W,,-9.14
003HI,2024-01-15T14:30:00Z,5.389,34.03,3.215,262.6,5.098,0.0,2.367,0.0,6.6,15.5,12.61,-103.06,-6.14,-96.93,1.45,212.55,309.47,2.82,W,,-9.34
003HI,2024-01-15T14:35:00Z,5.4,33.76,3.154,268.9,4.769,0.0,2.328,0.0,6.6,15.5,12.61,-103.09,-6.09,-97.0,1.35,212.76,309.76,2.88,W,,-9.43
003HI,2024-01-15T14:40:00Z,5.422,32.24,3.087,269.9,4.934,0.0,2.3,0.0,6.6,15.5,12.61,-103.34,-6.16,-97.18,1.3,212.23,309.41,2.95,W,,-10.0
003HI,2024-01-15T14:45:00Z,5.572,31.81,2.881,272.1,5.227,0.0,2.278,0.0,6.6,15.5,12.61,-103.76,-6.35,-97.41,1.46,211.84,309.25,3.28,W,,-10.04
003HI,2024-01-15T14:50:00Z,5.556,32.06,2.845,275.2,4.507,0.0,2.294,0.0,6.6,15.5,12.61,-103.41,-6.51,-96.9,1.34,212.18,309.08,3.29,W,,-9.95
003HI,2024-01-15T14:55:00Z,5.572,31.54,3.148,270.4,5.294,0.0,2.272,0.0,6.6,15.5,12.61,-103.19,-6.32,-96.87,1.5,212.21,309.08,3.09,W,,-10.15
003HI,2024-01-15T15:00:00Z,5.722,28.52,3.102,270.4,5.52,0.0,2.25,0.0,6.6,15.5,12.61,-103.14,-6.27,-96.87,1.53,212.17,309.03,3.3,W,,-11.28
003HI,2024-01-15T15:05:00Z,5.722,28.46,2.85,268.2,4.378,0.0,2.217,0.0,6.6,15.5,12.61,-102.62,-6.3,-96.31,1.45,212.55,308.86,3.48,W,,-11.31
003HI,2024-01-15T15:10:00Z,5.767,26.86,2.814,264.8,4.867,0.0,2.194,0.0,6.6,15.5,12.61,-102.37,-6.25,-96.12,1.44,212.52,308.64,3.56,W,,-11.99
003HI,2024-01-15T15:15:00Z,5.8,24.75,3.082,260.8,5.16,0.0,2.178,0.0,6.6,15.5,12.61,-101.71,-6.15,-95.56,1.47,212.77,308.33,3.41,W,,-12.97
003HI,2024-01-15T15:20:00Z,5.906,24.45,3.174,263.4,4.769,0.0,2.15,0.0,6.6,15.5,12.61,-101.54,-6.03,-95.51,1.46,213.2,308.71,3.47,W,,-13.03
003HI,2024-01-15T15:25:00Z,5.856,26.77,3.164,261.2,6.564,0.0,2.128,0.0,6.6,15.5,12.61,-102.09,-6.09,-96.0,1.22,212.8,308.8,3.42,W,,-11.96
003HI,2024-01-15T15:30:00Z,5.783,27.96,2.943,256.1,4.085,0.0,2.117,0.0,6.6,15.5,12.61,-102.19,-6.05,-96.14,1.11,212.75,308.9,3.49,WSW,,-11.48
003HI,2024-01-15T15:35:00Z,5.717,27.55,3.092,252.5,5.062,0.0,2.106,0.0,6.6,15.5,12.6,-102.04,-5.96,-96.08,1.16,212.68,308.77,3.3,WSW,,-11.72
003HI,2024-01-15T15:40:00Z,5.667,26.34,3.046,246.9,4.409,0.0,2.111,0.0,6.6,15.5,12.6,-101.59,-5.91,-95.68,1.27,212.97,308.65,3.27,WSW,,-12.32
003HI,2024-01-15T15:45:00Z,5.75,23.28,3.133,244.5,4.738,0.0,2.094,0.0,6.6,15.5,12.6,-101.22,-5.8,-95.42,1.3,213.02,308.44,3.31,WSW,,-13.77
003HI,2024-01-15T15:50:00Z,5.711,19.82,2.793,240.0,3.853,0.0,2.083,0.0,6.6,15.4,12.6,-100.03,-5.8,-94.23,1.16,213.63,307.86,3.51,WSW,,-15.74
003HI,2024-01-15T15:55:00Z,5.678,17.45,2.809,237.1,4.049,0.0,2.083,0.0,6.6,15.4,12.6,-99.03,-5.78,-93.25,1.31,214.18,307.43,3.46,WSW,,-17.28
003HI,2024-01-15T16:00:00Z,5.678,16.41,2.819,236.8,3.791,0.0,2.072,0.0,6.6,15.4,12.61,-98.77,-5.74,-93.04,1.4,214.06,307.09,3.45,WSW,,-18.0
003HI,2024-01-15T16:05:00Z,5.65,16.68,2.829,233.9,4.049,0.0,2.067,0.0,6.6,15.5,12.6,-98.87,-5.69,-93.18,1.35,214.01,307.19,3.41,SW,,-17.84
003HI,2024-01-15T16:10:00Z,5.633,14.95,2.912,230.3,3.791,0.0,2.061,0.0,6.6,15.5,12.61,-98.93,-5.69,-93.24,1.48,213.73,306.97,3.33,SW,,-19.12
003HI,2024-01-15T16:15:00Z,5.656,14.82,2.865,230.2,3.658,0.0,2.05,0.0,6.6,15.4,12.61,-98.53,-5.68,-92.85,1.58,214.07,306.92,3.39,SW,,-19.2
003HI,2024-01-15T16:20:00Z,5.706,13.05,2.783,226.8,3.529,0.0,2.044,0.0,6.6,15.4,12.61,-98.22,-5.66,-92.56,1.56,214.08,306.64,3.51,SW,,-20.62
003HI,2024-01-15T16:25:00Z,5.844,10.56,3.004,233.0,4.409,0.0,2.028,0.0,6.6,15.4,12.61,-98.26,-5.63,-92.62,1.86,213.8,306.42,3.52,SW,,-22.88
003HI,2024-01-15T16:30:00Z,6.272,8.84,2.793,233.1,3.889,0.0,2.0,0.0,6.6,15.4,12.61,-98.9,-5.78,-93.13,2.0,213.64,306.77,4.18,SW,,-24.5
003HI,2024-01-15T16:35:00Z,5.944,10.35,2.66,229.8,3.658,0.0,1.978,0.0,6.6,15.4,12.61,-98.11,-5.71,-92.4,1.2,214.01,306.41,3.89,SW,,-23.03
003HI,2024-01-15T16:40:00Z,6.156,8.12,2.732,233.5,4.018,0.0,1.972,0.0,6.6,15.4,12.61,-97.72,-5.68,-92.04,1.96,214.33,306.37,4.09,SW,,-25.51
003HI,2024-01-15T16:45:00Z,6.267,7.64,2.675,235.6,3.725,0.0,1.944,0.0,6.6,15.4,12.6,-97.47,-5.63,-91.84,1.7,214.55,306.39,4.26,SW,,-26.07
003HI,2024-01-15T16:50:00Z,6.228,7.43,2.639,239.8,3.658,0.0,1.928,0.0,6.6,15.4,12.6,-96.75,-5.31,-91.44,1.46,214.79,306.23,4.25,WSW,,-26.4
003HI,2024-01-15T16:55:00Z,6.411,7.06,2.66,245.1,4.182,0.0,1.894,0.0,6.6,15.4,12.61,-96.23,-4.56,-91.67,1.69,214.62,306.29,4.45,WSW,,-26.8
003HI,2024-01-15T17:00:00Z,6.344,7.78,2.685,243.7,4.347,0.0,1.878,0.0,6.6,15.4,12.61,-94.93,-3.18,-91.75,1.53,214.71,306.46,4.35,WSW,,-25.82
003HI,2024-01-15T17:05:00Z,6.272,8.25,2.583,239.4,3.92,0.23,1.861,0.0,6.6,15.4,12.61,-92.98,-1.25,-91.73,1.47,214.84,306.58,4.34,WSW,,-25.25
003HI,2024-01-15T17:10:00Z,6.289,8.29,2.799,234.7,4.049,3.15,1.861,0.0,6.6,15.4,12.61,-91.09,1.2,-92.29,1.95,214.77,307.06,4.2,SW,,-25.18
003HI,2024-01-15T17:15:00Z,6.294,8.52,2.845,228.0,3.853,6.19,1.861,0.0,6.6,15.4,12.62,-88.89,4.02,-92.91,2.17,214.77,307.69,4.17,SW,,-24.88
003HI,2024-01-15T17:20:00Z,6.256,10.18,2.768,227.2,3.791,9.09,1.856,0.0,6.6,15.4,12.62,-86.85,6.87,-93.72,2.22,214.78,308.49,4.18,SW,,-22.97
003HI,2024-01-15T17:25:00Z,6.194,14.51,2.624,231.8,3.791,11.65,1.844,0.0,6.6,15.4,12.62,-84.94,9.45,-94.39,2.2,214.93,309.32,4.22,SW,,-19.01
003HI,2024-01-15T17:30:00Z,6.183,10.91,2.732,229.5,3.591,14.46,1.844,0.0,6.6,15.4,12.62,-82.35,12.08,-94.43,2.38,214.88,309.31,4.12,SW,,-22.26
003HI,2024-01-15T17:35:00Z,6.222,12.96,2.608,232.0,3.755,16.89,1.828,0.0,6.6,15.4,12.63,-80.98,14.34,-95.32,2.55,214.65,309.97,4.26,SW,,-20.29
003HI,2024-01-15T17:40:00Z,6.233,11.95,2.593,235.1,3.725,19.28,1.811,0.0,6.6,15.4,12.63,-78.99,16.62,-95.6,2.66,214.6,310.2,4.29,SW,,-21.2
003HI,2024-01-15T17:45:00Z,6.322,10.81,2.649,239.1,3.694,21.71,1.794,0.0,6.6,15.4,12.64,-76.88,18.91,-95.79,2.8,214.62,310.41,4.35,WSW,,-22.25
003HI,2024-01-15T17:50:00Z,6.506,11.27,2.557,239.8,3.889,109.79,1.778,0.0,6.6,15.4,12.64,7.92,103.95,-96.03,5.84,214.2,310.23,4.64,WSW,,-21.64
003HI,2024-01-15T17:55:00Z,6.872,10.81,2.588,238.3,3.725,164.7,1.756,0.0,6.6,15.4,12.64,58.59,155.68,-97.09,9.02,214.47,311.56,5.05,WSW,,-21.82
003HI,2024-01-15T18:00:00Z,7.017,13.41,2.619,233.3,4.018,184.44,1.728,0.0,6.6,15.4,12.65,76.04,175.08,-99.04,9.36,214.68,313.73,5.2,SW,,-19.26
003HI,2024-01-15T18:05:00Z,7.111,14.71,2.49,233.5,4.445,203.82,1.694,0.0,6.6,15.4,12.59,92.85,193.82,-100.97,10.0,214.98,315.95,5.41,SW,,-18.11
003HI,2024-01-15T18:10:00Z,7.189,14.31,2.567,230.5,3.822,224.39,1.678,0.0,6.6,15.4,12.58,109.95,213.29,-103.34,11.09,214.86,318.21,5.44,SW,,-18.37
003HI,2024-01-15T18:15:00Z,7.306,14.82,2.768,224.8,3.791,245.5,1.672,0.0,6.6,15.4,12.58,126.76,232.98,-106.22,12.52,214.48,320.7,,SW,,-17.87
003HI,2024-01-15T18:20:00Z,7.439,17.04,2.737,223.6,3.791,266.73,1.678,0.0,6.6,15.4,12.58,143.71,252.72,-109.02,14.01,214.28,323.3,,SW,,-16.12
003HI,2024-01-15T18:25:00Z,7.533,14.95,2.937,220.5,4.085,287.93,1.689,0.0,6.6,15.4,12.59,161.21,272.49,-111.27,15.44,214.13,325.4,,SW,,-17.58
003HI,2024-01-15T18:30:00Z,7.644,17.32,3.03,219.5,4.543,309.06,1.728,0.0,6.6,15.4,12.66,178.69,292.1,-113.41,16.96,214.65,328.06,,SW,,-15.75
003HI,2024-01-15T18:35:00Z,8.022,19.3,3.611,223.6,5.227,330.71,1.733,0.0,6.6,15.4,12.67,195.3,311.79,-116.49,18.91,214.49,330.98,,SW,,-14.14
003HI,2024-01-15T18:40:00Z,8.289,17.09,3.853,221.0,5.685,351.6,1.794,0.0,6.6,15.4,12.68,212.51,331.26,-118.75,20.34,214.65,333.4,,SW,,-15.38
003HI,2024-01-15T18:45:00Z,8.472,15.93,4.023,220.2,6.662,371.98,1.883,0.0,6.6,15.4,12.68,229.67,350.35,-120.68,21.63,215.22,335.9,,SW,,-16.07
003HI,2024-01-15T18:50:00Z,8.672,15.63,4.085,222.5,6.271,392.52,1.978,0.0,6.6,15.4,12.69,247.02,369.59,-122.57,22.93,216.03,338.6,,SW,,-16.13
003HI,2024-01-15T18:55:00Z,8.872,15.75,4.167,222.7,6.858,412.73,2.061,0.0,6.6,15.4,12.7,263.42,388.5,-125.08,24.23,216.29,341.37,,SW,,-15.88
003HI,2024-01-15T19:00:00Z,9.05,15.91,4.435,223.9,6.503,432.67,2.156,0.0,6.6,15.4,12.7,279.61,407.17,-127.56,25.5,216.65,344.21,,SW,,-15.61
003HI,2024-01-15T19:05:00Z,9.261,15.69,4.368,226.8,6.894,452.54,2.272,0.0,6.6,15.4,12.71,296.15,425.75,-129.6,26.79,217.38,346.98,,SW,,-15.61
003HI,2024-01-15T19:10:00Z,9.361,16.06,4.054,226.0,6.076,471.69,2.35,0.0,6.6,15.4,12.72,311.25,443.88,-132.64,27.81,217.4,350.04,,SW,,-15.25
003HI,2024-01-15T19:15:00Z,9.511,15.79,4.424,225.0,7.089,490.93,2.433,0.0,6.6,15.4,12.72,326.9,461.88,-134.98,29.05,217.93,352.91,,SW,,-15.33
003HI,2024-01-15T19:20:00Z,9.611,15.83,4.419,227.3,7.187,509.64,2.572,0.0,6.6,15.4,12.72,341.5,479.57,-138.07,30.08,217.75,355.82,,SW,,-15.22
003HI,2024-01-15T19:25:00Z,9.789,15.49,4.805,225.9,7.413,528.97,2.733,0.0,6.6,15.4,12.72,356.85,497.45,-140.6,31.52,217.76,358.35,,SW,,-15.33
003HI,2024-01-15T19:30:00Z,9.9,15.63,4.09,227.5,7.187,547.0,2.911,0.0,6.6,15.4,12.72,370.73,514.69,-143.96,32.3,217.68,361.64,,SW,,-15.13
003HI,2024-01-15T19:35:00Z,10.0,15.72,4.455,229.0,6.991,565.54,3.117,0.0,6.6,15.4,12.72,384.43,532.03,-147.6,33.51,217.23,364.82,,SW,,-14.98
003HI,2024-01-15T19:40:00Z,10.039,15.64,4.301,232.4,7.449,583.26,3.289,0.0,6.6,15.4,12.73,397.79,548.79,-151.01,34.46,216.77,367.78,,SW,,-15.01
003HI,2024-01-15T19:45:00Z,10.089,15.6,4.352,231.2,6.6,600.2,3.461,0.0,6.6,15.4,12.74,411.16,564.73,-153.57,35.47,217.17,370.74,,SW,,-15.0
003HI,2024-01-15T19:50:00Z,10.272,15.48,4.651,232.3,6.96,617.57,3.606,0.0,6.6,15.4,12.75,425.01,580.88,-155.87,36.69,217.41,373.28,,SW,,-14.95
003HI,2024-01-15T19:55:00Z,10.372,15.73,3.951,237.8,6.76,633.4,3.75,0.0,6.6,15.4,12.77,436.27,596.0,-159.73,37.4,217.69,377.42,,WSW,,-14.67
003HI,2024-01-15T20:00:00Z,10.389,16.13,4.131,236.3,7.089,649.01,3.922,0.0,6.6,15.4,12.79,448.18,610.89,-162.71,38.12,217.8,380.51,,WSW,,-14.36
003HI,2024-01-15T20:05:00Z,10.489,16.08,4.275,235.8,7.315,664.85,4.094,0.0,6.6,15.4,12.82,460.57,625.82,-165.25,39.03,218.11,383.36,,SW,,-14.31
003HI,2024-01-15T20:10:00Z,10.628,16.13,4.208,234.8,7.156,680.23,4.294,0.0,6.6,15.4,12.85,472.22,640.13,-167.9,40.1,218.25,386.16,,SW,,-14.16
003HI,2024-01-15T20:15:00Z,10.811,16.25,4.198,235.7,8.591,693.92,4.5,0.0,6.6,15.4,12.88,481.7,652.99,-171.29,40.93,218.51,389.8,,SW,,-13.92
003HI,2024-01-15T20:20:00Z,10.939,15.97,4.507,238.6,8.298,709.58,4.706,0.0,6.6,15.4,12.9,494.41,667.85,-173.44,41.73,218.51,391.95,,WSW,,-14.03
003HI,2024-01-15T20:25:00Z,10.922,16.65,4.321,240.3,7.742,722.85,4.933,0.0,6.6,15.4,12.93,,680.46,-177.46,42.39,218.8,396.26,,WSW,,-13.54
003HI,2024-01-15T20:30:00Z,11.078,16.37,4.615,236.8,7.511,736.01,5.161,0.0,6.6,15.4,12.95,514.56,692.99,-178.42,43.03,219.25,397.68,,WSW,,-13.62
003HI,2024-01-15T20:35:00Z,11.261,15.79,5.062,235.7,7.773,749.36,5.372,0.0,6.6,15.4,12.98,525.29,705.44,-180.15,43.92,218.89,399.04,,SW,,-13.9
003HI,2024-01-15T20:40:00Z,11.422,16.76,4.362,242.0,7.413,762.19,5.572,0.0,6.6,15.4,13.04,533.24,717.04,-183.81,45.15,219.58,403.39,,WSW,,-13.05
003HI,2024-01-15T20:45:00Z,11.489,16.63,4.975,238.6,9.049,774.34,5.8,0.0,6.6,15.4,13.1,542.94,728.55,-185.61,45.78,219.5,405.11,,WSW,,-13.09
003HI,2024-01-15T20:50:00Z,11.789,16.68,4.429,236.2,7.285,786.5,6.022,0.0,6.6,15.4,13.17,549.93,739.66,-189.74,46.83,219.17,408.9,,SW,,-12.8
003HI,2024-01-15T20:55:00Z,11.761,14.69,5.592,232.7,8.92,798.24,6.25,0.0,6.6,15.4,13.25,561.48,750.95,-189.47,47.29,219.21,408.68,,SW,,-14.37
003HI,2024-01-15T21:00:00Z,11.828,14.2,5.026,233.2,8.463,809.28,6.461,0.0,6.6,15.4,13.34,568.16,760.84,-192.68,48.44,218.64,411.32,,SW,,-14.73
003HI,2024-01-15T21:05:00Z,11.789,13.75,5.438,232.3,9.147,820.62,6.672,0.0,6.6,15.4,13.45,577.02,771.28,-194.26,49.34,217.91,412.16,,SW,,-15.14
003HI,2024-01-15T21:10:00Z,11.978,13.66,5.736,228.5,8.854,830.39,6.872,0.0,6.6,15.4,13.56,585.07,779.85,-194.79,50.54,218.64,413.43,,SW,,-15.07
003HI,2024-01-15T21:15:00Z,12.05,13.94,5.016,234.0,9.471,839.68,7.067,0.0,6.6,15.4,13.69,590.08,788.34,-198.26,51.34,218.34,416.6,,SW,,-14.77
003HI,2024-01-15T21:20:00Z,11.978,13.7,5.674,233.1,8.365,848.41,7.278,0.0,6.6,15.4,13.82,598.37,796.67,-198.3,51.73,218.84,417.14,,SW,,-15.03
003HI,2024-01-15T21:25:00Z,12.239,13.6,5.803,231.3,9.214,856.9,7.478,0.0,6.6,15.4,13.96,604.26,804.35,-200.09,52.55,218.83,418.92,,SW,,-14.91
003HI,2024-01-15T21:30:00Z,12.322,13.29,5.144,234.7,8.231,864.2,7.667,0.0,6.6,15.4,14.05,609.14,811.45,-202.32,52.75,219.24,421.56,,SW,,-15.12
003HI,2024-01-15T21:35:00Z,12.25,13.86,5.201,230.2,8.005,870.72,7.878,0.0,6.6,15.4,14.06,613.33,,-204.47,52.92,219.1,423.57,,SW,,-14.68
003HI,2024-01-15T21:40:00Z,12.4,14.0,5.139,238.3,8.591,877.71,8.072,0.0,6.6,15.4,14.04,616.8,823.99,-207.2,53.72,219.19,426.39,,WSW,,-14.44
003HI,2024-01-15T21:45:00Z,12.528,14.1,5.124,234.9,8.591,882.9,8.278,0.0,6.6,15.4,14.03,620.39,829.11,-208.72,53.79,219.63,428.34,,SW,,-14.25
003HI,2024-01-15T21:50:00Z,12.639,14.5,4.954,236.1,8.524,888.46,8.472,0.0,6.6,15.4,14.03,624.22,834.23,-210.01,54.23,219.53,429.54,,SW,,-13.82
003HI,2024-01-15T21:55:00Z,12.678,14.16,4.97,237.2,8.756,892.72,8.672,0.0,6.6,15.4,14.03,625.23,838.42,-213.18,54.31,219.63,432.82,,WSW,,-14.08
003HI,2024-01-15T22:00:00Z,12.7,14.96,5.036,236.0,8.2,897.24,8.878,0.0,6.6,15.4,14.03,628.9,842.54,-213.65,54.7,219.74,433.38,,SW,,-13.39
003HI,2024-01-15T22:05:00Z,12.839,14.95,5.062,243.8,7.84,901.75,9.072,0.0,6.6,15.4,14.02,630.35,846.29,-215.94,55.47,219.76,435.7,,WSW,,-13.29
003HI,2024-01-15T22:10:00Z,12.839,14.85,5.366,245.8,8.463,904.88,9.278,0.0,6.6,15.4,14.01,631.76,849.19,-217.43,55.69,220.22,437.65,,WSW,,-13.37
003HI,2024-01-15T22:15:00Z,12.778,15.05,5.407,242.3,8.231,907.46,9.472,0.0,6.6,15.4,14.01,635.34,852.19,-216.85,55.27,219.96,436.82,,WSW,,-13.25
003HI,2024-01-15T22:20:00Z,12.711,16.59,5.098,244.2,8.396,909.76,9.65,0.0,6.6,15.4,14.01,635.22,854.04,-218.82,55.73,219.88,438.7,,WSW,,-12.12
003HI,2024-01-15T22:25:00Z,12.861,16.77,5.057,247.0,8.329,911.17,9.861,0.0,6.6,15.4,14.01,635.27,855.4,-220.12,55.77,220.49,440.61,,WSW,,-11.86
003HI,2024-01-15T22:30:00Z,12.928,16.07,5.155,242.6,8.298,912.73,10.05,0.0,6.6,15.4,14.01,636.45,856.86,-220.41,55.87,220.34,440.75,,WSW,,-12.33
003HI,2024-01-15T22:35:00Z,13.072,15.58,5.35,243.1,9.049,912.85,10.25,0.0,6.6,15.4,14.01,635.44,857.13,-221.68,55.72,220.06,441.75,,WSW,,-12.59
003HI,2024-01-15T22:40:00Z,12.928,16.52,5.103,244.3,8.787,912.94,10.428,0.0,6.6,15.4,14.01,635.84,857.33,-221.49,55.6,220.32,441.81,,WSW,,-11.99
003HI,2024-01-15T22:45:00Z,12.939,18.76,5.067,245.9,8.591,912.09,10.628,0.0,6.6,15.4,14.01,634.34,856.67,-222.34,55.42,220.8,443.13,,WSW,,-10.4
003HI,2024-01-15T22:50:00Z,13.2,15.83,5.227,240.2,8.231,911.35,10.839,0.0,6.6,15.4,14.01,632.8,855.68,-222.88,55.68,220.23,443.11,,WSW,,-12.29
003HI,2024-01-15T22:55:00Z,13.111,14.96,5.659,240.5,9.049,909.86,11.022,0.0,6.6,15.4,14.01,633.07,854.76,-221.69,55.1,220.17,441.86,,WSW,,-13.06
003HI,2024-01-15T23:00:00Z,12.989,15.01,5.463,247.8,8.56,908.06,11.2,0.0,6.6,15.4,14.01,630.91,852.98,-222.06,55.08,220.34,442.4,,WSW,,-13.12
003HI,2024-01-15T23:05:00Z,12.872,16.57,5.844,245.6,8.854,905.17,11.4,0.0,6.6,15.4,14.01,628.51,850.27,-221.76,54.89,220.44,442.2,,WSW,,-12.0
003HI,2024-01-15T23:10:00Z,12.928,16.34,5.52,242.3,7.84,902.11,11.622,0.0,6.6,15.4,14.01,624.52,847.48,-222.96,54.63,220.27,443.23,,WSW,,-12.12
003HI,2024-01-15T23:15:00Z,13.378,15.98,4.82,246.2,8.591,898.63,11.85,0.0,6.6,15.4,14.01,619.82,843.99,-224.17,54.64,220.45,444.61,,WSW,,-12.03
003HI,2024-01-15T23:20:00Z,13.272,16.09,5.299,244.8,9.08,893.31,12.1,0.0,6.6,15.4,14.01,615.44,839.97,-224.53,53.34,220.42,444.95,,WSW,,-12.03
003HI,2024-01-15T23:25:00Z,13.272,16.9,5.489,244.9,8.267,888.7,12.35,0.0,6.6,15.4,14.0,611.62,835.58,-223.96,53.13,220.75,444.72,,WSW,,-11.43
003HI,2024-01-15T23:30:00Z,13.261,16.08,5.345,243.4,8.56,883.59,12.561,0.0,6.6,15.4,13.98,607.87,831.31,-223.43,52.28,219.96,443.39,,WSW,,-12.05
003HI,2024-01-15T23:35:00Z,13.3,16.65,5.067,250.4,9.049,877.63,12.778,0.0,6.6,15.4,13.97,601.29,825.53,-224.24,52.1,220.48,444.72,,WSW,,-11.59
003HI,2024-01-15T23:40:00Z,13.189,16.52,5.654,247.0,8.854,871.48,12.939,0.0,6.6,15.4,13.97,596.64,819.87,-223.24,51.6,220.47,443.71,,WSW,,-11.78
003HI,2024-01-15T23:45:00Z,13.161,17.19,5.499,243.6,8.884,864.33,13.061,0.0,6.6,15.4,13.97,591.49,813.38,-221.89,50.95,220.33,442.23,,WSW,,-11.31
003HI,2024-01-15T23:50:00Z,13.2,16.14,6.045,248.2,9.8,857.28,13.128,0.0,6.6,15.4,13.97,586.66,806.54,-219.88,50.74,220.46,440.33,,WSW,,-12.05
003HI,2024-01-15T23:55:00Z,13.428,15.31,5.381,251.8,8.951,850.08,13.211,0.0,6.6,15.4,13.77,578.64,799.29,-220.65,50.78,219.99,440.64,,WSW,,-12.52
003HI,2024-01-16T00:00:00Z,13.55,14.43,5.659,251.3,8.622,841.46,13.261,0.0,6.6,15.4,13.57,571.47,791.4,-219.93,50.06,220.05,439.98,,WSW,,-13.14
003HI,2024-01-16T00:05:00Z,13.528,14.13,5.762,254.1,9.471,832.25,13.289,0.0,6.6,15.4,13.57,564.29,782.88,-218.59,49.37,220.45,439.04,,WSW,,-13.42
003HI,2024-01-16T00:10:00Z,13.539,14.36,5.535,253.0,11.138,821.68,13.328,0.0,6.6,15.4,13.57,555.32,773.29,-217.98,48.39,220.8,438.78,,WSW,,-13.21
003HI,2024-01-16T00:15:00Z,13.55,14.43,5.659,252.2,9.409,811.7,13.35,0.0,6.6,15.4,13.58,546.62,763.95,-217.34,47.75,220.77,438.1,,WSW,,-13.14
003HI,2024-01-16T00:20:00Z,13.539,14.56,5.319,248.1,8.365,800.53,13.35,0.0,6.6,15.4,13.57,536.66,753.57,-216.91,46.96,220.72,437.63,,WSW,,-13.04
003HI,2024-01-16T00:25:00Z,13.6,15.45,5.499,249.8,9.214,788.72,13.378,0.0,6.6,15.4,13.57,526.64,742.49,-215.85,46.23,221.38,437.23,,WSW,,-12.27
003HI,2024-01-16T00:30:00Z,13.45,15.47,5.042,249.9,7.712,776.74,13.378,0.0,6.6,15.4,13.57,516.06,731.68,-215.62,45.06,221.02,436.64,,WSW,,-12.37
003HI,2024-01-16T00:35:00Z,13.522,13.7,5.829,252.2,10.093,765.85,13.328,0.0,6.6,15.4,13.57,508.12,721.17,-213.05,44.68,220.76,433.81,,WSW,,-13.8
003HI,2024-01-16T00:40:00Z,13.472,14.93,5.556,248.4,9.214,752.91,13.289,0.0,6.6,15.4,13.58,498.28,709.15,-210.87,43.76,221.48,432.35,,WSW,,-12.79
003HI,2024-01-16T00:45:00Z,13.378,16.02,5.499,248.9,8.396,720.64,13.3,0.0,6.6,15.4,13.59,468.22,677.94,-209.72,42.7,221.55,431.27,,WSW,,-12.0
003HI,2024-01-16T00:50:00Z,13.4,15.2,5.52,251.7,9.574,726.81,13.339,0.0,6.6,15.3,13.6,476.07,684.83,-208.76,41.98,221.18,429.95,,WSW,,-12.63
003HI,2024-01-16T00:55:00Z,13.239,15.66,5.721,245.9,9.342,712.94,13.35,0.0,6.6,15.4,13.6,465.73,671.91,-206.18,41.03,221.14,427.32,,WSW,,-12.39
003HI,2024-01-16T01:00:00Z,13.122,17.01,5.34,248.6,7.969,698.27,13.361,0.0,6.6,15.3,13.6,452.87,658.06,-205.19,40.2,221.21,426.41,,WSW,,-11.47
003HI,2024-01-16T01:05:00Z,13.189,17.18,5.474,249.9,8.427,679.16,13.339,0.0,6.6,15.3,13.6,435.61,639.8,-204.19,39.36,221.32,425.51,,WSW,,-11.29
003HI,2024-01-16T01:10:00Z,13.139,15.65,5.932,247.9,8.982,658.53,13.272,0.0,6.6,15.4,13.6,418.42,620.03,-201.61,38.5,221.03,422.63,,WSW,,-12.48
003HI,2024-01-16T01:15:00Z,13.011,16.33,5.386,243.8,7.84,639.08,13.172,0.0,6.6,15.4,13.6,401.05,601.51,-200.46,37.57,220.44,420.9,,WSW,,-12.06
003HI,2024-01-16T01:20:00Z,13.228,14.61,5.875,250.2,10.356,638.09,13.072,0.0,6.6,15.4,13.6,402.02,600.95,-198.93,37.14,220.05,418.98,,WSW,,-13.25
003HI,2024-01-16T01:25:00Z,13.261,13.92,5.402,251.3,8.787,623.08,12.978,0.0,6.5,15.3,13.6,388.66,586.82,-198.17,36.26,219.5,417.66,,WSW,,-13.81
003HI,2024-01-16T01:30:00Z,13.1,13.62,5.844,251.4,8.622,606.15,12.922,0.0,6.6,15.3,13.6,374.92,571.12,-196.21,35.02,219.12,415.32,,WSW,,-14.21
003HI,2024-01-16T01:35:00Z,13.128,13.74,5.222,252.6,8.427,589.1,12.878,0.0,6.6,15.3,13.59,359.75,554.74,-194.99,34.36,218.98,413.97,,WSW,,-14.08
003HI,2024-01-16T01:40:00Z,12.822,13.75,5.952,252.6,9.275,571.02,12.839,0.0,6.6,15.4,13.6,345.97,538.21,-192.24,32.81,218.86,411.1,,WSW,,-14.31
003HI,2024-01-16T01:45:00Z,12.639,13.73,5.628,250.7,8.92,528.7,12.789,0.0,6.6,15.4,13.6,306.58,496.65,-190.07,32.06,218.44,408.5,,WSW,,-14.48
003HI,2024-01-16T01:50:00Z,12.772,13.47,5.129,250.3,8.133,535.68,12.761,0.0,6.5,15.4,13.59,315.38,504.53,-189.15,31.15,217.97,407.11,,WSW,,-14.6
003HI,2024-01-16T01:55:00Z,12.55,13.46,5.15,250.5,7.645,516.84,12.728,0.0,6.6,15.3,13.6,300.18,487.0,-186.82,29.84,217.74,404.55,,WSW,,-14.79
003HI,2024-01-16T02:00:00Z,12.622,13.89,5.268,248.1,8.2,497.64,12.678,0.0,6.5,15.3,13.6,283.92,468.62,-184.7,29.02,217.83,402.53,,WSW,,-14.35
003HI,2024-01-16T02:05:00Z,12.472,14.17,5.633,252.7,8.427,478.6,12.622,0.0,6.5,15.3,13.62,268.95,450.89,-181.94,27.71,217.87,399.81,,WSW,,-14.23
003HI,2024-01-16T02:10:00Z,12.478,14.73,4.856,250.7,9.44,458.92,12.561,0.0,6.5,15.3,13.62,251.32,432.28,-180.95,26.64,217.37,398.33,,WSW,,-13.76
003HI,2024-01-16T02:15:00Z,12.239,14.41,5.17,255.0,8.164,439.17,12.489,0.0,6.5,15.3,13.6,235.71,414.14,-178.43,25.03,216.89,395.32,,WSW,,-14.22
003HI,2024-01-16T02:20:00Z,12.189,14.34,4.769,253.7,7.712,419.04,12.422,0.0,6.5,15.3,13.38,218.52,395.03,-176.52,24.01,216.55,393.06,,WSW,,-14.32
003HI,2024-01-16T02:25:00Z,12.061,14.3,5.0,256.7,8.493,398.92,12.361,0.0,6.5,15.3,13.27,202.27,376.48,-174.21,22.45,216.24,390.45,,WSW,,-14.45
003HI,2024-01-16T02:30:00Z,11.9,14.28,5.283,257.6,8.231,378.64,12.278,0.0,6.5,15.3,13.12,186.54,357.87,-171.33,20.77,216.07,387.4,,WSW,,-14.6
003HI,2024-01-16T02:35:00Z,11.828,14.13,4.784,257.0,7.218,357.7,12.2,0.0,6.5,15.3,13.05,169.24,338.6,-169.36,19.1,215.73,385.09,,WSW,,-14.78
003HI,2024-01-16T02:40:00Z,11.689,14.27,5.479,261.2,7.773,336.64,12.111,0.0,6.5,15.3,13.01,152.71,318.89,-166.18,17.75,215.75,381.92,,W,,-14.78
003HI,2024-01-16T02:45:00Z,11.6,14.45,4.841,257.0,7.712,314.96,11.989,0.0,6.5,15.3,13.1,134.67,298.24,-163.57,16.71,215.16,378.73,,WSW,,-14.7
003HI,2024-01-16T02:50:00Z,11.461,14.38,5.031,259.2,7.907,293.77,11.861,0.0,6.5,15.3,13.26,117.41,278.5,-161.08,15.27,214.87,375.95,,W,,-14.87
003HI,2024-01-16T02:55:00Z,11.3,14.65,4.697,262.8,7.676,273.04,11.75,0.0,6.5,15.3,13.28,100.86,259.26,-158.4,13.78,214.65,373.05,,W,,-14.78
003HI,2024-01-16T03:00:00Z,11.25,15.38,4.651,265.0,7.578,252.04,11.65,0.0,6.5,15.3,13.27,84.14,239.7,-155.57,12.34,214.6,370.17,,W,,-14.23
003HI,2024-01-16T03:05:00Z,11.022,16.06,4.573,260.2,7.413,227.75,11.528,0.0,6.5,15.3,13.25,64.54,217.12,-152.58,10.63,214.52,367.1,,W,,-13.89
003HI,2024-01-16T03:10:00Z,10.978,16.28,4.368,263.3,6.564,97.58,11.428,0.0,6.5,15.3,13.22,-63.01,87.19,-150.21,10.39,214.65,364.86,,W,,-13.76
003HI,2024-01-16T03:15:00Z,10.778,15.67,5.036,255.3,7.84,24.25,11.322,0.0,6.5,15.3,13.19,-132.72,14.52,-147.24,9.73,214.67,361.91,,WSW,,-14.39
003HI,2024-01-16T03:20:00Z,10.622,15.88,4.383,249.5,6.436,56.52,11.2,0.0,6.5,15.3,13.16,-96.94,47.91,-144.85,8.61,213.47,358.32,,WSW,,-14.36
003HI,2024-01-16T03:25:00Z,10.422,16.33,5.072,253.8,8.005,142.13,11.05,0.0,6.5,15.3,13.12,-5.95,135.79,-141.74,6.34,212.92,354.66,,WSW,,-14.18
003HI,2024-01-16T03:30:00Z,10.211,17.24,4.553,253.1,6.662,125.72,10.878,0.0,6.5,15.3,13.09,-15.73,122.13,-137.86,3.59,213.2,351.06,,WSW,,-13.7
003HI,2024-01-16T03:35:00Z,10.15,17.81,3.92,253.2,6.076,105.27,10.7,0.0,6.5,15.3,13.05,-29.93,103.93,-133.86,1.34,213.56,347.42,,WSW,,-13.35
003HI,2024-01-16T03:40:00Z,9.978,16.8,4.424,249.8,7.315,55.46,10.55,0.0,6.5,15.3,13.02,-76.52,55.02,-131.53,0.44,213.76,345.3,,WSW,,-14.2
003HI,2024-01-16T03:45:00Z,9.75,17.51,4.326,250.1,7.12,11.13,10.411,0.0,6.5,15.3,12.98,-119.81,10.2,-130.02,0.93,213.39,343.41,,WSW,,-13.89
003HI,2024-01-16T03:50:00Z,9.511,17.0,4.064,245.2,6.045,8.82,10.261,0.0,6.5,15.3,12.95,-120.81,7.43,-128.25,1.38,213.06,341.31,,WSW,,-14.44
003HI,2024-01-16T03:55:00Z,9.328,16.95,4.064,241.9,6.96,6.4,10.1,0.0,6.5,15.3,12.93,-122.02,4.78,-126.8,1.62,212.83,339.63,,WSW,,-14.63
003HI,2024-01-16T04:00:00Z,9.061,18.29,3.791,240.1,6.436,3.39,9.928,0.0,6.5,15.3,12.91,-123.58,1.92,-125.49,1.47,212.48,337.97,,WSW,,-13.93
003HI,2024-01-16T04:05:00Z,8.9,18.4,3.972,237.0,6.662,0.85,9.778,0.0,6.5,15.3,12.9,-124.83,-0.7,-124.13,1.55,212.34,336.47,,WSW,,-13.99
003HI,2024-01-16T04:10:00Z,8.828,17.56,4.316,234.8,6.631,0.0,9.622,0.0,6.5,15.3,12.88,-125.94,-2.84,-123.1,1.65,212.3,335.4,,SW,,-14.61
003HI,2024-01-16T04:15:00Z,8.722,17.84,4.218,237.8,6.827,0.0,9.45,0.0,6.5,15.3,12.86,-126.74,-4.76,-121.98,1.43,212.24,334.21,,WSW,,-14.51
003HI,2024-01-16T04:20:00Z,8.628,17.23,4.126,236.4,6.204,0.0,9.289,0.0,6.5,15.3,12.85,-127.09,-5.97,-121.12,1.36,212.02,333.14,,WSW,,-15.01
003HI,2024-01-16T04:25:00Z,8.5,17.03,3.874,234.3,7.058,0.0,9.128,0.0,6.5,15.3,12.84,-126.92,-6.65,-120.26,1.32,211.81,332.08,,SW,,-15.25
003HI,2024-01-16T04:30:00Z,8.4,17.05,4.1,231.6,6.729,0.0,8.989,0.0,6.5,15.3,12.84,-126.29,-6.84,-119.44,1.44,211.83,331.28,,SW,,-15.32
003HI,2024-01-16T04:35:00Z,8.361,17.29,4.131,228.6,6.503,0.0,8.839,0.0,6.5,15.3,12.83,-125.61,-6.84,-118.77,1.48,211.97,330.75,,SW,,-15.18
003HI,2024-01-16T04:40:00Z,8.339,17.39,3.93,228.4,6.533,0.0,8.689,0.0,6.5,15.3,12.83,-124.97,-6.92,-118.04,1.58,212.07,330.12,,SW,,-15.13
003HI,2024-01-16T04:45:00Z,8.389,17.52,4.064,229.2,5.88,0.0,8.561,0.0,6.4,15.3,12.82,-124.59,-6.89,-117.7,1.71,212.09,329.8,,SW,,-15.0
003HI,2024-01-16T04:50:00Z,8.261,17.86,3.37,228.6,4.934,0.0,8.422,0.0,6.4,15.3,12.82,-123.84,-7.0,-116.84,1.33,212.17,329.01,,SW,,-14.88
003HI,2024-01-16T04:55:00Z,8.189,17.33,3.956,228.7,6.142,0.0,8.3,0.0,6.5,15.3,12.81,-123.23,-6.87,-116.36,1.61,211.98,328.34,,SW,,-15.3
003HI,2024-01-16T05:00:00Z,8.222,17.79,3.941,227.0,5.751,0.0,8.172,0.0,6.4,15.3,12.81,-123.04,-6.8,-116.23,1.58,211.89,328.13,,SW,,-14.96
003HI,2024-01-16T05:05:00Z,8.211,17.47,4.121,222.7,5.654,,8.05,0.0,6.4,15.3,12.8,-122.89,-6.71,-116.18,1.61,211.71,327.89,,SW,,-15.18
003HI,2024-01-16T05:10:00Z,7.978,19.8,3.766,218.8,5.685,0.0,7.922,0.0,6.4,15.3,12.8,-122.46,-6.71,-115.75,1.03,211.68,327.43,,SW,,-13.86
003HI,2024-01-16T05:15:00Z,7.872,19.4,3.941,218.8,6.009,0.0,7.811,0.0,6.4,15.3,12.79,-122.14,-6.62,-115.52,1.28,211.33,326.85,,SW,,-14.2
003HI,2024-01-16T05:20:00Z,7.811,19.83,3.899,217.2,5.947,0.0,7.694,0.0,6.4,15.3,12.79,-121.88,-6.61,-115.27,1.32,211.08,326.36,,SW,,-13.98
003HI,2024-01-16T05:25:00Z,7.75,19.72,3.755,214.7,5.849,0.0,7.589,0.0,6.4,15.3,12.78,-121.55,-6.59,-114.96,1.3,210.85,325.81,,SW,,-14.1
003HI,2024-01-16T05:30:00Z,7.717,19.74,4.141,216.3,6.009,0.0,7.483,0.0,6.4,15.3,12.78,-121.0,-6.52,-114.48,1.52,210.97,325.45,,SW,,-14.12
003HI,2024-01-16T05:35:00Z,7.811,18.98,3.75,214.1,5.453,0.0,7.372,0.0,6.4,15.3,12.77,-120.69,-6.54,-114.15,1.57,211.05,325.2,,SW,,-14.52
003HI,2024-01-16T05:40:00Z,7.689,19.93,3.689,214.1,5.355,0.0,7.267,0.0,6.4,15.3,12.77,-120.28,-6.55,-113.73,1.27,210.88,324.61,,SW,,-14.02
003HI,2024-01-16T05:45:00Z,7.689,19.78,3.755,215.5,5.294,0.0,7.167,0.0,6.4,15.3,12.77,-119.97,-6.57,-113.4,1.4,210.87,324.27,,SW,,-14.12
003HI,2024-01-16T05:50:00Z,7.7,19.76,3.766,215.9,6.142,0.0,7.067,0.0,6.4,15.3,12.76,-119.81,-6.54,-113.26,1.62,210.75,324.01,,SW,,-14.12
003HI,2024-01-16T05:55:00Z,7.817,19.0,3.73,217.2,6.467,0.0,6.972,0.0,6.4,15.3,12.76,-119.85,-6.57,-113.28,1.76,210.48,323.75,,SW,,-14.5
003HI,2024-01-16T06:00:00Z,7.95,17.92,3.714,217.3,6.436,0.0,6.867,0.0,6.4,15.3,12.76,-119.92,-6.62,-113.3,1.76,210.35,323.65,,SW,,-15.09
003HI,2024-01-16T06:05:00Z,7.7,18.84,3.442,212.5,4.671,0.0,6.767,0.0,6.4,15.3,12.75,-119.13,-6.59,-112.54,1.08,210.44,322.98,,SSW,,-14.7
003HI,2024-01-16T06:10:00Z,7.572,19.18,3.591,209.5,5.294,0.0,6.683,0.0,6.4,15.3,12.75,-118.48,-6.55,-111.93,1.16,210.49,322.42,,SSW,,-14.59
003HI,2024-01-16T06:15:00Z,7.433,21.35,4.306,203.7,5.751,0.0,6.6,0.0,6.4,15.3,12.75,-118.56,-6.31,-112.24,0.93,210.27,322.52,,SSW,,-13.4
003HI,2024-01-16T06:20:00Z,7.233,24.04,4.625,202.4,6.24,0.0,6.522,0.0,6.4,15.3,12.75,-118.55,-6.18,-112.37,0.75,210.26,322.63,,SSW,,-12.11
003HI,2024-01-16T06:25:00Z,7.206,23.54,4.193,203.9,5.849,0.0,6.433,0.0,6.4,15.3,12.74,-118.23,-6.27,-111.97,0.97,210.15,322.12,4.47,SSW,,-12.39
003HI,2024-01-16T06:30:00Z,7.161,24.34,4.357,203.1,5.654,0.0,6.35,0.0,6.4,15.3,12.74,-118.19,-6.21,-111.98,0.96,209.94,321.92,4.33,SSW,,-12.02
003HI,2024-01-16T06:35:00Z,7.261,23.06,4.167,205.7,5.258,0.0,6.272,0.0,6.4,15.3,12.73,-118.02,-6.25,-111.77,1.3,209.84,321.62,,SSW,,-12.6
003HI,2024-01-16T06:40:00Z,7.183,23.49,3.4,206.9,4.604,0.0,6.189,0.0,6.4,15.3,12.73,-117.38,-6.41,-110.97,1.02,210.19,321.16,4.88,SSW,,-12.44
003HI,2024-01-16T06:45:00Z,7.094,21.49,3.534,210.3,5.947,0.0,6.111,0.0,6.4,15.3,12.73,-116.5,-6.38,-110.12,1.25,210.13,320.25,4.69,SSW,,-13.61
003HI,2024-01-16T06:50:00Z,7.356,22.0,4.404,208.7,6.894,0.0,6.044,0.0,6.4,15.3,12.73,-117.19,-6.24,-110.95,1.66,209.91,320.86,,SSW,,-13.1
003HI,2024-01-16T06:55:00Z,7.511,21.22,5.17,206.0,6.96,0.0,5.967,0.0,6.4,15.3,12.72,-117.4,-6.01,-111.39,1.7,210.21,321.6,,SSW,,-13.41
003HI,2024-01-16T07:00:00Z,7.633,22.24,4.383,203.2,6.662,0.0,5.883,0.0,6.4,15.3,12.72,-117.72,-6.07,-111.65,1.16,210.55,322.2,,SSW,,-12.73
003HI,2024-01-16T07:05:00Z,6.944,28.89,4.239,197.9,6.467,0.0,5.8,0.0,6.4,15.3,12.71,-117.61,-6.18,-111.43,0.01,210.2,321.63,4.12,SSW,,-10.06
003HI,2024-01-16T07:10:00Z,6.55,31.64,3.74,197.6,6.173,0.0,5.739,0.0,6.4,15.3,12.71,-117.29,-6.23,-111.07,0.05,209.75,320.81,3.91,SSW,,-9.25
003HI,2024-01-16T07:15:00Z,6.578,31.36,4.27,203.5,6.827,0.0,5.683,0.0,6.4,15.3,12.71,-116.94,-6.15,-110.79,0.83,209.63,320.42,3.66,SSW,,-9.33
003HI,2024-01-16T07:20:00Z,6.906,28.65,4.512,205.2,6.76,0.0,5.628,0.0,6.4,15.3,12.71,-117.16,-6.13,-111.03,1.43,209.56,320.59,3.94,SSW,,-10.19
003HI,2024-01-16T07:25:00Z,6.778,30.36,4.661,205.2,6.24,0.0,5.567,0.0,6.4,15.3,12.71,-117.22,-6.04,-111.18,1.02,209.51,320.69,3.71,SSW,,-9.57
003HI,2024-01-16T07:30:00Z,6.772,31.11,4.064,205.7,6.142,0.0,5.5,0.0,6.4,15.3,12.7,-117.48,-6.14,-111.34,1.0,209.4,320.74,4.0,SSW,,-9.27
003HI,2024-01-16T07:35:00Z,6.2,36.75,3.982,197.6,7.449,0.0,5.428,0.0,6.4,15.3,12.7,-117.16,-6.21,-110.95,0.15,209.18,320.14,3.34,SSW,,-7.63
003HI,2024-01-16T07:40:00Z,6.167,35.42,3.694,198.4,5.782,0.0,5.372,0.0,6.4,15.3,12.7,-116.43,-6.04,-110.39,0.68,209.16,319.54,3.47,SSW,,-8.14
003HI,2024-01-16T07:45:00Z,6.294,33.28,3.663,205.2,6.076,0.0,5.317,0.0,6.4,15.3,12.7,-115.68,-6.25,-109.43,1.14,209.31,318.74,3.64,SSW,,-8.82
003HI,2024-01-16T07:50:00Z,6.5,31.69,4.599,214.2,6.467,0.0,5.261,0.0,6.4,15.3,12.69,-115.96,-6.07,-109.89,1.63,209.3,319.19,3.4,SW,,-9.27
003HI,2024-01-16T07:55:00Z,6.267,33.98,4.244,214.3,6.307,0.0,5.194,0.0,6.4,15.3,12.69,-116.2,-6.08,-110.12,0.98,209.23,319.35,3.29,SW,,-8.58
003HI,2024-01-16T08:00:00Z,5.967,37.45,5.083,217.2,6.96,0.0,5.139,0.0,6.4,15.3,12.69,-116.53,-5.98,-110.54,0.76,208.97,319.51,2.51,SW,,-7.59
003HI,2024-01-16T08:05:00Z,5.678,43.14,5.844,213.4,8.854,0.0,5.094,0.0,6.4,15.3,12.69,-117.12,-5.71,-111.41,0.71,208.83,320.23,1.82,SSW,,-6.0
003HI,2024-01-16T08:10:00Z,5.844,39.65,5.093,211.9,7.645,0.0,5.044,0.0,6.4,15.3,12.68,-116.71,-5.87,-110.84,1.31,208.83,319.68,2.35,SSW,,-6.96
003HI,2024-01-16T08:15:00Z,6.083,37.62,4.357,209.5,7.089,0.0,4.983,0.0,6.4,15.3,12.68,-116.1,-6.04,-110.06,1.3,209.22,319.28,3.0,SSW,,-7.43
003HI,2024-01-16T08:20:00Z,5.744,43.46,3.781,209.2,6.271,0.0,4.922,0.0,6.4,15.3,12.68,-116.21,-6.16,-110.05,0.64,208.86,318.91,2.9,SSW,,-5.85
003HI,2024-01-16T08:25:00Z,5.306,48.18,4.409,208.8,7.218,0.0,4.872,0.0,6.4,15.3,12.68,-116.21,-6.12,-110.09,0.43,208.43,318.52,2.01,SSW,,-4.88
003HI,2024-01-16T08:30:00Z,5.339,48.08,4.398,205.5,6.858,0.0,4.833,0.0,6.4,15.3,12.67,-115.95,-5.91,-110.05,0.94,208.56,318.6,2.06,SSW,,-4.88
003HI,2024-01-16T08:35:00Z,5.322,48.51,3.822,203.5,6.76,0.0,4.778,0.0,6.4,15.3,12.67,-115.83,-6.0,-109.84,0.95,208.38,318.22,2.36,SSW,,-4.78
003HI,2024-01-16T08:40:00Z,5.067,49.77,4.496,215.8,7.449,0.0,4.733,0.0,6.4,15.3,12.67,-115.89,-6.06,-109.82,0.83,207.89,317.72,1.67,SW,,-4.67
003HI,2024-01-16T08:45:00Z,5.2,47.19,4.903,215.4,8.267,0.0,4.694,0.0,6.4,15.3,12.67,-115.75,-5.86,-109.89,1.57,207.88,317.76,1.63,SW,,-5.25
003HI,2024-01-16T08:50:00Z,5.694,39.89,4.923,217.9,7.12,0.0,4.633,0.0,6.4,15.3,12.66,-115.28,-6.05,-109.23,2.02,208.14,317.36,2.24,SW,,-7.02
003HI,2024-01-16T08:55:00Z,5.883,39.09,5.108,216.7,8.622,0.0,4.572,0.0,6.4,15.3,12.66,-115.51,-5.94,-109.57,1.76,208.39,317.96,2.39,SW,,-7.11
003HI,2024-01-16T09:00:00Z,5.961,42.67,5.51,217.2,8.689,0.0,4.522,0.0,6.4,15.3,12.66,-116.19,-5.81,-110.38,1.61,208.52,318.9,2.31,SW,,-5.89
003HI,2024-01-16T09:05:00Z,5.822,47.22,4.332,213.2,6.796,0.0,4.467,0.0,6.4,15.3,12.66,-116.64,-6.01,-110.63,0.93,208.5,319.13,2.69,SSW,,-4.67
003HI,2024-01-16T09:10:00Z,5.633,46.35,4.342,215.5,6.76,0.0,4.422,0.0,6.4,15.3,12.66,-116.05,-6.12,-109.92,0.97,208.41,318.33,2.45,SW,,-5.1
003HI,2024-01-16T09:15:00Z,5.622,48.17,4.234,212.2,6.991,0.0,4.378,0.0,6.4,15.3,12.66,-116.08,-6.02,-110.06,0.95,208.27,318.33,2.5,SSW,,-4.59
003HI,2024-01-16T09:20:00Z,5.528,47.86,3.478,206.5,5.978,0.0,4.333,0.0,6.4,15.3,12.65,-115.46,-6.18,-109.28,0.99,208.28,317.56,2.82,SSW,,-4.77
003HI,2024-01-16T09:25:00Z,5.306,48.86,3.4,203.6,7.773,0.0,4.289,0.0,6.4,15.3,12.65,-114.99,-6.32,-108.67,0.74,207.96,316.64,2.6,SSW,,-4.69
003HI,2024-01-16T09:30:00Z,5.506,46.39,3.056,202.1,7.938,0.0,4.25,0.0,6.4,15.3,12.65,-114.99,-6.26,-108.73,1.06,207.43,316.16,3.07,SSW,,-5.2
003HI,2024-01-16T09:35:00Z,5.744,42.51,4.728,209.9,9.049,0.0,4.217,0.0,6.4,15.3,12.61,-115.15,-6.06,-109.1,1.81,207.23,316.33,2.4,SSW,,-6.14
003HI,2024-01-16T09:40:00Z,5.567,57.43,4.404,219.9,8.133,0.0,4.178,0.0,6.4,15.3,12.6,-117.15,-6.01,-111.13,0.9,207.45,318.58,2.34,SW,,-2.27
003HI,2024-01-16T09:45:00Z,4.861,56.73,4.332,214.8,8.005,0.0,4.133,0.0,6.4,15.3,12.57,-117.25,-6.04,-111.21,0.32,206.41,317.62,1.5,SW,,-3.1
003HI,2024-01-16T09:50:00Z,5.156,53.44,3.719,204.9,7.449,0.0,4.094,0.0,6.4,15.3,12.57,-116.25,-6.14,-110.11,1.39,206.57,316.68,2.22,SSW,,-3.63
003HI,2024-01-16T09:55:00Z,4.939,59.66,4.254,210.9,8.267,0.0,4.056,0.0,6.4,15.3,12.57,-116.82,-6.05,-110.78,0.66,206.37,317.14,1.64,SSW,,-2.34
