# STATION: 004HI
# STATION NAME: Nahuku
# LATITUDE: 19.41520
# LONGITUDE: -155.23840
# ELEVATION [ft]: 3944.0
# STATE: HI
Station_ID,Date_Time,pressure_set_1,air_temp_set_1,relative_humidity_set_1,wind_speed_set_1,wind_direction_set_1,wind_gust_set_1,solar_radiation_set_1,soil_temp_set_1,soil_temp_set_2,soil_temp_set_3,soil_temp_set_4,precip_accum_five_minute_set_1,soil_moisture_set_1,soil_moisture_set_2,soil_moisture_set_3,volt_set_1,net_radiation_set_1,net_radiation_sw_set_1,net_radiation_lw_set_1,outgoing_radiation_sw_set_1,incoming_radiation_lw_set_1,outgoing_radiation_lw_set_1,wind_chill_set_1d,wind_cardinal_direction_set_1d,heat_index_set_1d,dew_point_temperature_set_1d,altimeter_set_1d,sea_level_pressure_set_1d,wet_bulb_temperature_set_1d
,,Pascals,Celsius,%,m/s,Degrees,m/s,W/m**2,Celsius,Celsius,Celsius,Celsius,Millimeters,%,%,%,volts,W/m**2,W/m**2,W/m**2,W/m**2,W/m**2,W/m**2,Celsius,code,Celsius,Celsius,Pascals,Pascals,Celsius
004HI,2024-01-15T10:05:00Z,88000.0,12.222,100.0,1.111,191.5,2.109,0.0,,14.739,15.028,,0.0,,,,13.79,-9.0,-0.84,-8.16,0.0,372.6,380.76,,SSW,,12.22,101688.34,101422.38,
004HI,2024-01-15T10:10:00Z,88010.0,12.161,100.0,1.327,187.0,2.5,0.0,,14.722,15.022,,0.0,,,,13.79,-8.86,-0.88,-7.99,0.0,372.47,380.46,,S,,12.16,101699.89,101436.95,
004HI,2024-01-15T10:15:00Z,88010.0,12.1,100.0,1.826,179.5,2.943,0.0,,14.728,15.011,,0.0,,,,13.79,-11.82,-0.85,-10.97,0.0,369.07,380.04,,S,,12.1,101699.89,101439.99,
004HI,2024-01-15T10:20:00Z,88010.0,12.011,100.0,1.584,190.6,2.444,0.0,,14.711,15.022,,0.0,,,,13.79,-52.73,-2.44,-50.29,0.0,328.3,378.6,,S,,12.01,101699.89,101444.43,
004HI,2024-01-15T10:25:00Z,88010.0,11.961,100.0,0.514,192.2,1.497,0.0,,14.711,15.0,,0.0,,,,13.79,-59.91,-3.76,-56.15,0.0,321.57,377.72,,SSW,,11.96,101699.89,101446.93,
004HI,2024-01-15T10:30:00Z,88010.0,11.911,100.0,0.53,186.0,1.332,0.0,,14.678,15.022,,0.0,,,,13.79,-63.19,-4.25,-58.95,0.0,318.56,377.5,,S,,11.91,101699.89,101449.43,
004HI,2024-01-15T10:35:00Z,88010.0,11.878,100.0,0.921,182.2,1.389,0.0,,14.689,15.0,,0.0,,,,13.79,-71.81,-4.03,-67.78,0.0,309.54,377.33,,S,,11.88,101699.89,101451.08,
004HI,2024-01-15T10:40:00Z,88000.0,11.85,100.0,1.188,193.2,1.667,0.0,,14.672,15.022,,0.0,,,,13.79,-67.15,-4.13,-63.03,0.0,313.94,376.97,,SSW,,11.85,101688.34,101440.95,
004HI,2024-01-15T10:45:00Z,87990.0,11.822,100.0,1.415,181.4,1.888,0.0,,14.678,15.0,,0.0,,,,13.79,-71.97,-3.73,-68.24,0.0,308.63,376.87,,S,,11.82,101676.78,101430.82,
004HI,2024-01-15T10:50:00Z,88000.0,11.828,100.0,1.034,196.7,1.61,0.0,,14.672,14.978,,0.0,,,,13.79,-64.77,-3.92,-60.85,0.0,315.63,376.47,,SSW,,11.83,101688.34,101442.05,
004HI,2024-01-15T10:55:00Z,88000.0,11.85,100.0,1.62,193.5,2.387,0.0,,14.639,14.989,,0.0,,,,13.79,-51.88,-3.2,-48.69,0.0,328.22,376.91,,SSW,,11.85,101688.34,101440.95,
004HI,2024-01-15T11:00:00Z,87990.0,11.778,100.0,1.487,192.7,2.053,0.0,,14.639,15.0,,0.0,,,,13.79,-76.31,-3.69,-72.62,0.0,303.8,376.42,,SSW,,11.78,101676.78,101433.02,
004HI,2024-01-15T11:05:00Z,87990.0,11.7,100.0,1.338,192.7,2.279,0.0,,14.628,14.989,,0.0,,,,13.79,-81.12,-4.52,-76.61,0.0,299.27,375.87,,SSW,,11.7,101676.78,101436.92,
004HI,2024-01-15T11:10:00Z,87980.0,11.689,100.0,1.394,198.1,2.444,0.0,,14.622,15.022,,0.0,,,,13.79,-78.18,-4.47,-73.71,0.15,301.94,375.65,,SSW,,11.69,101665.23,101425.94,
004HI,2024-01-15T11:15:00Z,87970.0,11.728,100.0,1.374,206.0,2.053,0.0,,14.6,14.989,,0.0,,,,13.79,-52.42,-3.15,-49.27,0.11,326.78,376.05,,SSW,,11.73,101653.67,101412.47,
004HI,2024-01-15T11:20:00Z,87970.0,11.761,100.0,1.271,179.5,1.667,0.0,,14.611,14.978,,0.0,,,,13.79,-63.8,-3.21,-60.59,0.0,315.68,376.28,,S,,11.76,101653.67,101410.82,
004HI,2024-01-15T11:25:00Z,87970.0,11.772,100.0,1.759,193.6,2.886,0.0,,14.6,15.0,,0.0,,,,13.79,-56.63,-3.18,-53.45,0.0,322.86,376.32,,SSW,,11.77,101653.67,101410.27,
004HI,2024-01-15T11:30:00Z,87960.0,11.8,100.0,1.26,193.2,2.665,0.0,,14.6,14.989,,0.0,,,,13.79,-44.8,-2.44,-42.36,0.0,334.33,376.69,,SSW,,11.8,101642.11,101397.34,
004HI,2024-01-15T11:35:00Z,87960.0,11.722,100.0,1.399,187.5,2.33,0.0,,14.572,15.0,,0.0,,,,13.77,-47.88,-2.63,-45.24,0.0,331.25,376.49,,S,,11.72,101642.11,101401.24,
004HI,2024-01-15T11:40:00Z,87950.0,11.728,100.0,1.939,190.7,3.164,0.0,,14.561,14.989,,0.0,,,,13.79,-51.93,-2.52,-49.41,0.0,327.11,376.52,,S,,11.73,101630.56,101389.41,
004HI,2024-01-15T11:45:00Z,87940.0,11.811,100.0,2.341,193.5,3.277,0.0,,14.539,14.989,,0.0,,,,13.79,-55.8,-2.66,-53.14,0.0,323.55,376.69,,SSW,,11.81,101619.0,101373.73,
004HI,2024-01-15T11:50:00Z,87940.0,11.811,100.0,2.228,199.5,3.112,0.0,,14.55,14.978,,0.0,,,,13.79,-48.81,-2.5,-46.31,0.0,330.35,376.66,,SSW,,11.81,101619.0,101373.73,
004HI,2024-01-15T11:55:00Z,87930.0,11.8,100.0,2.86,220.7,3.611,0.0,,14.55,14.989,,0.0,,,,13.79,-59.88,-2.54,-57.34,0.0,319.19,376.52,,SW,,11.8,101607.45,101362.75,
004HI,2024-01-15T12:00:00Z,87920.0,11.8,100.0,2.603,216.3,3.663,0.0,,14.55,14.972,,0.0,,,,13.78,-63.62,-2.93,-60.7,0.03,315.58,376.28,,SW,,11.8,101595.89,101351.23,
004HI,2024-01-15T12:05:00Z,87910.0,11.772,100.0,3.226,211.8,4.11,0.0,,14.511,15.022,,0.0,,,,13.79,-59.48,-2.68,-56.8,0.0,319.42,376.22,,SSW,,11.77,101584.34,101341.1,
004HI,2024-01-15T12:10:00Z,87900.0,11.772,100.0,3.385,212.4,4.332,0.0,,14.528,14.978,,0.0,,,,13.79,-61.66,-2.68,-58.98,0.03,317.14,376.13,,SSW,,11.77,101572.78,101329.57,
004HI,2024-01-15T12:15:00Z,87900.0,11.711,100.0,3.406,210.3,4.11,0.0,,14.5,14.961,,0.0,,,,13.79,-46.83,-2.09,-44.73,0.0,331.16,375.9,,SSW,,11.71,101572.78,101332.62,
004HI,2024-01-15T12:20:00Z,87890.0,11.7,100.0,3.601,219.8,4.275,0.0,,14.489,14.95,,0.0,,,,13.79,-58.99,-2.43,-56.55,0.0,319.04,375.6,,SW,,11.7,101561.23,101321.64,
004HI,2024-01-15T12:25:00Z,87890.0,11.739,100.0,3.292,224.1,4.388,0.0,,14.489,14.972,,0.0,,,,13.79,-54.13,-2.43,-51.7,0.09,324.0,375.7,,SW,,11.74,101561.23,101319.69,
004HI,2024-01-15T12:30:00Z,87880.0,11.711,100.0,3.313,228.7,3.997,0.0,,14.472,14.95,,0.0,,,,13.79,-66.63,-2.68,-63.95,0.05,311.58,375.53,,SW,,11.71,101549.67,101309.56,
004HI,2024-01-15T12:35:00Z,87880.0,11.711,100.0,2.763,227.7,3.997,0.0,,14.472,14.95,,0.0,,,,13.79,-79.97,-3.58,-76.39,0.18,298.71,375.1,,SW,,11.71,101549.67,101309.56,
004HI,2024-01-15T12:40:00Z,87880.0,11.778,100.0,3.03,233.0,3.889,0.0,,14.478,14.939,,0.0,,,,13.79,-87.68,-4.02,-83.66,0.33,291.58,375.24,,SW,,11.78,101549.67,101306.21,
004HI,2024-01-15T12:45:00Z,87880.0,11.872,100.0,2.927,235.8,3.941,0.0,,14.461,14.939,,0.0,,,,13.79,-91.54,-4.22,-87.32,0.4,288.34,375.65,,SW,,11.87,101549.67,101301.52,
004HI,2024-01-15T12:50:00Z,87880.0,11.889,100.0,2.732,233.4,3.941,0.0,,14.439,14.95,,0.0,,,,13.79,-89.16,-4.15,-85.01,0.36,290.79,375.8,,SW,,11.89,101549.67,101300.67,
004HI,2024-01-15T12:55:00Z,87880.0,11.95,100.0,2.624,219.4,3.39,0.0,,14.422,14.922,,0.0,,,,13.79,-89.83,-4.28,-85.55,0.4,290.41,375.96,,SW,,11.95,101549.67,101297.63,
004HI,2024-01-15T13:00:00Z,87880.0,11.9,100.0,2.752,214.0,3.39,0.0,,14.422,14.939,,0.0,,,,13.78,-91.13,-4.44,-86.69,0.28,289.19,375.88,,SW,,11.9,101549.67,101300.12,
004HI,2024-01-15T13:05:00Z,87880.0,11.872,100.0,3.205,220.0,4.218,0.0,,14.389,14.928,,0.0,,,,13.79,-91.59,-4.54,-87.05,0.28,288.97,376.03,,SW,,11.87,101549.67,101301.52,
004HI,2024-01-15T13:10:00Z,87880.0,11.961,100.0,3.601,221.1,4.332,0.0,,14.411,14.928,,0.0,,,,13.79,-93.47,-5.18,-88.3,0.36,288.37,376.67,,SW,,11.96,101549.67,101297.08,
004HI,2024-01-15T13:15:00Z,87880.0,12.0,100.0,3.395,218.6,3.997,0.0,,14.411,14.922,,0.0,,,,13.79,-94.52,-6.19,-88.34,0.36,288.08,376.42,,SW,,12.0,101549.67,101295.14,
004HI,2024-01-15T13:20:00Z,87880.0,12.1,100.0,3.596,209.9,4.054,0.0,,14.372,14.928,,0.0,,,,13.79,-96.07,-7.65,-88.42,0.86,288.11,376.53,,SSW,,12.1,101549.67,101290.15,
004HI,2024-01-15T13:25:00Z,87880.0,12.261,99.5,3.637,206.3,4.388,0.0,,14.4,14.939,,0.0,,,,13.79,-96.7,-8.36,-88.34,1.23,288.18,376.52,,SSW,,12.18,101549.67,101282.14,
004HI,2024-01-15T13:30:00Z,87880.0,12.328,95.5,3.406,205.8,4.167,0.0,,14.361,14.939,,0.0,,,,13.79,-96.38,-8.45,-87.93,1.03,288.02,375.95,,SSW,,11.62,101549.67,101278.85,
004HI,2024-01-15T13:35:00Z,87890.0,12.361,95.4,3.421,206.7,4.167,0.0,,14.35,14.922,,0.0,,,,13.79,-95.63,-7.46,-88.17,0.86,287.73,375.9,,SSW,,11.64,101561.23,101288.74,
004HI,2024-01-15T13:40:00Z,87880.0,12.389,95.4,3.452,218.8,3.997,0.0,,14.372,14.922,,0.0,,,,13.79,-95.47,-7.06,-88.4,0.73,287.85,376.25,,SW,,11.67,101549.67,101275.82,
004HI,2024-01-15T13:45:00Z,87880.0,12.422,95.0,3.38,211.1,4.167,0.0,,14.339,14.922,,0.0,,,,13.79,-94.9,-7.17,-87.73,0.82,288.23,375.96,,SSW,,11.63,101549.67,101274.19,
004HI,2024-01-15T13:50:00Z,87880.0,12.522,95.4,3.215,217.4,3.889,0.0,,14.339,14.922,,0.0,,,,13.79,-94.61,-6.68,-87.93,0.93,288.64,376.57,,SW,,11.8,101549.67,101269.21,
004HI,2024-01-15T13:55:00Z,87880.0,12.528,94.6,3.19,218.6,3.776,0.0,,14.328,14.872,,0.0,,,,13.79,-94.56,-7.14,-87.42,0.81,288.8,376.22,,SW,,11.68,101549.67,101268.93,
004HI,2024-01-15T14:00:00Z,87890.0,12.711,94.3,3.364,211.0,4.167,0.0,,14.339,14.889,,0.0,,,,13.79,-95.52,-7.18,-88.34,1.15,288.91,377.25,,SSW,,11.81,101561.23,101271.37,
004HI,2024-01-15T14:05:00Z,87880.0,12.789,93.8,3.133,202.2,3.941,0.0,,14.311,14.872,,0.0,,,,13.79,-95.25,-6.95,-88.3,0.98,289.21,377.52,,SSW,,11.8,101549.67,101255.98,
004HI,2024-01-15T14:10:00Z,87890.0,12.85,93.7,3.179,204.3,3.941,0.0,,14.322,14.889,,0.0,,,,13.79,-94.88,-6.99,-87.9,0.98,289.78,377.68,,SSW,,11.85,101561.23,101264.48,
004HI,2024-01-15T14:15:00Z,87910.0,12.828,94.0,3.138,226.0,3.833,0.0,,14.289,14.889,,0.0,,,,13.79,-94.89,-6.79,-88.1,0.92,289.77,377.88,,SW,,11.88,101584.34,101288.62,
004HI,2024-01-15T14:20:00Z,87910.0,12.75,94.7,3.004,215.3,3.941,0.0,,14.25,14.889,,0.0,,,,13.79,-94.53,-6.67,-87.86,0.84,290.07,377.93,,SW,,11.91,101584.34,101292.47,
004HI,2024-01-15T14:25:00Z,87910.0,12.822,94.3,3.004,214.3,3.941,0.0,,14.278,14.9,,0.0,,,,13.79,-94.84,-6.73,-88.11,0.91,289.91,378.02,,SW,,11.92,101584.34,101288.91,
004HI,2024-01-15T14:30:00Z,87910.0,12.778,94.5,3.272,226.5,4.054,0.0,,14.278,14.889,,0.0,,,,13.79,-94.75,-6.49,-88.26,0.76,289.81,378.07,,SW,,11.91,101584.34,101291.09,
004HI,2024-01-15T14:35:00Z,87910.0,12.75,94.0,3.38,235.9,4.167,0.0,,14.25,14.878,,0.0,,,,13.79,-94.35,-6.66,-87.69,0.76,290.19,377.88,,SW,,11.8,101584.34,101292.48,
004HI,2024-01-15T14:40:00Z,87910.0,12.861,92.4,3.395,230.9,4.218,0.0,,14.239,14.861,,0.0,,,,13.79,-94.96,-7.45,-87.51,0.95,290.34,377.85,,SW,,11.65,101584.34,101287.0,
004HI,2024-01-15T14:45:00Z,87920.0,13.039,91.1,3.735,234.8,4.553,0.0,,14.239,14.861,,0.0,,,,13.88,-96.07,-8.13,-87.95,1.32,290.26,378.21,,SW,,11.61,101595.89,101289.72,
004HI,2024-01-15T14:50:00Z,87920.0,12.961,92.4,3.555,239.5,4.332,0.0,,14.25,14.889,,0.0,,,,13.75,-96.19,-7.19,-89.0,0.87,288.29,377.29,,WSW,,11.75,101595.89,101293.57,
004HI,2024-01-15T14:55:00Z,87930.0,12.978,92.6,3.457,235.4,4.11,0.0,,14.239,14.872,,0.0,,,,13.82,-94.99,-7.19,-87.8,1.16,289.25,377.04,,SW,,11.8,101607.45,101304.24,
004HI,2024-01-15T15:00:00Z,87930.0,12.95,92.9,3.488,234.3,4.388,0.0,,14.228,14.878,,0.0,,,,13.82,-95.03,-6.91,-88.13,0.96,289.85,377.97,,SW,,11.82,101607.45,101305.63,
004HI,2024-01-15T15:05:00Z,87930.0,12.889,93.4,3.287,231.5,4.218,0.0,,14.228,14.861,,0.0,,,,13.82,-94.94,-6.7,-88.25,0.79,289.88,378.12,,SW,,11.84,101607.45,101308.64,
004HI,2024-01-15T15:10:00Z,87930.0,12.861,93.8,3.195,224.8,4.218,0.0,,14.211,14.878,,0.0,,,,13.81,-94.93,-6.63,-88.3,0.79,289.9,378.21,,SW,,11.88,101607.45,101310.03,
004HI,2024-01-15T15:15:00Z,87930.0,12.961,93.3,3.447,229.2,4.332,0.0,,14.211,14.861,,0.0,,,,13.82,-95.15,-6.74,-88.41,0.91,290.2,378.61,,SW,,11.89,101607.45,101305.08,
004HI,2024-01-15T15:20:00Z,87930.0,12.889,92.0,3.395,233.7,4.332,0.0,,14.189,14.839,,0.0,,,,13.91,-94.67,-7.22,-87.44,0.72,290.41,377.85,,SW,,11.61,101607.45,101308.66,
004HI,2024-01-15T15:25:00Z,87930.0,12.861,90.9,3.421,241.4,4.11,0.0,,14.2,14.839,,0.0,,,,13.73,-95.38,-7.6,-87.78,0.82,288.5,376.28,,WSW,,11.4,101607.45,101310.06,
004HI,2024-01-15T15:30:00Z,87940.0,12.95,89.9,3.467,246.9,3.941,0.0,,14.189,14.839,,0.0,,,,13.81,-94.15,-8.0,-86.15,1.21,289.69,375.85,,WSW,,11.32,101619.0,101317.18,
004HI,2024-01-15T15:35:00Z,87940.0,13.039,90.5,3.457,245.3,4.218,0.0,,14.189,14.828,,0.0,,,,13.9,-93.86,-7.66,-86.2,1.12,290.92,377.12,,WSW,,11.5,101619.0,101312.77,
004HI,2024-01-15T15:40:00Z,87940.0,13.022,92.0,3.107,244.4,3.611,0.0,,14.178,14.861,,0.0,,,,13.73,-94.76,-7.03,-87.72,0.97,289.33,377.05,,WSW,,11.74,101619.0,101313.59,
004HI,2024-01-15T15:45:00Z,87940.0,13.111,91.1,3.179,247.8,3.719,0.0,,14.161,14.828,,0.0,,,,13.82,-93.73,-7.33,-86.41,1.2,290.49,376.9,,WSW,,11.68,101619.0,101309.2,
004HI,2024-01-15T15:50:00Z,87930.0,13.328,88.3,3.046,249.6,3.997,0.0,,14.15,14.811,,0.0,,,,13.91,-94.58,-8.56,-86.02,1.61,291.88,377.9,,WSW,,11.41,101607.45,101286.98,
004HI,2024-01-15T15:55:00Z,87930.0,13.589,84.8,3.148,238.2,3.498,0.0,,14.161,14.822,,0.0,,,,13.84,-96.96,-9.52,-87.44,1.65,290.62,378.06,,WSW,,11.05,101607.45,101274.15,
004HI,2024-01-15T16:00:00Z,87930.0,13.922,80.9,3.22,239.6,3.555,0.0,,14.15,14.811,,0.0,,,,13.84,-97.51,-10.51,-87.0,1.95,289.9,376.9,,WSW,,10.67,101607.45,101257.8,
004HI,2024-01-15T16:05:00Z,87930.0,13.95,81.6,3.076,236.4,3.39,0.0,,14.15,14.811,,0.0,,,,13.84,-96.78,-9.32,-87.47,1.69,289.25,376.72,,WSW,,10.82,101607.45,101256.41,
004HI,2024-01-15T16:10:00Z,87930.0,13.872,80.9,3.236,235.8,3.663,0.0,,14.139,14.811,,0.0,,,,13.84,-96.0,-8.68,-87.31,1.53,288.82,376.14,,SW,,10.62,101607.45,101260.26,
004HI,2024-01-15T16:15:00Z,87930.0,13.922,81.5,3.334,233.9,3.719,0.0,,14.128,14.8,,0.0,,,,13.84,-95.83,-7.97,-87.86,1.63,288.69,376.56,,SW,,10.78,101607.45,101257.79,
004HI,2024-01-15T16:20:00Z,87940.0,13.811,82.9,3.385,232.3,3.889,0.0,,14.161,14.8,,0.0,,,,13.84,-95.7,-7.53,-88.17,1.32,288.27,376.44,,SW,,10.93,101619.0,101274.75,
004HI,2024-01-15T16:25:00Z,87940.0,13.628,84.2,3.303,231.3,3.663,0.0,,14.15,14.811,,0.0,,,,13.84,-94.92,-7.14,-87.77,1.24,288.0,375.77,,SW,,10.99,101619.0,101283.75,
004HI,2024-01-15T16:30:00Z,87940.0,13.739,83.0,3.37,232.3,3.833,0.0,,14.111,14.778,,0.0,,,,13.84,-95.22,-7.02,-88.2,1.62,288.12,376.32,,SW,,10.88,101619.0,101278.3,
004HI,2024-01-15T16:35:00Z,87950.0,13.839,81.4,3.318,233.8,3.889,0.0,,14.128,14.811,,0.0,,,,13.84,-95.59,-7.0,-88.59,1.79,288.21,376.81,,SW,,10.68,101630.56,101284.91,
004HI,2024-01-15T16:40:00Z,87950.0,13.978,79.22,3.112,239.8,3.555,0.0,,14.122,14.789,,0.0,,,,13.84,-95.07,-6.61,-88.47,1.85,288.49,376.95,,WSW,,10.4,101630.56,101278.1,
004HI,2024-01-15T16:45:00Z,87950.0,14.139,75.66,3.184,239.6,3.719,0.0,,14.111,14.789,,0.0,,,,13.84,-93.75,-5.58,-88.17,1.99,288.8,376.97,,WSW,,9.87,101630.56,101270.23,
004HI,2024-01-15T16:50:00Z,87950.0,14.378,73.63,3.328,238.6,3.663,0.0,,14.1,14.778,,0.0,,,,13.84,-92.59,-4.46,-88.13,2.26,289.22,377.35,,WSW,,9.69,101630.56,101258.53,
004HI,2024-01-15T16:55:00Z,87950.0,14.439,72.48,3.488,235.6,4.054,0.0,,14.111,14.778,,0.0,,,,13.83,-91.41,-2.94,-88.47,2.25,289.4,377.87,,SW,,9.51,101630.56,101255.56,
004HI,2024-01-15T17:00:00Z,87950.0,14.461,74.5,3.524,236.8,3.941,1.86,,14.078,14.778,,0.0,,,,13.84,-89.76,-0.68,-89.08,2.54,289.33,378.41,,WSW,,9.94,101630.56,101254.45,
004HI,2024-01-15T17:05:00Z,87960.0,14.2,77.48,3.37,225.9,3.833,9.18,,14.089,14.778,,0.0,,,,13.84,-86.41,3.0,-89.41,6.18,288.96,378.37,,SW,,10.28,101642.11,101278.73,
004HI,2024-01-15T17:10:00Z,87960.0,13.822,78.55,3.694,218.5,4.388,18.84,,14.078,14.778,,0.0,,,,13.84,-78.68,10.95,-89.63,7.89,288.28,377.91,,SW,,10.12,101642.11,101297.3,
004HI,2024-01-15T17:15:00Z,87960.0,13.6,80.8,3.601,223.6,4.445,31.84,,14.072,14.778,,0.0,,,,13.83,-68.08,21.89,-89.97,9.95,287.97,377.93,,SW,,10.33,101642.11,101308.21,
004HI,2024-01-15T17:20:00Z,87960.0,13.489,80.2,3.251,225.1,3.833,46.36,,14.072,14.772,,0.0,,,,13.84,-55.64,34.21,-89.84,12.15,288.01,377.85,,SW,,10.11,101642.11,101313.69,
004HI,2024-01-15T17:25:00Z,87960.0,13.422,79.89,3.148,233.3,3.776,61.63,,14.072,14.761,,0.0,,,,13.84,-42.43,47.41,-89.84,14.22,287.88,377.71,,SW,,9.99,101642.11,101317.0,
004HI,2024-01-15T17:30:00Z,87960.0,13.3,77.27,2.958,241.1,3.498,77.67,,14.022,14.75,,0.0,,,,13.84,-27.9,61.42,-89.33,16.24,287.82,377.14,,WSW,,9.37,101642.11,101323.06,
004HI,2024-01-15T17:35:00Z,87950.0,13.389,76.83,3.318,241.3,3.833,95.36,,14.05,14.761,,0.0,,,,13.84,-12.77,76.76,-89.54,18.6,288.28,377.82,,WSW,,9.37,101630.56,101307.15,
004HI,2024-01-15T17:40:00Z,87960.0,13.478,77.32,3.483,242.4,4.332,113.69,,14.039,14.75,,0.0,,,,13.84,2.69,93.11,-90.41,20.58,288.51,378.93,,WSW,,9.55,101642.11,101314.27,
004HI,2024-01-15T17:45:00Z,87960.0,13.422,77.86,3.395,229.2,4.11,133.43,,14.061,14.75,,0.0,,,,13.84,19.84,110.95,-91.11,22.47,288.56,379.67,,SW,,9.6,101642.11,101317.03,
004HI,2024-01-15T17:50:00Z,87960.0,13.472,77.74,3.2,218.2,3.997,152.37,,14.05,14.761,,0.0,,,,13.84,35.98,128.17,-92.19,24.2,288.58,380.77,,SW,,9.63,101642.11,101314.56,
004HI,2024-01-15T17:55:00Z,87960.0,13.511,77.68,2.953,225.9,3.611,171.52,,14.039,14.75,,0.0,,,,13.84,53.05,145.67,-92.62,25.85,289.12,381.74,,SW,,9.65,101642.11,101312.64,
004HI,2024-01-15T18:00:00Z,87960.0,13.628,77.81,3.2,232.2,3.833,191.1,,14.011,14.728,,0.0,,,,13.84,69.96,162.96,-93.0,28.13,289.93,382.94,,SW,,9.79,101642.11,101306.87,
004HI,2024-01-15T18:05:00Z,87960.0,13.789,76.93,3.452,235.5,4.167,212.93,,14.0,14.728,,0.0,,,,13.84,88.27,182.31,-94.05,30.61,290.15,384.2,,SW,,9.78,101642.11,101298.94,
004HI,2024-01-15T18:10:00Z,87970.0,13.722,76.11,2.958,241.8,3.889,234.85,,14.011,14.722,,0.0,,,,13.84,108.41,202.47,-94.07,32.38,290.62,384.68,,WSW,,9.55,101653.67,101313.77,
004HI,2024-01-15T18:15:00Z,87970.0,13.95,73.58,3.133,238.1,4.496,256.35,,14.022,14.722,,0.0,,,,13.84,126.73,221.47,-94.74,34.88,291.6,386.34,,WSW,,9.26,101653.67,101302.58,
004HI,2024-01-15T18:20:00Z,87970.0,14.289,70.25,2.927,229.7,4.275,276.81,,14.0,14.728,,0.0,,,,13.84,143.94,240.09,-96.15,36.71,292.09,388.24,,SW,,8.9,101653.67,101285.97,
004HI,2024-01-15T18:25:00Z,87980.0,14.689,65.35,3.292,230.7,4.553,298.0,,13.978,14.722,,0.0,,,,13.84,161.8,259.14,-97.34,38.86,292.89,390.23,,SW,,8.2,101665.23,101277.95,
004HI,2024-01-15T18:30:00Z,87980.0,15.089,58.06,3.298,234.1,4.609,318.84,,14.0,14.711,,0.0,,,,13.84,179.05,278.14,-99.09,40.71,293.62,392.71,,SW,,6.84,101665.23,101258.51,
004HI,2024-01-15T18:35:00Z,87990.0,15.689,51.44,2.819,241.3,4.054,339.15,,14.0,14.711,,0.0,,,,13.84,195.71,296.57,-100.86,42.58,294.85,395.71,,WSW,,5.63,101676.78,101240.91,
004HI,2024-01-15T18:40:00Z,87990.0,15.95,49.91,2.865,242.4,3.997,358.07,,13.978,14.722,,0.0,,,,13.83,212.92,314.45,-101.53,43.62,296.45,397.98,,WSW,,5.44,101676.78,101228.27,
004HI,2024-01-15T18:45:00Z,87990.0,16.239,45.25,3.21,239.4,4.332,378.04,,13.989,14.711,,0.0,,,,13.84,230.85,332.72,-101.87,45.32,297.95,399.82,,WSW,,4.29,101676.78,101214.35,
004HI,2024-01-15T18:50:00Z,87990.0,16.472,42.88,2.881,230.4,4.11,396.9,,14.0,14.7,,0.0,,,,13.84,246.7,,-103.3,46.9,298.64,401.94,,SW,,3.73,101676.78,101203.13,
004HI,2024-01-15T18:55:00Z,87990.0,16.711,42.38,2.809,228.2,3.719,416.45,,14.011,14.722,,0.0,,,,13.84,263.15,367.98,-104.82,48.47,299.06,403.88,,SW,,3.78,101676.78,101191.61,
004HI,2024-01-15T19:00:00Z,87990.0,16.922,45.01,2.392,221.5,3.889,435.23,,14.028,14.7,,0.0,,,,13.83,278.96,385.25,-106.29,49.98,299.37,405.66,,SW,,4.84,101676.78,101181.4,
004HI,2024-01-15T19:05:00Z,88000.0,17.028,44.63,2.917,228.3,4.388,454.28,,14.028,14.672,,0.0,,,,13.84,296.07,403.11,-107.04,51.18,299.38,406.41,,SW,,4.81,101688.34,101187.81,
004HI,2024-01-15T19:10:00Z,88000.0,17.178,44.09,2.526,215.9,4.11,473.95,,14.0,14.7,,0.0,,,,13.84,312.98,421.26,-108.28,52.7,299.6,407.88,,SW,,4.78,101688.34,101180.61,
004HI,2024-01-15T19:15:00Z,88000.0,17.461,42.63,2.768,217.4,4.496,492.96,,14.0,14.678,,0.0,,,,13.84,329.38,438.48,-109.1,54.48,300.28,409.38,,SW,,4.55,101688.34,101167.05,
004HI,2024-01-15T19:20:00Z,88000.0,17.478,49.48,2.197,202.7,3.889,510.99,,14.0,14.672,,0.0,,,,13.84,345.5,455.45,-109.96,55.53,300.39,410.34,,SSW,,6.72,101688.34,101166.13,
004HI,2024-01-15T19:25:00Z,88000.0,17.472,51.24,2.546,198.5,4.553,530.98,,14.0,14.678,,0.0,,,,13.82,363.23,474.02,-110.79,56.96,299.86,410.65,,SSW,,7.23,101688.34,101166.39,
004HI,2024-01-15T19:30:00Z,88000.0,17.3,53.38,2.649,189.7,4.167,549.3,,14.028,14.689,,0.0,,,,13.81,380.22,491.14,-110.92,58.16,299.02,409.94,,S,,7.67,101688.34,101174.6,
004HI,2024-01-15T19:35:00Z,88010.0,17.089,54.18,2.948,198.4,4.831,567.62,,14.039,14.678,,0.0,,,,13.81,397.16,508.16,-110.99,59.47,298.27,409.26,,SSW,,7.7,101699.89,101196.23,
004HI,2024-01-15T19:40:00Z,88010.0,17.028,56.63,2.546,205.9,4.218,584.64,,14.039,14.672,,0.0,,,,13.81,411.81,523.49,-111.68,61.16,298.47,410.15,,SSW,,8.29,101699.89,101199.12,
004HI,2024-01-15T19:45:00Z,88010.0,17.272,56.76,2.536,207.3,4.332,602.36,,14.039,14.661,,0.0,,,,13.81,426.91,539.39,-112.48,62.97,298.99,411.47,,SSW,,8.55,101699.89,101187.39,
004HI,2024-01-15T19:50:00Z,88000.0,17.372,58.0,2.289,209.0,4.332,619.19,,14.061,14.65,,0.0,,,,13.81,442.69,555.2,-112.51,63.99,299.9,412.41,,SSW,,8.97,101688.34,101171.08,
004HI,2024-01-15T19:55:00Z,88000.0,17.3,59.02,3.02,199.9,4.774,634.45,,14.089,14.65,,0.0,,,,13.81,458.45,569.3,-110.85,65.15,301.11,411.96,,SSW,,9.16,101688.34,101174.52,
004HI,2024-01-15T20:00:00Z,88000.0,17.561,59.7,2.135,214.2,4.445,648.92,,14.072,14.672,,0.0,,,,13.81,470.34,582.39,-112.05,66.53,302.73,414.78,,SW,,9.58,101688.34,101161.99,
004HI,2024-01-15T20:05:00Z,88000.0,17.728,58.48,2.536,209.5,3.889,662.99,,14.111,14.678,,0.0,,,,13.81,483.96,595.55,-111.59,67.44,303.97,415.55,,SSW,,9.43,101688.34,101154.01,
004HI,2024-01-15T20:10:00Z,88000.0,18.039,56.55,2.294,211.3,4.445,678.22,,14.122,14.678,,0.0,,,,13.79,496.93,609.36,-112.44,68.86,304.92,417.36,,SSW,,9.22,101688.34,101139.17,
004HI,2024-01-15T20:15:00Z,87990.0,18.111,56.19,3.138,218.4,4.887,692.16,,14.122,14.661,,0.0,,,,13.79,511.07,622.52,-111.46,69.64,306.05,417.51,,SW,,9.19,101676.78,101124.25,
004HI,2024-01-15T20:20:00Z,87980.0,18.278,56.77,2.135,214.9,3.997,705.47,,14.161,14.628,,0.0,,,,13.79,522.0,634.73,-112.73,70.74,306.17,418.9,,SW,,9.5,101665.23,101104.78,
004HI,2024-01-15T20:25:00Z,87980.0,18.222,56.05,3.174,194.8,5.222,720.0,,14.189,14.639,,0.0,,,,13.78,536.38,648.51,-112.13,71.49,305.55,417.67,,SSW,,9.26,101665.23,101107.46,
004HI,2024-01-15T20:30:00Z,87980.0,17.972,54.16,3.555,195.9,6.605,732.84,,14.189,14.639,,0.0,,,,13.79,548.79,660.15,-111.36,72.7,304.74,416.1,,SSW,,8.51,101665.23,101119.42,
004HI,2024-01-15T20:35:00Z,87970.0,17.539,63.74,3.822,193.5,6.605,745.27,,14.261,14.639,,0.0,,,,13.79,561.83,671.85,-110.01,73.42,304.71,414.72,,SSW,,10.54,101653.67,101128.49,
004HI,2024-01-15T20:40:00Z,87960.0,17.761,64.53,2.557,199.6,5.278,754.59,,14.272,14.639,,0.0,,,,13.79,570.06,679.69,-109.63,74.9,307.37,417.01,,SSW,,10.94,101642.11,101106.35,
004HI,2024-01-15T20:45:00Z,87950.0,18.128,63.32,1.636,202.4,4.553,766.07,,14.339,14.639,,0.0,,,,13.76,578.65,690.17,-111.52,75.9,308.96,420.48,,SSW,,11.0,101630.56,101077.35,
004HI,2024-01-15T20:50:00Z,87950.0,18.178,63.66,3.57,214.4,6.94,778.38,,14.389,14.65,,0.0,,,,13.77,590.86,701.88,-111.02,76.5,308.06,419.08,,SW,,11.13,101630.56,101074.96,
004HI,2024-01-15T20:55:00Z,87950.0,17.739,67.57,3.138,203.6,5.998,789.51,,14.428,14.628,,0.0,,,,13.77,602.95,712.05,-109.1,77.46,308.66,417.76,,SSW,,11.62,101630.56,101095.86,
004HI,2024-01-15T21:00:00Z,87940.0,17.7,67.46,3.267,217.6,6.055,798.28,,14.478,14.628,,0.0,,,,13.76,610.13,719.74,-109.61,78.55,308.25,417.86,,SW,,11.56,101619.0,101086.23,
004HI,2024-01-15T21:05:00Z,87930.0,17.75,67.97,4.121,228.4,5.885,809.04,,14.539,14.639,,0.0,,,,13.76,619.18,729.22,-110.04,79.81,308.28,418.32,,SW,,11.72,101607.45,101072.34,
004HI,2024-01-15T21:10:00Z,87920.0,18.078,68.53,3.056,215.9,5.551,821.15,,14.589,14.639,,0.0,,,,13.76,628.94,739.48,-110.54,81.66,309.57,420.11,,SW,,12.16,101595.89,101045.17,
004HI,2024-01-15T21:15:00Z,87920.0,18.0,67.5,3.637,233.9,6.775,826.56,,14.622,14.639,,0.0,,,,13.76,634.65,744.77,-110.12,81.79,309.35,419.47,,SW,,11.85,101595.89,101048.91,
004HI,2024-01-15T21:20:00Z,87910.0,18.039,62.16,4.131,223.0,7.495,834.92,,14.65,14.639,,0.0,,,,13.76,641.73,751.96,-110.23,82.96,308.34,418.57,,SW,,10.64,101584.34,101035.64,
004HI,2024-01-15T21:25:00Z,87900.0,18.211,63.82,3.015,229.5,5.721,842.17,,14.711,14.628,,0.0,,,,13.74,646.72,758.61,-111.89,83.56,308.38,420.27,,SW,,11.2,101572.78,101015.92,
004HI,2024-01-15T21:30:00Z,87890.0,18.039,66.97,4.208,224.4,7.552,849.98,,14.761,14.639,,0.0,,,,13.74,655.45,766.06,-110.61,83.91,309.28,419.89,,SW,,11.77,101561.23,101012.57,
004HI,2024-01-15T21:35:00Z,87880.0,18.128,61.84,4.018,213.8,6.775,857.15,,14.8,14.628,,0.0,,,,13.74,659.73,772.21,-112.48,84.94,307.15,419.63,,SW,,10.65,101549.67,100996.92,
004HI,2024-01-15T21:40:00Z,87870.0,18.428,60.1,4.013,203.7,6.832,865.94,,14.828,14.622,,0.0,,,,13.74,667.44,779.78,-112.34,86.17,308.3,420.63,,SSW,,10.5,101538.11,100971.18,
004HI,2024-01-15T21:45:00Z,87860.0,18.572,60.16,3.344,201.9,6.775,869.28,,14.839,14.628,,0.0,,,,13.74,669.73,783.43,-113.71,85.84,308.53,422.24,,SSW,,10.65,101526.56,100952.84,
004HI,2024-01-15T21:50:00Z,87850.0,18.55,60.17,2.994,214.1,6.832,871.32,,14.861,14.628,,0.0,,,,13.74,672.9,785.9,,85.42,309.73,422.73,,SW,,10.63,101515.0,100942.4,
004HI,2024-01-15T21:55:00Z,87840.0,18.789,54.48,4.362,225.2,7.609,878.29,,14.878,14.65,,0.0,,,,13.74,678.99,791.95,-112.96,86.34,310.2,423.16,,SW,,9.36,101503.45,100919.66,
004HI,2024-01-15T22:00:00Z,87830.0,18.972,55.4,3.802,222.3,8.658,883.71,,14.889,14.65,,0.0,,,,13.74,682.99,796.68,-113.69,87.03,311.11,424.79,,SW,,9.79,101491.89,100899.49,
004HI,2024-01-15T22:05:00Z,87820.0,18.728,54.29,4.913,215.0,8.272,886.51,,14.922,14.65,,0.0,,,,13.74,688.07,799.68,-111.61,86.83,310.67,422.28,,SW,,9.26,101480.34,100899.58,
004HI,2024-01-15T22:10:00Z,87810.0,18.711,57.92,4.733,200.9,7.665,887.43,,14.939,14.65,,0.0,,,,13.73,689.88,800.5,-110.62,86.93,312.01,422.63,,SSW,,10.21,101468.78,100888.83,
004HI,2024-01-15T22:15:00Z,87800.0,18.55,59.7,5.33,228.1,8.221,887.44,,14.95,14.639,,0.0,,,,13.74,691.78,800.94,-109.16,86.5,312.13,421.28,,SW,,10.51,101457.23,100884.95,
004HI,2024-01-15T22:20:00Z,87800.0,18.5,59.55,4.81,223.6,8.391,889.62,,14.978,14.672,,0.0,,,,13.74,693.37,802.83,-109.45,86.79,312.32,421.77,,SW,,10.43,101457.23,100887.33,
004HI,2024-01-15T22:25:00Z,87790.0,18.411,59.23,5.643,218.1,9.548,890.8,,15.022,14.678,,0.0,,,,13.74,695.39,803.75,-108.36,87.05,312.05,420.42,,SW,,10.26,101445.67,100880.07,
004HI,2024-01-15T22:30:00Z,87780.0,18.289,61.13,5.17,216.6,8.221,891.2,,15.028,14.65,,0.0,,,,13.74,696.49,804.32,-107.83,86.88,312.26,420.09,,SW,,10.62,101434.12,100874.35,
004HI,2024-01-15T22:35:00Z,87770.0,18.072,63.71,6.06,221.2,9.111,890.09,,15.05,14.672,,0.0,,,,13.74,697.19,803.67,-106.49,86.41,312.58,419.07,,SW,,11.04,101422.56,100873.14,
004HI,2024-01-15T22:40:00Z,87760.0,17.839,64.84,6.755,216.9,10.551,890.67,,15.039,14.672,,0.0,,,,13.74,698.9,803.93,-105.03,86.74,311.91,416.94,,SW,,11.09,101411.0,100872.73,
004HI,2024-01-15T22:45:00Z,87740.0,18.05,64.96,5.988,216.4,10.109,888.74,,15.072,14.678,,0.0,,,,13.74,696.69,801.43,-104.74,87.31,313.32,418.06,,SW,,11.32,101387.89,100839.69,
004HI,2024-01-15T22:50:00Z,87730.0,17.989,66.97,6.122,220.7,9.831,886.11,,15.078,14.7,,0.0,,,,13.74,695.23,799.12,-103.89,86.99,314.03,417.92,,SW,,11.72,101376.34,100831.06,
004HI,2024-01-15T22:55:00Z,87730.0,18.139,67.37,5.782,217.8,10.16,883.55,,15.1,14.7,,0.0,,,,13.74,692.62,796.37,-103.75,87.18,314.86,418.61,,SW,,11.96,101376.34,100823.92,
004HI,2024-01-15T23:00:00Z,87720.0,18.178,69.13,5.885,231.4,8.391,880.0,,15.122,14.722,,0.0,,,,13.74,689.2,793.15,-103.96,86.85,315.49,419.45,,SW,,12.39,101364.78,100810.54,
004HI,2024-01-15T23:05:00Z,87710.0,18.139,70.23,5.896,224.7,8.828,875.68,,15.15,14.711,,0.0,,,,13.74,686.43,789.38,-102.95,86.3,316.08,419.03,,SW,,12.59,101353.23,100800.88,
004HI,2024-01-15T23:10:00Z,87700.0,18.261,71.08,5.829,229.7,8.998,871.66,,15.161,14.711,,0.0,,,,13.74,683.47,785.49,-102.02,86.17,317.94,419.96,,SW,,12.9,101341.67,100783.58,
004HI,2024-01-15T23:15:00Z,87700.0,18.378,71.4,5.988,225.1,8.941,867.06,,15.189,14.722,,0.0,,,,13.74,679.22,781.57,-102.35,85.48,318.0,420.36,,SW,,13.08,101341.67,100778.01,
004HI,2024-01-15T23:20:00Z,87690.0,18.4,71.74,6.317,218.3,9.882,863.52,,15.222,14.711,,0.0,,,,13.74,676.46,778.3,-101.83,85.22,318.02,419.86,,SW,,13.17,101330.12,100765.47,
004HI,2024-01-15T23:25:00Z,87680.0,18.378,73.39,5.304,230.1,10.381,856.64,,15.222,14.728,,0.0,,,,13.74,670.84,772.3,-101.46,84.34,319.08,420.55,,SW,,13.5,101318.56,100755.0,
004HI,2024-01-15T23:30:00Z,87670.0,18.411,74.07,6.019,229.0,9.61,850.44,,15.261,14.75,,0.0,,,,13.74,665.71,766.64,-100.92,83.8,319.22,420.15,,SW,,13.68,101307.0,100741.93,
004HI,2024-01-15T23:35:00Z,87670.0,18.3,75.36,5.469,230.6,8.72,840.15,,15.3,14.761,,0.0,,,,13.74,656.38,757.32,-100.94,82.83,318.98,419.92,,SW,,13.84,101307.0,100747.18,
004HI,2024-01-15T23:40:00Z,87660.0,18.2,76.57,5.546,225.2,9.389,837.85,,15.311,14.739,,0.0,,,,13.74,654.81,754.93,-100.12,82.92,319.38,419.5,,SW,,13.99,101295.45,100740.42,
004HI,2024-01-15T23:45:00Z,87650.0,18.389,76.52,5.042,228.0,8.771,831.71,,15.339,14.739,,0.0,,,,13.74,648.59,748.93,-100.35,82.78,320.14,420.49,,SW,,14.16,101283.89,100719.95,
004HI,2024-01-15T23:50:00Z,87650.0,18.322,77.07,5.371,221.5,9.332,823.85,,15.378,14.778,,0.0,,,,13.74,641.73,741.77,-100.05,82.07,319.99,420.04,,SW,,14.21,101283.89,100723.12,
004HI,2024-01-15T23:55:00Z,87640.0,18.239,77.4,5.587,228.7,9.332,814.83,,15.411,14.772,,0.0,,,,13.73,634.08,733.62,-99.54,81.2,319.96,419.5,,SW,,14.19,101272.34,100715.56,
004HI,2024-01-16T00:00:00Z,87650.0,18.1,77.69,6.034,238.0,10.001,799.48,,15.422,14.772,,0.0,,,,13.72,621.72,720.03,-98.3,79.45,319.69,418.0,,WSW,,14.11,101283.89,100733.66,
004HI,2024-01-16T00:05:00Z,87640.0,17.961,78.83,5.731,229.6,9.661,786.13,,15.45,14.778,,0.0,,,,13.71,610.05,707.55,-97.5,78.58,320.11,417.61,,SW,,14.21,101272.34,100728.76,
004HI,2024-01-16T00:10:00Z,87640.0,18.022,79.64,5.901,232.4,10.88,771.7,,15.489,14.778,,0.0,,,,13.72,597.82,694.14,-96.32,77.56,321.06,417.38,,SW,,14.42,101272.34,100725.85,
004HI,2024-01-16T00:15:00Z,87630.0,18.178,79.47,5.556,222.9,9.049,789.42,,15.472,14.789,,0.0,,,,13.71,612.87,708.91,-96.04,80.51,321.96,418.0,,SW,,14.54,101260.78,100706.94,
004HI,2024-01-16T00:20:00Z,87640.0,17.972,80.1,7.274,229.5,12.331,752.0,,15.489,14.811,,0.0,,,,13.71,580.18,675.45,-95.28,76.55,321.1,416.37,,SW,,14.47,101272.34,100728.22,
004HI,2024-01-16T00:25:00Z,87630.0,17.75,81.3,6.389,236.8,10.438,682.4,,15.539,14.772,,0.0,,,,13.72,523.84,612.73,-88.89,69.67,325.44,414.34,,WSW,,14.48,101260.78,100727.28,
004HI,2024-01-16T00:30:00Z,87630.0,17.7,82.3,6.142,232.5,10.88,595.9,,15.55,14.811,,0.0,,,,13.71,450.34,535.08,-84.74,60.82,328.87,413.61,,SW,,14.62,101260.78,100729.65,
004HI,2024-01-16T00:35:00Z,87630.0,17.639,82.3,7.11,228.6,10.659,659.33,,15.561,14.811,,0.0,,,,13.71,503.31,591.02,-87.71,68.31,325.62,413.33,,SW,,14.56,101260.78,100732.56,
004HI,2024-01-16T00:40:00Z,87630.0,17.539,83.8,6.014,230.3,9.548,703.24,,15.561,14.828,,0.0,,,,13.71,544.17,630.31,-86.14,72.93,327.61,413.75,,SW,,14.75,101260.78,100737.31,
004HI,2024-01-16T00:45:00Z,87630.0,18.0,81.7,5.52,226.2,9.162,667.78,,15.572,14.839,,0.0,,,,13.72,506.18,597.69,-91.5,70.09,324.49,416.0,,SW,,14.8,101260.78,100715.37,
004HI,2024-01-16T00:50:00Z,87640.0,17.889,81.5,6.924,225.9,10.001,479.59,,15.578,14.822,,0.0,,,,13.71,346.4,430.07,-83.67,49.52,328.9,412.57,,SW,,14.65,101272.34,100732.15,
004HI,2024-01-16T00:55:00Z,87630.0,17.778,82.5,5.782,235.0,10.829,694.14,,15.578,14.861,,0.0,,,,13.71,531.39,620.23,-88.84,73.91,325.52,414.36,,SW,,14.74,101260.78,100725.93,
004HI,2024-01-16T01:00:00Z,87640.0,17.878,82.8,4.861,234.4,8.55,607.59,,15.611,14.85,,0.0,,,,13.72,463.99,544.0,-80.02,63.58,335.5,415.52,,SW,,14.89,101272.34,100732.65,
004HI,2024-01-16T01:05:00Z,87640.0,17.811,83.2,5.962,230.6,10.659,612.78,,15.611,14.861,,0.0,,,,13.71,469.06,547.79,-78.73,64.99,335.78,414.51,,SW,,14.9,101272.34,100735.84,
004HI,2024-01-16T01:10:00Z,87640.0,17.778,83.5,5.916,226.5,9.939,475.16,,15.611,14.878,,0.0,,,,13.71,352.01,425.9,-73.89,49.27,339.35,413.24,,SW,,14.93,101272.34,100737.4,
004HI,2024-01-16T01:15:00Z,87640.0,17.528,84.3,6.348,231.0,10.001,407.57,,15.628,14.872,,0.0,,,,13.71,296.42,365.74,-69.32,41.83,341.32,410.63,,SW,,14.83,101272.34,100749.32,
004HI,2024-01-16T01:20:00Z,87650.0,17.322,85.3,6.868,227.5,9.718,310.24,,15.639,14.878,,0.0,,,,13.71,239.11,279.79,-40.68,30.45,367.62,408.3,,SW,,14.81,101283.89,100770.65,
004HI,2024-01-16T01:25:00Z,87650.0,17.222,86.1,6.209,222.0,9.332,295.12,,15.65,14.911,,0.0,,,,13.71,226.78,265.53,-38.75,29.59,368.74,407.49,,SW,,14.86,101283.89,100775.42,
004HI,2024-01-16T01:30:00Z,87650.0,17.189,86.5,5.746,224.7,8.55,298.81,,15.678,14.911,,0.0,,,,13.71,225.51,269.07,-43.55,29.75,363.85,407.4,,SW,,14.9,101283.89,100776.99,
004HI,2024-01-16T01:35:00Z,87650.0,17.089,86.4,5.86,230.3,9.548,280.97,,15.661,14.922,,0.0,,,,13.74,221.14,252.88,-31.73,28.09,374.94,406.68,,SW,,14.78,101283.89,100781.79,
004HI,2024-01-16T01:40:00Z,87650.0,17.189,86.3,5.119,227.6,8.221,344.56,,15.639,14.911,,0.0,,,,13.73,258.69,308.57,-49.88,35.99,358.04,407.91,,SW,,14.86,101283.89,100777.0,
004HI,2024-01-16T01:45:00Z,87660.0,17.172,86.2,5.772,222.6,9.661,253.09,,15.678,14.928,,0.0,,,,13.74,175.66,227.69,-52.03,25.4,354.56,406.59,,SW,,14.83,101295.45,100789.31,
004HI,2024-01-16T01:50:00Z,87660.0,17.089,86.7,5.911,220.7,8.658,327.63,,15.65,14.889,,0.0,,,,13.74,234.04,292.68,-58.63,34.95,347.66,406.29,,SW,,14.84,101295.45,100793.28,
004HI,2024-01-16T01:55:00Z,87670.0,17.111,86.7,4.831,228.6,8.159,175.17,,15.661,14.95,,0.0,,,,13.74,118.22,159.19,-40.98,15.98,364.69,405.66,,SW,,14.86,101307.0,100803.72,
004HI,2024-01-16T02:00:00Z,87670.0,16.939,87.5,4.635,223.6,7.495,231.44,,15.678,14.928,,0.0,,,,13.73,177.62,208.69,-31.07,22.76,374.12,405.19,,SW,,14.83,101307.0,100811.96,
004HI,2024-01-16T02:05:00Z,87680.0,16.922,87.7,4.296,229.4,7.166,176.56,,15.689,14.922,,0.0,,,,13.74,131.08,160.42,-29.33,16.15,375.26,404.59,,SW,,14.85,101318.56,100824.27,
004HI,2024-01-16T02:10:00Z,87690.0,16.739,88.4,4.45,222.0,7.439,151.4,,15.672,14.95,,0.0,,,,13.74,121.67,137.93,-16.27,13.46,387.31,403.58,,SW,,14.8,101330.12,100844.55,
004HI,2024-01-16T02:15:00Z,87690.0,16.572,89.5,4.805,222.2,7.387,124.43,,15.672,14.939,,0.0,,,,13.66,101.05,113.43,-12.38,,390.07,402.45,,SW,,14.82,101330.12,100852.56,
004HI,2024-01-16T02:20:00Z,87690.0,16.428,90.5,5.088,225.6,7.331,140.98,,15.678,14.972,,0.0,,,,13.78,115.56,128.09,-12.53,12.9,390.26,402.79,,SW,,14.86,101330.12,100859.48,
004HI,2024-01-16T02:25:00Z,87700.0,16.322,91.5,5.186,218.1,7.994,137.14,,15.678,14.95,,0.0,,,,13.64,107.54,124.72,-17.18,12.42,385.0,402.18,,SW,,14.92,101341.67,100876.08,
004HI,2024-01-16T02:30:00Z,87710.0,16.211,92.2,4.789,226.5,7.274,104.15,,15.661,14.972,,0.0,,,,13.7,86.76,94.72,-7.96,9.42,393.59,401.54,,SW,,14.93,101353.23,100892.92,
004HI,2024-01-16T02:35:00Z,87720.0,16.039,92.8,4.512,223.0,7.994,100.51,,15.672,14.978,,0.0,,,,13.7,83.65,91.48,-7.83,9.03,393.4,401.23,,SW,,14.86,101364.78,100912.72,
004HI,2024-01-16T02:40:00Z,87720.0,15.972,93.4,4.337,224.3,6.832,128.62,,15.7,15.0,,0.0,,,,13.7,100.27,116.54,-16.27,12.08,384.86,401.13,,SW,,14.9,101364.78,100915.95,
004HI,2024-01-16T02:45:00Z,87720.0,15.872,94.0,4.604,226.7,7.994,121.7,,15.678,14.989,,0.0,,,,13.7,87.84,110.04,-22.2,11.66,378.5,400.7,,SW,,14.9,101364.78,100920.78,
004HI,2024-01-16T02:50:00Z,87730.0,15.789,94.6,4.949,223.2,8.108,90.15,,15.672,15.0,,0.0,,,,13.7,71.15,81.83,-10.68,8.32,389.52,400.2,,SW,,14.92,101376.34,100936.3,
004HI,2024-01-16T02:55:00Z,87730.0,15.7,95.2,5.098,224.7,7.387,64.07,,15.672,15.022,,0.0,,,,13.7,52.41,58.29,-5.87,5.78,393.64,399.51,,SW,,14.93,101376.34,100940.6,
004HI,2024-01-16T03:00:00Z,87740.0,15.628,95.8,4.378,230.0,7.053,40.14,,15.678,15.028,,0.0,,,,13.7,32.84,36.72,-3.88,3.42,394.91,398.78,,SW,,14.95,101387.89,100955.59,
004HI,2024-01-16T03:05:00Z,87740.0,15.611,96.3,4.501,231.7,7.387,42.37,,15.7,15.022,,0.0,,,,13.7,34.56,38.6,-4.05,3.77,394.69,398.73,,SW,,15.02,101387.89,100956.4,
004HI,2024-01-16T03:10:00Z,87750.0,15.55,96.6,4.599,224.5,6.94,37.88,,15.65,15.0,,0.0,,,,13.7,31.14,34.47,-3.33,3.41,394.84,398.17,,SW,,15.01,101399.45,100970.86,
004HI,2024-01-16T03:15:00Z,87750.0,15.528,97.0,4.121,227.4,6.333,32.19,,15.65,15.072,,0.0,,,,13.7,25.65,29.3,-3.65,2.89,394.28,397.93,,SW,,15.05,101399.45,100971.93,
004HI,2024-01-16T03:20:00Z,87750.0,15.539,97.3,4.398,228.8,7.218,21.4,,15.672,15.039,,0.0,,,,13.7,16.91,19.53,-2.61,1.88,395.3,397.91,,SW,,15.11,101399.45,100971.39,
004HI,2024-01-16T03:25:00Z,87750.0,15.539,97.6,4.146,226.8,7.053,19.23,,15.65,15.05,,0.0,,,,13.7,13.24,17.78,-4.54,1.45,393.21,397.75,,SW,,15.16,101399.45,100971.38,
004HI,2024-01-16T03:30:00Z,87750.0,15.522,97.8,5.186,228.0,6.94,22.86,,15.622,15.05,,0.0,,,,13.71,15.52,20.95,-5.43,1.91,392.26,397.69,,SW,,15.17,101399.45,100972.21,
004HI,2024-01-16T03:35:00Z,87760.0,15.539,97.9,3.972,230.2,6.554,18.09,,15.622,15.078,,0.0,,,,13.73,11.56,16.8,-5.23,1.29,392.41,397.65,,SW,,15.21,101411.0,100982.89,
004HI,2024-01-16T03:40:00Z,87760.0,15.539,98.1,5.222,229.4,7.552,15.09,,15.639,15.089,,0.0,,,,13.73,9.25,14.09,-4.84,1.0,392.88,397.73,,SW,,15.24,101411.0,100982.88,
004HI,2024-01-16T03:45:00Z,87760.0,15.522,98.1,4.332,228.6,7.717,11.61,,15.611,15.078,,0.0,,,,13.72,2.68,11.04,-8.36,0.57,389.25,397.6,,SW,,15.22,101411.0,100983.71,
004HI,2024-01-16T03:50:00Z,87760.0,15.489,98.1,5.247,227.2,7.665,8.2,,15.628,15.061,,0.0,,,,13.73,2.83,7.98,-5.15,0.22,392.29,397.45,,SW,,15.19,101411.0,100985.31,
004HI,2024-01-16T03:55:00Z,87760.0,15.5,98.2,4.753,228.7,7.387,5.29,,15.611,15.078,,0.0,,,,13.73,1.84,5.28,-3.44,0.01,394.04,397.48,,SW,,15.21,101411.0,100984.77,
004HI,2024-01-16T04:00:00Z,87770.0,15.528,98.2,4.584,227.7,7.943,3.36,,15.622,15.089,,0.0,,,,13.73,0.31,3.41,-3.1,0.0,394.5,397.59,,SW,,15.24,101422.56,100994.92,
004HI,2024-01-16T04:05:00Z,87780.0,15.55,98.1,4.352,228.5,7.665,1.89,,15.589,15.061,,0.0,,,,13.73,-0.67,1.96,-2.63,0.0,394.8,397.43,,SW,,15.25,101434.12,101005.36,
004HI,2024-01-16T04:10:00Z,87780.0,15.578,98.1,4.609,227.0,7.274,0.85,,15.578,15.111,,0.0,,,,13.73,-1.31,0.92,-2.24,0.0,394.95,397.19,,SW,,15.28,101434.12,101004.0,
004HI,2024-01-16T04:15:00Z,87780.0,15.628,98.2,5.108,228.6,7.609,0.18,,15.6,15.078,,0.0,,,,13.73,-1.37,0.24,-1.61,0.0,395.49,397.1,,SW,,15.34,101434.12,101001.58,
004HI,2024-01-16T04:20:00Z,87790.0,15.639,98.3,5.021,232.4,6.94,0.0,,15.578,15.1,,0.0,,,,13.73,-1.33,-0.05,-1.28,0.0,395.67,396.95,,SW,,15.37,101445.67,101012.55,
004HI,2024-01-16T04:25:00Z,87790.0,15.672,98.4,3.956,233.6,7.166,0.0,,15.589,15.1,,0.0,,,,13.73,-1.19,-0.19,-1.0,0.0,396.11,397.11,,SW,,15.42,101445.67,101010.95,
004HI,2024-01-16T04:30:00Z,87790.0,15.711,98.6,4.29,233.6,8.771,0.0,,15.561,15.111,,0.0,,,,13.73,-1.03,-0.22,-0.81,0.0,396.61,397.41,,SW,,15.49,101445.67,101009.05,
004HI,2024-01-16T04:35:00Z,87800.0,15.772,98.7,4.671,229.8,7.387,0.0,,15.572,15.111,,0.0,,,,13.73,-0.85,-0.22,-0.63,0.0,396.93,397.57,,SW,,15.57,101457.23,101017.6,
004HI,2024-01-16T04:40:00Z,87800.0,15.811,98.8,3.93,227.0,6.554,0.0,,15.561,15.1,,0.0,,,,13.73,-0.48,-0.2,-0.29,0.0,397.46,397.74,,SW,,15.62,101457.23,101015.71,
004HI,2024-01-16T04:45:00Z,87810.0,15.828,98.8,4.548,226.8,8.272,0.0,,15.55,15.15,,0.0,,,,13.73,-0.88,-0.19,-0.68,0.0,397.35,398.04,,SW,,15.64,101468.78,101026.39,
004HI,2024-01-16T04:50:00Z,87810.0,15.839,98.9,4.63,227.9,7.053,0.0,,15.55,15.111,,0.0,,,,13.73,-0.94,-0.19,-0.75,0.0,397.23,397.98,,SW,,15.66,101468.78,101025.86,
004HI,2024-01-16T04:55:00Z,87820.0,15.861,99.0,4.944,223.2,8.499,0.0,,15.561,15.139,,0.0,,,,13.73,-1.0,-0.17,-0.84,0.0,397.29,398.13,,SW,,15.7,101480.34,101036.29,
004HI,2024-01-16T05:00:00Z,87830.0,15.878,99.0,5.108,227.8,8.391,0.0,,15.55,15.15,,0.0,,,,13.73,-1.96,-0.19,-1.77,0.0,396.57,398.35,,SW,,15.72,101491.89,101046.97,
004HI,2024-01-16T05:05:00Z,87830.0,15.911,99.1,5.592,228.5,8.108,0.0,,15.561,15.139,,0.0,,,,13.73,-2.47,-0.19,-2.28,0.0,396.16,398.44,,SW,,15.77,101491.89,101045.37,
004HI,2024-01-16T05:10:00Z,87840.0,15.928,99.1,4.527,229.4,7.773,0.0,,15.55,15.139,,0.0,,,,13.72,-2.15,-0.2,-1.95,0.0,396.56,398.51,,SW,,15.79,101503.45,101056.06,
004HI,2024-01-16T05:15:00Z,87850.0,15.939,99.2,5.52,232.5,7.943,0.0,,15.561,15.111,,0.0,,,,13.73,-1.36,-0.15,-1.21,0.0,397.36,398.57,,SW,,15.81,101515.0,101067.03,
004HI,2024-01-16T05:20:00Z,87850.0,15.95,99.2,5.263,229.2,8.159,0.0,,15.55,15.139,,0.0,,,,13.73,-0.87,-0.14,-0.74,0.0,397.78,398.52,,SW,,15.82,101515.0,101066.49,
004HI,2024-01-16T05:25:00Z,87850.0,15.961,99.2,5.69,229.1,8.55,0.0,,15.55,15.128,,0.0,,,,13.73,-1.64,-0.14,-1.5,0.0,397.0,398.51,,SW,,15.83,101515.0,101065.96,
004HI,2024-01-16T05:30:00Z,87860.0,15.972,99.3,4.481,233.4,7.331,0.0,,15.539,15.178,,0.0,,,,13.72,-1.47,-0.15,-1.33,0.0,397.28,398.6,,SW,,15.86,101526.56,101076.93,
004HI,2024-01-16T05:35:00Z,87870.0,15.978,99.3,5.546,230.2,8.828,0.0,,15.539,15.172,,0.0,,,,13.73,-2.02,-0.16,-1.86,0.0,396.83,398.7,,SW,,15.87,101538.11,101088.14,
004HI,2024-01-16T05:40:00Z,87870.0,16.011,99.4,5.144,227.9,9.162,0.0,,15.539,15.189,,0.0,,,,13.73,-2.85,-0.17,-2.68,0.0,396.19,398.87,,SW,,15.92,101538.11,101086.54,
004HI,2024-01-16T05:45:00Z,87880.0,15.989,99.4,4.8,225.7,8.55,0.0,,15.561,15.15,,0.0,,,,13.73,-7.3,-0.29,-7.01,0.0,391.73,398.74,,SW,,15.89,101549.67,101099.11,
004HI,2024-01-16T05:50:00Z,87890.0,15.978,99.4,5.222,231.3,8.272,0.0,,15.561,15.172,,0.0,,,,13.72,-5.72,-0.24,-5.49,0.0,393.31,398.8,,SW,,15.88,101561.23,101111.15,
004HI,2024-01-16T05:55:00Z,87890.0,15.961,99.4,4.635,228.4,7.994,0.0,,15.528,15.161,,0.0,,,,13.73,-4.72,-0.23,-4.49,0.0,394.17,398.66,,SW,,15.87,101561.23,101111.98,
004HI,2024-01-16T06:00:00Z,87890.0,15.939,99.5,4.522,231.5,8.72,0.0,,15.528,15.2,,0.0,,,,13.73,-10.66,-0.35,-10.31,0.0,388.2,398.51,,SW,,15.86,101561.23,101113.04,
004HI,2024-01-16T06:05:00Z,87900.0,15.889,99.5,5.628,228.1,8.828,0.0,,15.55,15.178,,0.254,,,,13.73,-7.72,-0.31,-7.41,0.0,390.95,398.36,,SW,,15.81,101572.78,101126.97,
004HI,2024-01-16T06:10:00Z,87900.0,15.922,99.5,4.985,228.6,8.442,0.0,,15.561,15.172,,0.0,,,,13.73,-6.64,-0.22,-6.42,0.0,391.97,398.39,,SW,,15.84,101572.78,101125.37,
004HI,2024-01-16T06:15:00Z,87900.0,15.95,99.6,5.242,229.8,8.771,0.0,,15.522,15.161,,0.0,,,,13.73,-8.34,-0.28,-8.06,0.0,390.6,398.66,,SW,,15.89,101572.78,101124.01,
004HI,2024-01-16T06:20:00Z,87900.0,15.961,99.6,5.741,226.4,8.828,0.0,,15.539,15.178,,0.0,,,,13.73,-15.38,-0.47,-14.91,0.0,383.66,398.57,,SW,,15.9,101572.78,101123.48,
004HI,2024-01-16T06:25:00Z,87910.0,15.939,99.6,5.006,226.9,8.828,0.0,,15.539,15.161,,0.0,,,,13.73,-13.0,-0.41,-12.59,0.0,385.82,398.41,,SW,,15.88,101584.34,101136.05,
004HI,2024-01-16T06:30:00Z,87910.0,15.939,99.6,5.757,228.2,8.272,0.0,,15.528,15.189,,0.0,,,,13.73,-20.22,-0.57,-19.65,0.0,378.75,398.4,,SW,,15.88,101584.34,101136.05,
004HI,2024-01-16T06:35:00Z,87910.0,15.928,99.7,6.081,224.4,8.941,0.0,,15.561,15.172,,0.0,,,,13.73,-18.12,-0.6,-17.52,0.0,380.79,398.31,,SW,,15.88,101584.34,101136.58,
004HI,2024-01-16T06:40:00Z,87910.0,15.978,99.7,5.16,227.3,8.442,0.0,,15.539,15.15,,0.0,,,,13.73,-4.37,-0.21,-4.17,0.0,394.38,398.55,,SW,,15.93,101584.34,101134.16,
004HI,2024-01-16T06:45:00Z,87900.0,15.989,99.7,5.751,229.8,8.941,,,15.5,15.189,,0.0,,,,13.73,-12.97,-0.36,-12.61,0.0,385.99,398.6,,SW,,15.94,101572.78,101122.12,
004HI,2024-01-16T06:50:00Z,87900.0,15.911,99.7,5.926,225.9,8.941,0.0,,15.539,15.2,,0.0,,,,13.73,-23.16,-0.73,-22.43,0.0,375.67,398.1,,SW,,15.86,101572.78,101125.9,
004HI,2024-01-16T06:55:00Z,87900.0,15.889,99.7,5.144,226.8,8.272,0.0,,15.55,15.2,,0.0,,,,13.72,-14.2,-0.47,-13.73,0.0,384.28,398.01,,SW,,15.84,101572.78,101126.97,
004HI,2024-01-16T07:00:00Z,87900.0,15.85,99.8,5.211,225.7,8.828,0.0,,15.539,15.211,,0.0,,,,13.73,-7.91,-0.34,-7.57,0.0,390.45,398.02,,SW,,15.82,101572.78,101128.86,
004HI,2024-01-16T07:05:00Z,87910.0,15.861,99.8,5.458,230.5,9.162,0.0,,15.511,15.222,,0.0,,,,13.73,-2.69,-0.13,-2.56,0.0,395.39,397.96,,SW,,15.83,101584.34,101139.83,
004HI,2024-01-16T07:10:00Z,87910.0,15.8,99.8,5.51,226.0,10.721,0.0,,15.55,15.228,,0.0,,,,13.73,-9.91,-0.29,-9.62,0.0,387.9,397.51,,SW,,15.77,101584.34,101142.79,
004HI,2024-01-16T07:15:00Z,87910.0,15.761,99.8,6.055,224.9,9.27,0.0,,15.55,15.222,,0.0,,,,13.72,-11.75,-0.33,-11.42,0.0,385.84,397.26,,SW,,15.73,101584.34,101144.68,
004HI,2024-01-16T07:20:00Z,87910.0,15.728,99.8,6.389,227.2,9.219,0.0,,15.539,15.211,,0.0,,,,13.73,-20.24,-0.59,-19.65,0.0,377.41,397.06,,SW,,15.7,101584.34,101146.28,
004HI,2024-01-16T07:25:00Z,87920.0,15.761,99.9,6.425,226.5,9.162,0.0,,15.55,15.228,,0.0,,,,13.73,-14.68,-0.43,-14.25,0.0,383.0,397.24,,SW,,15.75,101595.89,101156.18,
004HI,2024-01-16T07:30:00Z,87920.0,15.761,99.9,5.7,229.2,9.162,0.0,,15.539,15.239,,0.0,,,,13.73,-1.5,-0.11,-1.4,0.0,396.05,397.44,,SW,,15.75,101595.89,101156.18,
004HI,2024-01-16T07:35:00Z,87920.0,15.789,99.9,5.968,229.2,9.162,0.0,,15.539,15.228,,0.0,,,,13.73,-1.48,-0.07,-1.41,0.0,396.38,397.79,,SW,,15.77,101595.89,101154.82,
004HI,2024-01-16T07:40:00Z,87920.0,15.75,99.9,5.957,227.8,9.831,0.0,,15.522,15.2,,0.0,,,,13.73,-5.08,-0.14,-4.93,0.0,392.6,397.54,,SW,,15.73,101595.89,101156.72,
004HI,2024-01-16T07:45:00Z,87920.0,15.722,99.9,6.23,225.4,9.27,0.0,,15.572,15.211,,0.0,,,,13.73,-8.03,-0.23,-7.8,0.0,389.43,397.24,,SW,,15.71,101595.89,101158.08,
004HI,2024-01-16T07:50:00Z,87910.0,15.728,99.9,6.122,224.0,8.998,0.0,,15.522,15.2,,0.0,,,,13.73,-6.94,-0.25,-6.7,0.0,390.46,397.16,,SW,,15.71,101584.34,101146.28,
004HI,2024-01-16T07:55:00Z,87910.0,15.75,100.0,5.901,227.0,8.828,0.0,,15.528,15.239,,0.0,,,,13.73,-2.45,-0.08,-2.36,0.0,394.96,397.33,,SW,,15.75,101584.34,101145.21,
004HI,2024-01-16T08:00:00Z,87900.0,15.728,100.0,5.623,228.3,8.89,0.0,,15.528,15.228,,0.0,,,,13.73,-1.78,-0.08,-1.69,0.0,395.53,397.23,,SW,,15.73,101572.78,101134.77,
004HI,2024-01-16T08:05:00Z,87900.0,15.739,100.0,5.824,229.1,8.941,0.0,,15.5,15.239,,0.0,,,,13.73,-1.68,-0.07,-1.61,0.0,395.79,397.4,,SW,,15.74,101572.78,101134.24,
004HI,2024-01-16T08:10:00Z,87900.0,15.75,100.0,5.206,228.7,8.658,0.0,,15.561,15.25,,0.0,,,,13.73,-1.28,-0.06,-1.23,0.0,396.18,397.4,,SW,,15.75,101572.78,101133.7,
004HI,2024-01-16T08:15:00Z,87900.0,15.728,100.0,5.654,226.0,9.049,0.0,,15.528,15.222,,0.0,,,,13.73,-1.37,-0.07,-1.31,0.0,396.11,397.42,,SW,,15.73,101572.78,101134.77,
004HI,2024-01-16T08:20:00Z,87900.0,15.65,100.0,6.688,226.2,9.61,0.0,,15.528,15.178,,0.0,,,,13.73,-2.33,-0.08,-2.25,0.0,394.83,397.07,,SW,,15.65,101572.78,101138.56,
004HI,2024-01-16T08:25:00Z,87900.0,15.678,100.0,5.839,232.3,9.27,0.0,,15.539,15.25,,0.0,,,,13.73,-1.71,-0.07,-1.64,0.0,395.43,397.07,,SW,,15.68,101572.78,101137.2,
004HI,2024-01-16T08:30:00Z,87900.0,15.672,100.0,5.911,231.4,9.049,0.0,,15.539,15.239,,0.0,,,,13.73,-3.88,-0.12,-3.75,0.0,393.14,396.89,,SW,,15.67,101572.78,101137.49,
004HI,2024-01-16T08:35:00Z,87900.0,15.661,100.0,6.014,226.5,9.831,0.0,,15.528,15.2,,0.0,,,,13.71,-3.81,-0.12,-3.69,0.0,393.34,397.02,,SW,,15.66,101572.78,101138.02,
004HI,2024-01-16T08:40:00Z,87900.0,15.672,100.0,6.029,228.3,9.111,0.0,,15.561,15.228,,0.0,,,,13.72,-2.5,-0.09,-2.41,0.0,394.63,397.04,,SW,,15.67,101572.78,101137.49,
004HI,2024-01-16T08:45:00Z,87900.0,15.65,100.0,5.968,227.7,8.941,0.0,,15.539,15.261,,0.0,,,,13.73,-3.67,-0.11,-3.56,0.0,393.44,397.0,,SW,,15.65,101572.78,101138.56,
004HI,2024-01-16T08:50:00Z,87910.0,15.561,100.0,6.369,226.5,9.502,0.0,,15.522,15.278,,0.0,,,,13.73,-3.6,-0.1,-3.5,0.0,393.26,396.76,,SW,,15.56,101584.34,101154.39,
004HI,2024-01-16T08:55:00Z,87900.0,15.55,100.0,5.607,227.0,8.612,0.0,,15.478,15.278,,0.0,,,,13.73,-3.62,-0.11,-3.51,0.0,392.99,396.49,,SW,,15.55,101572.78,101143.42,
004HI,2024-01-16T09:00:00Z,87900.0,15.572,100.0,5.443,226.1,8.329,0.0,,15.539,15.261,,0.0,,,,13.72,-3.9,-0.13,-3.77,0.0,392.89,396.66,,SW,,15.57,101572.78,101142.35,
004HI,2024-01-16T09:05:00Z,87900.0,15.461,100.0,6.112,226.9,9.111,0.0,,15.528,15.239,,0.254,,,,13.73,-2.05,-0.03,-2.02,0.0,394.33,396.35,,SW,,15.46,101572.78,101147.74,
004HI,2024-01-16T09:10:00Z,87900.0,15.378,100.0,6.024,225.9,8.89,0.0,,15.511,15.25,,0.0,,,,13.73,-4.47,-0.09,-4.37,0.0,391.34,395.72,,SW,,15.38,101572.78,101151.78,
004HI,2024-01-16T09:15:00Z,87900.0,15.3,100.0,6.173,224.8,9.61,0.0,,15.511,15.25,,0.0,,,,13.73,-4.17,-0.13,-4.03,0.0,391.34,395.37,,SW,,15.3,101572.78,101155.58,
004HI,2024-01-16T09:20:00Z,87890.0,15.289,100.0,6.477,227.0,10.438,0.0,,15.539,15.228,,0.0,,,,13.73,-2.39,-0.06,-2.34,0.0,393.07,395.41,,SW,,15.29,101561.23,101144.61,
004HI,2024-01-16T09:25:00Z,87890.0,15.222,100.0,7.351,222.1,11.498,0.0,,15.528,15.272,,0.0,,,,13.73,-3.63,-0.05,-3.57,0.0,391.23,394.81,,SW,,15.22,101561.23,101147.87,
004HI,2024-01-16T09:30:00Z,87890.0,15.272,100.0,7.29,225.8,10.942,0.0,,15.522,15.272,,0.0,,,,13.73,-7.64,-0.2,-7.44,0.0,387.24,394.68,,SW,,15.27,101561.23,101145.43,
004HI,2024-01-16T09:35:00Z,87890.0,15.372,100.0,6.827,228.5,9.332,0.0,,15.5,15.239,,0.0,,,,13.73,-2.44,-0.1,-2.34,0.0,392.9,395.24,,SW,,15.37,101561.23,101140.57,
004HI,2024-01-16T09:40:00Z,87880.0,15.339,100.0,6.883,226.2,9.548,0.0,,15.522,15.25,,0.0,,,,13.73,-3.87,-0.1,-3.77,0.0,391.32,395.09,,SW,,15.34,101549.67,101130.66,
004HI,2024-01-16T09:45:00Z,87880.0,15.378,100.0,7.048,227.1,10.551,0.0,,15.5,15.239,,0.0,,,,13.73,-1.72,-0.1,-1.62,0.0,393.77,395.39,,SW,,15.38,101549.67,101128.77,
004HI,2024-01-16T09:50:00Z,87870.0,15.489,100.0,6.59,228.1,10.551,0.0,,15.511,15.261,,0.0,,,,13.73,-2.65,-0.09,-2.56,0.0,393.3,395.86,,SW,,15.49,101538.11,101111.86,
004HI,2024-01-16T09:55:00Z,87870.0,15.5,100.0,7.13,227.8,10.33,0.0,,15.511,15.261,,0.0,,,,13.73,-2.86,-0.09,-2.78,0.0,393.25,396.03,,SW,,15.5,101538.11,101111.33,
