# STATION: 005HI
# STATION NAME: IPIF
# LATITUDE: 19.69740
# LONGITUDE: -155.09540
# ELEVATION [ft]: 367.0
# STATE: HI
Station_ID,Date_Time,air_temp_set_1,relative_humidity_set_1,wind_speed_set_1,wind_direction_set_1,solar_radiation_set_1,precip_accum_five_minute_set_1,soil_moisture_set_1,volt_set_1,net_radiation_set_1,net_radiation_sw_set_1,net_radiation_lw_set_1,wind_chill_set_1d,wind_cardinal_direction_set_1d,heat_index_set_1d,dew_point_temperature_set_1d
,,Celsius,%,m/s,Degrees,W/m**2,Millimeters,%,volts,W/m**2,W/m**2,W/m**2,Celsius,code,Celsius,Celsius
005HI,2024-01-15T10:05:00Z,19.072,73.95,0.494,269.1,0.0,0.0,30.1,,,-0.12,-13.06,,W,,14.29
005HI,2024-01-15T10:10:00Z,19.078,73.65,0.55,252.0,0.0,0.0,30.1,12.3,,-0.12,-13.64,,WSW,,14.23
005HI,2024-01-15T10:15:00Z,19.072,73.87,0.314,257.4,0.0,0.0,30.1,,,-0.18,-15.92,,WSW,,14.27
005HI,2024-01-15T10:20:00Z,19.044,74.11,0.37,236.5,0.0,0.0,30.1,12.29,,-0.22,-21.02,,WSW,,14.3
005HI,2024-01-15T10:25:00Z,19.0,74.54,0.566,236.0,0.0,0.0,30.1,,,-0.35,-31.08,,SW,,14.34
005HI,2024-01-15T10:30:00Z,18.961,75.2,0.571,231.3,0.0,0.0,30.1,12.29,,-0.46,-38.14,,SW,,14.44
005HI,2024-01-15T10:35:00Z,18.867,76.03,0.319,246.6,0.0,0.0,30.1,,,-0.39,-32.58,,WSW,,14.52
005HI,2024-01-15T10:40:00Z,18.778,76.67,0.355,266.8,0.0,0.0,30.1,12.29,,-0.31,-26.06,,W,,14.57
005HI,2024-01-15T10:45:00Z,18.672,77.24,0.139,269.3,0.0,0.0,30.1,,,-0.31,-25.86,,W,,14.58
005HI,2024-01-15T10:50:00Z,18.594,77.33,0.288,263.0,0.0,0.0,30.1,12.28,,-0.31,-30.09,,W,,14.52
005HI,2024-01-15T10:55:00Z,18.561,77.32,0.381,251.5,0.0,0.0,30.1,,,-0.4,-37.05,,WSW,,14.49
005HI,2024-01-15T11:00:00Z,18.517,77.85,0.478,236.9,0.0,0.0,30.1,12.28,,-0.54,-48.05,,WSW,,14.55
005HI,2024-01-15T11:05:00Z,18.45,78.51,0.381,239.5,0.0,0.0,30.1,,,-0.59,-49.97,,WSW,,14.62
005HI,2024-01-15T11:10:00Z,18.378,78.93,0.211,243.4,0.0,0.0,30.1,12.27,,-0.52,-46.76,,WSW,,14.63
005HI,2024-01-15T11:15:00Z,18.328,79.52,0.149,251.6,0.0,0.0,30.1,,,-0.45,-40.37,,WSW,,14.7
005HI,2024-01-15T11:20:00Z,18.283,80.17,0.427,235.7,0.0,0.0,30.1,12.27,,-0.37,-41.55,,SW,,14.78
005HI,2024-01-15T11:25:00Z,18.306,80.55,0.478,223.9,0.0,0.0,30.1,,,-0.47,-47.42,,SW,,14.88
005HI,2024-01-15T11:30:00Z,18.333,80.56,0.545,214.9,0.0,0.0,30.1,12.27,,-0.54,-54.18,,SW,,14.91
005HI,2024-01-15T11:35:00Z,18.3,80.58,0.442,218.3,0.0,0.0,30.1,,,-0.56,-50.46,,SW,,14.88
005HI,2024-01-15T11:40:00Z,18.25,80.66,0.52,218.7,0.0,0.0,30.1,12.26,,-0.42,-44.76,,SW,,14.85
005HI,2024-01-15T11:45:00Z,18.2,80.64,0.396,227.9,0.0,0.0,30.0,,,-0.59,-56.45,,SW,,14.79
005HI,2024-01-15T11:50:00Z,18.128,80.59,0.35,235.6,0.0,0.0,30.0,12.26,,-0.65,-56.3,,SW,,14.71
005HI,2024-01-15T11:55:00Z,18.006,81.0,0.432,233.5,0.0,0.0,30.0,,,-0.5,-52.25,,SW,,14.67
005HI,2024-01-15T12:00:00Z,17.967,80.98,0.545,217.6,0.0,0.0,30.1,12.25,,-0.67,-65.4,,SW,,14.63
005HI,2024-01-15T12:05:00Z,17.906,80.35,0.489,241.6,0.0,0.0,30.1,,,-0.79,-75.03,,WSW,,14.45
005HI,2024-01-15T12:10:00Z,17.806,79.77,0.643,238.0,0.0,0.0,30.1,12.24,,-0.82,-77.5,,WSW,,14.24
005HI,2024-01-15T12:15:00Z,17.65,79.87,0.37,248.4,0.0,0.0,30.0,,,-0.87,-76.74,,WSW,,14.11
005HI,2024-01-15T12:20:00Z,17.461,80.17,0.545,243.0,0.0,0.0,30.0,12.24,,-0.83,-77.11,,WSW,,13.98
005HI,2024-01-15T12:25:00Z,17.333,80.2,0.293,256.9,0.0,0.0,30.0,,,-0.84,-77.23,,WSW,,13.86
005HI,2024-01-15T12:30:00Z,17.178,80.62,0.386,237.8,0.0,0.0,30.0,12.24,,-0.81,-75.56,,WSW,,13.79
005HI,2024-01-15T12:35:00Z,17.011,81.14,0.401,228.9,0.0,0.0,30.0,,,-0.79,-76.29,,SW,,13.73
005HI,2024-01-15T12:40:00Z,16.883,81.36,0.139,239.0,0.0,0.0,30.0,12.24,,-0.84,-75.82,,WSW,,13.65
005HI,2024-01-15T12:45:00Z,16.861,81.34,0.731,217.1,0.0,0.0,30.0,,,-0.69,-76.34,,SW,,13.62
005HI,2024-01-15T12:50:00Z,16.861,81.07,0.715,221.7,0.0,0.0,30.0,12.23,,-0.76,-76.74,,SW,,13.57
005HI,2024-01-15T12:55:00Z,16.789,81.15,0.442,235.2,0.0,0.0,30.0,,,-0.75,-75.49,,SW,,13.51
005HI,2024-01-15T13:00:00Z,16.733,81.34,0.658,223.4,0.0,0.0,30.0,12.23,,-0.73,-75.85,,SW,,13.49
005HI,2024-01-15T13:05:00Z,16.722,81.15,0.725,229.4,0.0,0.0,30.0,,,-0.71,-76.25,,SW,,13.45
005HI,2024-01-15T13:10:00Z,16.7,81.0,0.664,227.7,0.0,0.0,30.0,12.22,,-0.75,-76.37,,SW,,13.4
005HI,2024-01-15T13:15:00Z,16.689,80.74,0.607,221.8,0.0,0.0,30.0,,,-0.76,-75.88,,SW,,13.34
005HI,2024-01-15T13:20:00Z,16.589,81.0,0.561,229.8,0.0,0.0,30.0,12.22,,-0.75,-75.41,,SW,,13.29
005HI,2024-01-15T13:25:00Z,16.517,81.16,0.628,233.2,0.0,0.0,30.0,,,-0.74,-75.31,,SW,,13.25
005HI,2024-01-15T13:30:00Z,16.444,81.25,0.478,240.3,0.0,0.0,30.0,12.22,,-0.73,-75.35,,WSW,,13.2
005HI,2024-01-15T13:35:00Z,16.472,80.98,0.731,213.2,0.0,0.0,30.0,,,-0.75,-75.87,,SSW,,13.17
005HI,2024-01-15T13:40:00Z,16.417,80.98,0.612,220.3,0.0,0.0,30.0,12.22,,-0.76,-74.65,,SW,,13.12
005HI,2024-01-15T13:45:00Z,16.383,81.03,0.571,224.9,0.0,0.0,30.0,,,-0.76,-74.31,,SW,,13.09
005HI,2024-01-15T13:50:00Z,16.4,80.86,0.633,218.0,0.0,0.0,30.0,12.21,,-0.74,-74.8,,SW,,13.08
005HI,2024-01-15T13:55:00Z,16.339,81.11,0.71,214.6,0.0,0.0,30.0,,,-0.73,-74.28,,SW,,13.07
005HI,2024-01-15T14:00:00Z,16.394,80.61,0.746,221.6,0.0,0.0,30.0,12.21,,-0.68,-75.1,,SW,,13.02
005HI,2024-01-15T14:05:00Z,16.444,80.1,0.52,220.9,0.0,0.0,30.0,,,-0.77,-74.4,,SW,,12.98
005HI,2024-01-15T14:10:00Z,16.333,80.55,0.391,224.4,0.0,0.0,30.0,12.21,,-0.75,-72.39,,SW,,12.95
005HI,2024-01-15T14:15:00Z,16.167,81.43,0.298,228.4,0.0,0.0,30.0,,,-0.72,-71.31,,SW,,12.96
005HI,2024-01-15T14:20:00Z,16.078,81.99,0.427,245.9,0.0,0.0,30.0,12.2,,-0.63,-72.86,,WSW,,12.98
005HI,2024-01-15T14:25:00Z,16.067,81.99,0.612,243.5,0.0,0.0,30.0,,,-0.66,-73.92,,WSW,,12.97
005HI,2024-01-15T14:30:00Z,15.983,82.11,0.427,251.3,0.0,0.0,30.0,12.21,,-0.75,-74.69,,WSW,,12.91
005HI,2024-01-15T14:35:00Z,15.956,82.0,0.674,243.8,0.0,0.0,30.0,,,-0.72,-76.03,,WSW,,12.86
005HI,2024-01-15T14:40:00Z,15.994,81.59,0.89,236.9,0.0,0.0,30.0,12.2,,-0.69,-76.67,,WSW,,12.82
005HI,2024-01-15T14:45:00Z,16.006,81.14,0.694,249.7,0.0,0.0,30.0,,,-0.75,-76.55,,WSW,,12.75
005HI,2024-01-15T14:50:00Z,15.944,81.21,0.545,237.0,0.0,0.0,30.0,12.2,,-0.74,-75.33,,WSW,,12.7
005HI,2024-01-15T14:55:00Z,15.828,81.69,0.571,232.0,0.0,0.0,29.9,,,-0.78,-74.7,,SW,,12.68
005HI,2024-01-15T15:00:00Z,15.683,82.2,0.643,239.3,0.0,0.0,29.9,12.2,,-0.73,-74.64,,WSW,,12.63
005HI,2024-01-15T15:05:00Z,15.544,82.63,0.622,239.2,0.0,0.0,29.9,,,-0.74,-73.85,,WSW,,12.57
005HI,2024-01-15T15:10:00Z,15.494,82.37,0.694,246.3,0.0,0.0,29.9,12.19,,-0.72,-74.75,,WSW,,12.48
005HI,2024-01-15T15:15:00Z,15.444,81.79,0.607,251.8,0.0,0.0,29.9,,,-0.73,-74.73,,WSW,,12.32
005HI,2024-01-15T15:20:00Z,15.411,81.0,0.633,246.0,0.0,0.0,29.9,12.18,,-0.72,-74.53,,WSW,,12.14
005HI,2024-01-15T15:25:00Z,15.4,80.04,0.833,242.5,0.0,0.0,29.9,,,-0.67,-74.2,,WSW,,11.95
005HI,2024-01-15T15:30:00Z,15.522,78.5,1.194,235.9,0.0,0.0,29.9,12.19,,-0.68,-74.57,,SW,,11.77
005HI,2024-01-15T15:35:00Z,15.578,77.36,1.245,240.0,0.0,0.0,29.9,,,-0.7,-74.0,,WSW,,11.6
005HI,2024-01-15T15:40:00Z,15.594,77.11,0.967,238.3,0.0,0.0,29.9,12.19,,-0.67,-70.13,,WSW,,11.56
005HI,2024-01-15T15:45:00Z,15.567,77.24,0.864,239.2,0.0,0.0,29.9,,,-0.6,-63.49,,WSW,,11.56
005HI,2024-01-15T15:50:00Z,15.561,77.2,0.828,240.6,0.0,0.0,29.9,12.19,,-0.4,-48.25,,WSW,,11.55
005HI,2024-01-15T15:55:00Z,15.672,76.8,0.977,236.4,0.0,0.0,29.9,,,-0.19,-30.37,,WSW,,11.58
005HI,2024-01-15T16:00:00Z,15.822,76.26,0.911,240.1,0.0,0.0,29.9,12.19,,-0.06,-18.95,,WSW,,11.62
005HI,2024-01-15T16:05:00Z,16.006,75.34,1.019,247.3,0.0,0.0,29.9,,,-0.09,-19.61,,WSW,,11.61
005HI,2024-01-15T16:10:00Z,16.139,74.51,1.209,240.5,0.0,0.0,29.9,12.18,,-0.22,-29.38,,WSW,,11.57
005HI,2024-01-15T16:15:00Z,16.317,73.36,1.512,236.8,0.0,0.0,29.9,,,-0.34,-37.96,,WSW,,11.51
005HI,2024-01-15T16:20:00Z,16.35,73.31,1.291,237.7,0.0,0.0,29.9,12.18,,-0.38,-39.5,,WSW,,11.53
005HI,2024-01-15T16:25:00Z,16.417,72.93,1.595,236.6,0.0,0.0,29.9,,,-0.41,-43.52,,WSW,,11.51
005HI,2024-01-15T16:30:00Z,16.417,72.69,1.41,233.2,0.0,0.0,29.9,12.18,,-0.41,-45.08,,SW,,11.46
005HI,2024-01-15T16:35:00Z,16.422,72.25,1.307,231.5,0.0,0.0,29.9,,,-0.66,-68.5,,SW,,11.37
005HI,2024-01-15T16:40:00Z,16.339,71.78,1.435,237.2,0.0,0.0,29.9,12.18,,-0.63,-76.23,,WSW,,11.19
005HI,2024-01-15T16:45:00Z,16.272,71.03,1.579,235.8,0.0,0.0,29.9,,,-0.29,-77.0,,SW,,10.97
005HI,2024-01-15T16:50:00Z,16.161,70.18,1.194,230.2,0.82,0.0,29.9,12.19,,0.46,-76.69,,SW,,10.68
005HI,2024-01-15T16:55:00Z,16.039,68.77,1.384,240.3,2.38,0.0,29.9,,,1.78,-76.67,,WSW,,10.26
005HI,2024-01-15T17:00:00Z,15.894,68.13,1.127,234.1,4.64,0.0,29.9,12.18,,3.76,-76.05,,SW,,9.98
005HI,2024-01-15T17:05:00Z,15.8,68.08,1.291,236.5,7.97,0.0,29.9,,,6.65,-75.7,,WSW,,9.88
005HI,2024-01-15T17:10:00Z,15.622,69.52,1.281,232.6,15.16,0.0,29.9,12.18,,13.19,-76.21,,SW,,10.02
005HI,2024-01-15T17:15:00Z,15.583,71.06,1.137,235.4,24.83,0.0,29.9,,,21.38,-77.13,,SW,,10.31
005HI,2024-01-15T17:20:00Z,15.706,72.43,1.096,228.8,40.5,0.0,29.9,12.19,,34.08,-77.74,,SW,,10.72
005HI,2024-01-15T17:25:00Z,15.889,74.22,0.977,230.6,37.65,0.0,29.9,,,27.45,-78.71,,SW,,11.27
005HI,2024-01-15T17:30:00Z,16.139,75.73,1.235,229.0,39.51,0.0,29.9,12.2,,26.87,-80.32,,SW,,11.82
005HI,2024-01-15T17:35:00Z,16.389,76.47,1.24,217.5,42.15,0.0,29.9,,,29.03,-81.81,,SW,,12.21
005HI,2024-01-15T17:40:00Z,16.694,77.56,0.849,232.8,69.4,0.0,29.9,12.21,,55.34,-83.1,,SW,,12.72
005HI,2024-01-15T17:45:00Z,17.111,77.73,0.977,227.3,101.77,0.0,29.9,,,86.71,-84.29,,SW,,13.16
005HI,2024-01-15T17:50:00Z,17.65,76.91,1.044,224.9,145.9,0.0,29.9,12.22,,127.29,-85.24,,SW,,13.52
005HI,2024-01-15T17:55:00Z,18.211,75.95,0.839,224.2,49.12,0.0,29.9,,,27.45,-87.59,,SW,,13.87
005HI,2024-01-15T18:00:00Z,18.472,76.14,0.828,225.4,49.83,0.0,29.9,12.23,,30.61,-88.74,,SW,,14.16
005HI,2024-01-15T18:05:00Z,18.733,75.96,0.792,225.2,82.5,0.0,29.9,,,63.38,-89.24,,SW,,14.38
005HI,2024-01-15T18:10:00Z,19.161,74.58,0.988,227.7,225.15,0.0,29.9,12.23,,209.74,-87.83,,SW,,14.51
005HI,2024-01-15T18:15:00Z,19.85,72.51,0.926,223.5,244.18,0.0,29.9,,,220.81,-89.19,,SW,,14.74
005HI,2024-01-15T18:20:00Z,20.383,71.11,0.761,216.8,260.69,0.0,29.9,12.24,,219.58,-93.8,,SW,,14.94
005HI,2024-01-15T18:25:00Z,20.878,69.91,0.71,219.9,279.09,0.0,29.9,,,217.83,-99.92,,SW,,15.15
005HI,2024-01-15T18:30:00Z,21.422,68.57,0.731,229.6,295.37,0.0,29.9,12.26,,225.22,-103.94,,SW,,15.37
005HI,2024-01-15T18:35:00Z,21.811,67.18,0.859,221.7,312.05,0.0,29.9,,,236.51,-105.87,,SW,,15.43
005HI,2024-01-15T18:40:00Z,21.811,67.52,0.916,197.7,328.67,0.0,29.9,12.31,,248.74,-107.38,,SSW,,15.5
005HI,2024-01-15T18:45:00Z,22.078,68.03,1.157,204.0,347.14,0.0,29.9,,,262.85,-108.98,,SSW,,15.88
005HI,2024-01-15T18:50:00Z,22.228,68.24,0.936,198.7,364.38,0.0,29.9,12.39,,276.15,-111.29,,SSW,,16.07
005HI,2024-01-15T18:55:00Z,22.35,67.67,1.322,210.2,382.22,0.0,29.9,,,289.95,-112.01,,SSW,,16.06
005HI,2024-01-15T19:00:00Z,22.439,68.36,1.296,193.6,396.72,0.0,29.9,12.5,,301.25,-113.36,,SSW,,16.3
005HI,2024-01-15T19:05:00Z,22.633,68.87,1.271,204.5,412.82,0.0,29.9,,,313.94,-114.17,,SSW,,16.6
005HI,2024-01-15T19:10:00Z,22.617,69.07,1.831,209.1,430.93,0.0,29.9,12.65,,328.14,-114.59,,SSW,,16.63
005HI,2024-01-15T19:15:00Z,22.683,69.75,1.173,193.6,450.18,0.0,29.9,,,343.16,-116.85,,SSW,,16.85
005HI,2024-01-15T19:20:00Z,23.367,67.88,0.792,163.7,479.53,0.0,29.9,12.8,,365.86,-116.29,,SSE,,17.08
005HI,2024-01-15T19:25:00Z,23.428,66.9,,147.9,513.89,0.0,29.9,,,392.47,-112.01,,SSE,,16.91
005HI,2024-01-15T19:30:00Z,23.522,66.6,0.88,165.8,553.76,0.0,29.8,12.82,,423.53,-111.1,,SSE,,16.92
005HI,2024-01-15T19:35:00Z,23.733,66.0,1.049,128.4,524.46,0.0,29.8,,,403.85,-110.76,,SE,,16.98
005HI,2024-01-15T19:40:00Z,23.572,66.33,0.88,186.6,427.62,0.0,29.9,12.79,,332.33,-95.0,,S,,16.91
005HI,2024-01-15T19:45:00Z,23.983,65.41,0.7,94.8,657.39,0.0,29.8,,,507.62,-74.86,,E,,17.08
005HI,2024-01-15T19:50:00Z,23.683,65.37,1.173,159.2,433.05,0.0,29.8,12.79,,336.87,-74.12,,SSE,,16.78
005HI,2024-01-15T19:55:00Z,23.456,66.09,1.271,155.5,367.56,0.0,29.8,,,285.85,-91.86,,SSE,,16.74
005HI,2024-01-15T20:00:00Z,23.3,67.59,1.049,151.6,485.81,0.0,29.8,12.79,,378.75,-91.33,,SSE,,16.95
005HI,2024-01-15T20:05:00Z,23.867,65.72,1.049,152.9,604.86,0.0,29.8,,,471.22,-106.77,,SSE,,17.04
005HI,2024-01-15T20:10:00Z,24.289,64.5,1.121,137.4,641.2,0.0,29.8,12.79,,495.16,-121.08,,SE,,17.15
005HI,2024-01-15T20:15:00Z,23.961,64.19,1.43,158.2,417.27,0.0,29.8,,,324.98,-94.03,,SSE,,16.76
005HI,2024-01-15T20:20:00Z,23.506,66.38,1.121,179.2,286.36,0.0,29.8,12.79,,224.84,-89.18,,S,,16.86
005HI,2024-01-15T20:25:00Z,23.517,66.62,1.317,187.9,427.81,0.0,29.8,,,332.19,-109.64,,S,,16.92
005HI,2024-01-15T20:30:00Z,24.133,66.88,0.329,139.0,764.6,0.0,29.8,12.79,,592.05,-120.24,,SE,,17.58
005HI,2024-01-15T20:35:00Z,24.811,63.34,1.548,117.9,703.62,0.0,29.8,,,545.86,-126.22,,ESE,,17.36
005HI,2024-01-15T20:40:00Z,24.872,62.59,1.399,121.0,674.06,0.0,29.8,12.78,,523.5,-141.93,,ESE,,17.23
005HI,2024-01-15T20:45:00Z,24.444,63.88,0.7,134.3,261.1,0.0,29.8,,,210.22,-115.25,,SE,,17.14
005HI,2024-01-15T20:50:00Z,24.661,64.86,0.54,86.7,769.58,0.0,29.8,12.77,,596.6,-139.55,,E,,17.59
005HI,2024-01-15T20:55:00Z,25.278,61.69,1.049,191.3,747.15,0.0,29.7,,,581.45,-143.97,,SSW,,17.38
005HI,2024-01-15T21:00:00Z,25.667,60.09,0.941,128.3,,0.0,29.7,12.77,,592.66,-146.94,,SE,,17.33
005HI,2024-01-15T21:05:00Z,25.967,59.85,1.199,131.9,788.27,0.0,29.7,,,612.41,-142.16,,SE,,17.55
005HI,2024-01-15T21:10:00Z,25.978,59.15,1.075,147.9,786.87,0.0,29.7,12.77,,613.76,-146.88,,SSE,,17.38
005HI,2024-01-15T21:15:00Z,25.828,59.12,1.317,153.8,784.76,0.0,29.7,,,612.39,-149.04,,SSE,,17.23
005HI,2024-01-15T21:20:00Z,25.706,59.13,1.127,130.1,768.89,0.0,29.7,12.75,,602.21,-148.54,,SE,,17.12
005HI,2024-01-15T21:25:00Z,25.972,59.84,0.839,82.8,779.88,0.0,29.7,,,610.8,-153.23,,E,,17.56
005HI,2024-01-15T21:30:00Z,26.156,58.41,1.425,134.8,786.24,0.0,29.7,12.75,,615.74,-155.85,,SE,,17.35
005HI,2024-01-15T21:35:00Z,26.139,58.65,1.209,139.9,748.11,0.0,29.7,,,586.31,-154.77,,SE,,17.39
005HI,2024-01-15T21:40:00Z,25.861,58.2,1.389,118.4,699.66,0.0,29.7,12.75,,552.34,-149.25,,ESE,,17.01
005HI,2024-01-15T21:45:00Z,25.806,58.54,1.024,77.39,744.9,0.0,29.6,,,584.51,-152.7,,ENE,,17.05
005HI,2024-01-15T21:50:00Z,26.283,57.78,1.528,144.7,800.72,0.0,29.6,12.75,,629.65,-156.32,,SE,,17.29
005HI,2024-01-15T21:55:00Z,26.228,56.05,1.487,115.6,795.38,0.0,29.6,,,626.8,-156.5,,ESE,,16.76
005HI,2024-01-15T22:00:00Z,26.461,57.58,0.962,98.2,801.39,0.0,29.6,12.75,,631.32,-160.07,,E,,17.41
005HI,2024-01-15T22:05:00Z,26.822,55.86,1.538,121.4,806.92,0.0,29.6,,,636.01,-159.2,,ESE,27.6,17.26
005HI,2024-01-15T22:10:00Z,26.694,55.48,1.548,109.0,811.07,0.0,29.6,12.74,,639.46,-160.09,,ESE,27.44,17.04
005HI,2024-01-15T22:15:00Z,26.483,56.42,1.127,133.4,805.43,0.0,29.5,,,635.63,-161.42,,SE,,17.1
005HI,2024-01-15T22:20:00Z,26.589,54.83,1.729,144.6,807.44,0.0,29.5,12.74,,637.73,-159.44,,SE,,16.75
005HI,2024-01-15T22:25:00Z,26.622,55.2,1.276,150.7,807.97,0.0,29.5,,,638.63,-161.31,,SSE,,16.89
005HI,2024-01-15T22:30:00Z,26.633,55.33,1.744,117.7,809.56,0.0,29.5,12.74,,640.07,-160.7,,ESE,,16.94
005HI,2024-01-15T22:35:00Z,26.578,54.66,1.25,158.0,808.45,0.0,29.5,,,639.66,-162.15,,SSE,,16.69
005HI,2024-01-15T22:40:00Z,26.883,54.7,1.168,115.9,807.92,0.0,29.5,12.73,,639.44,-164.11,,ESE,27.59,16.99
005HI,2024-01-15T22:45:00Z,26.756,54.48,1.62,150.9,805.92,0.0,29.4,,,638.1,-162.3,,SSE,27.45,16.81
005HI,2024-01-15T22:50:00Z,27.039,54.49,1.482,164.5,804.98,0.0,29.4,12.73,,637.49,-162.12,,SSE,27.74,17.07
005HI,2024-01-15T22:55:00Z,26.917,53.9,1.317,135.2,802.97,0.0,29.4,,,635.77,-163.77,,SE,27.58,16.79
005HI,2024-01-15T23:00:00Z,27.178,53.84,1.358,127.6,800.23,0.0,29.4,12.73,,633.43,-165.45,,SE,27.85,17.02
005HI,2024-01-15T23:05:00Z,27.122,53.95,1.25,101.7,797.77,0.0,29.4,,,631.38,-164.23,,ESE,27.8,17.0
005HI,2024-01-15T23:10:00Z,26.983,54.01,1.204,116.6,791.47,0.0,29.4,12.73,,626.37,-164.25,,ESE,27.65,16.88
005HI,2024-01-15T23:15:00Z,26.917,54.47,1.857,101.7,789.84,0.0,29.3,,,624.87,-160.99,,ESE,27.61,16.96
005HI,2024-01-15T23:20:00Z,26.817,54.33,1.857,136.9,784.45,0.0,29.3,12.73,,620.78,-161.29,,SE,27.5,16.82
005HI,2024-01-15T23:25:00Z,27.011,54.33,1.523,101.0,778.85,0.0,29.3,,,616.19,-162.63,,E,27.7,17.0
005HI,2024-01-15T23:30:00Z,27.439,53.98,1.127,90.1,775.42,0.0,29.3,12.72,,613.06,-163.59,,E,28.15,17.3
005HI,2024-01-15T23:35:00Z,27.406,52.66,1.528,128.0,767.71,0.0,29.3,,,606.73,-163.69,,SE,28.01,16.88
005HI,2024-01-15T23:40:00Z,27.306,52.05,0.993,61.6,758.94,0.0,29.2,12.72,,599.65,-162.02,,ENE,27.86,16.6
005HI,2024-01-15T23:45:00Z,27.167,53.83,1.214,112.7,754.98,0.0,29.2,,,596.28,-161.72,,ESE,27.84,17.0
005HI,2024-01-15T23:50:00Z,27.339,52.98,0.772,85.4,745.66,0.0,29.2,12.72,,588.32,-163.02,,E,27.96,16.91
005HI,2024-01-15T23:55:00Z,27.172,54.53,1.703,64.7,738.16,0.0,29.2,,,582.58,-156.7,,ENE,27.89,17.21
005HI,2024-01-16T00:00:00Z,27.261,53.2,1.019,135.1,728.34,0.0,29.2,12.72,,574.58,-161.93,,SE,27.89,16.9
005HI,2024-01-16T00:05:00Z,27.45,52.33,1.646,107.6,720.62,0.0,29.1,,,567.85,-158.65,,ESE,28.03,16.82
005HI,2024-01-16T00:10:00Z,27.239,52.75,1.723,104.7,709.71,0.0,29.1,12.72,,559.11,-157.78,,ESE,27.84,16.75
005HI,2024-01-16T00:15:00Z,27.283,52.55,1.615,104.4,702.16,0.0,29.1,,,552.9,-157.4,,ESE,27.87,16.73
005HI,2024-01-16T00:20:00Z,27.361,53.27,1.173,109.3,690.38,0.0,29.1,12.72,,543.2,-158.01,,ESE,28.01,17.02
005HI,2024-01-16T00:25:00Z,27.456,52.97,1.461,39.4,680.05,0.0,29.1,,,534.63,-156.41,,NE,28.09,17.02
005HI,2024-01-16T00:30:00Z,27.55,53.42,1.116,58.23,668.3,0.0,29.1,12.72,,524.81,-155.99,,ENE,28.23,17.24
005HI,2024-01-16T00:35:00Z,27.7,53.04,2.083,50.58,657.15,0.0,29.0,,,515.92,-150.64,,NE,28.37,17.27
005HI,2024-01-16T00:40:00Z,27.85,52.81,1.096,62.58,645.01,0.0,29.0,12.72,,505.91,-154.09,,ENE,28.53,17.34
005HI,2024-01-16T00:45:00Z,27.667,52.31,1.605,64.38,632.12,0.0,29.0,,,495.66,-150.82,,ENE,28.27,17.02
005HI,2024-01-16T00:50:00Z,27.622,52.29,1.461,49.35,620.99,0.0,29.0,12.72,,486.13,-150.76,,NE,28.22,16.97
005HI,2024-01-16T00:55:00Z,27.5,53.21,1.25,102.4,609.71,0.0,29.0,,,477.05,-151.67,,ESE,28.16,17.13
005HI,2024-01-16T01:00:00Z,27.611,52.37,2.33,43.73,594.55,0.0,29.0,12.71,,464.88,-146.02,,NE,28.22,16.98
005HI,2024-01-16T01:05:00Z,27.578,51.96,1.878,36.73,580.11,0.0,28.9,,,453.31,-147.07,,NE,28.15,16.83
005HI,2024-01-16T01:10:00Z,27.494,52.27,1.96,32.44,565.18,0.0,28.9,12.72,,441.13,-146.71,,NNE,28.08,16.84
005HI,2024-01-16T01:15:00Z,27.722,51.97,1.07,48.85,552.57,0.0,28.9,,,430.71,-149.52,,NE,28.31,16.96
005HI,2024-01-16T01:20:00Z,27.867,51.49,0.746,99.9,537.89,0.0,28.9,12.71,,418.98,-150.97,,E,28.43,16.95
005HI,2024-01-16T01:25:00Z,27.944,51.02,0.803,79.16,523.9,0.0,28.9,,,407.48,-150.36,,E,28.48,16.88
005HI,2024-01-16T01:30:00Z,27.983,49.9,0.535,126.5,509.31,0.0,28.9,12.72,,395.49,-149.87,,SE,28.42,16.57
005HI,2024-01-16T01:35:00Z,28.028,50.43,0.561,70.7,493.86,0.0,28.8,,,383.2,-147.23,,ENE,28.52,16.77
005HI,2024-01-16T01:40:00Z,27.994,51.35,1.687,24.58,478.71,0.0,28.8,12.72,,371.17,-141.83,,NNE,28.56,17.03
005HI,2024-01-16T01:45:00Z,27.689,54.8,2.243,331.1,464.13,0.0,28.8,,,359.63,-136.48,,NNW,28.51,17.77
005HI,2024-01-16T01:50:00Z,27.411,56.38,2.233,347.3,445.82,0.0,28.8,12.71,,345.44,-134.65,,NNW,28.31,17.96
005HI,2024-01-16T01:55:00Z,27.417,55.56,1.708,354.7,428.7,0.0,28.8,,,331.93,-133.99,,N,28.25,17.74
005HI,2024-01-16T02:00:00Z,27.217,57.56,2.799,357.7,411.7,0.0,28.8,12.71,,318.64,-128.89,,N,28.17,18.11
005HI,2024-01-16T02:05:00Z,26.889,58.23,3.226,340.8,395.42,0.0,28.8,,,306.02,-126.35,,NNW,27.82,17.99
005HI,2024-01-16T02:10:00Z,26.689,59.8,2.984,338.0,378.96,0.0,28.8,12.72,,293.28,-124.66,,NNW,27.69,18.22
005HI,2024-01-16T02:15:00Z,27.044,57.4,2.495,5.58,361.27,0.0,28.7,,,279.21,-123.84,,N,27.95,17.9
005HI,2024-01-16T02:20:00Z,27.094,57.99,2.233,354.6,342.91,0.0,28.7,12.72,,264.98,-123.13,,N,28.05,18.11
005HI,2024-01-16T02:25:00Z,26.889,58.92,2.572,351.3,325.82,0.0,28.7,,,251.69,-120.47,,N,27.87,18.17
005HI,2024-01-16T02:30:00Z,26.406,61.85,2.881,336.0,309.61,0.0,28.7,12.72,,239.16,-118.66,,NNW,,18.49
005HI,2024-01-16T02:35:00Z,26.1,62.34,2.464,331.4,287.96,0.0,28.7,,,221.44,-117.02,,NNW,,18.33
005HI,2024-01-16T02:40:00Z,25.839,63.08,2.577,348.5,271.4,0.0,28.7,12.73,,208.95,-115.3,,NNW,,18.27
005HI,2024-01-16T02:45:00Z,25.761,64.13,2.14,344.1,255.47,0.0,28.7,,,197.1,-114.76,,NNW,,18.46
005HI,2024-01-16T02:50:00Z,25.644,64.29,2.346,329.0,241.74,0.0,28.7,12.74,,187.6,-113.29,,NNW,,18.39
005HI,2024-01-16T02:55:00Z,25.467,64.01,2.228,313.3,223.81,0.0,28.6,,,174.6,-110.43,,NW,,18.15
005HI,2024-01-16T03:00:00Z,25.278,65.13,2.176,326.6,206.47,0.0,28.6,12.74,,161.87,-108.92,,NNW,,18.25
005HI,2024-01-16T03:05:00Z,25.15,66.6,1.785,312.5,186.32,0.0,28.6,,,146.02,-107.33,,NW,,18.48
005HI,2024-01-16T03:10:00Z,25.078,67.47,1.734,318.7,171.08,0.0,28.6,12.74,,135.16,-105.62,,NW,,18.62
005HI,2024-01-16T03:15:00Z,24.889,68.45,2.243,331.2,153.9,0.0,28.6,,,123.22,-103.64,,NNW,,18.67
005HI,2024-01-16T03:20:00Z,24.694,69.14,1.677,319.5,136.59,0.0,28.6,12.76,,111.91,-102.42,,NW,,18.64
005HI,2024-01-16T03:25:00Z,24.539,69.48,1.518,309.6,114.37,0.0,28.6,,,96.08,-100.29,,NW,,18.57
005HI,2024-01-16T03:30:00Z,24.311,70.2,1.77,318.9,88.76,0.0,28.6,12.76,,77.45,-98.24,,NW,,18.52
005HI,2024-01-16T03:35:00Z,24.128,70.87,1.59,321.0,67.14,0.0,28.6,,,61.22,-96.97,,NW,,18.49
005HI,2024-01-16T03:40:00Z,23.994,71.62,1.224,306.5,57.51,0.0,28.6,12.76,,53.61,-95.19,,NW,,18.53
005HI,2024-01-16T03:45:00Z,23.772,72.61,1.384,297.6,25.12,0.0,28.6,,,22.41,-94.06,,WNW,,18.54
005HI,2024-01-16T03:50:00Z,23.522,73.61,1.137,291.7,12.89,0.0,28.6,12.59,,11.08,-92.33,,WNW,,18.52
005HI,2024-01-16T03:55:00Z,23.311,74.19,0.972,298.5,9.48,0.0,28.6,,,8.02,-90.46,,WNW,,18.44
005HI,2024-01-16T04:00:00Z,23.156,74.52,0.797,294.9,6.6,0.0,28.6,12.51,,5.44,-88.34,,WNW,,18.36
005HI,2024-01-16T04:05:00Z,22.978,75.14,0.612,292.2,4.04,0.0,28.6,,,3.19,-86.0,,WNW,,18.32
005HI,2024-01-16T04:10:00Z,22.811,76.06,0.808,282.4,2.23,0.0,28.6,12.48,,1.58,-84.84,,WNW,,18.35
005HI,2024-01-16T04:15:00Z,22.656,76.75,0.612,245.1,0.77,0.0,28.6,,,0.35,-82.8,,WSW,,18.35
005HI,2024-01-16T04:20:00Z,22.428,77.76,0.53,228.9,0.0,0.0,28.6,12.46,,-0.39,-80.22,,SW,,18.34
005HI,2024-01-16T04:25:00Z,22.189,78.65,0.525,216.0,0.0,0.0,28.6,,,-0.76,-78.12,,SW,,18.29
005HI,2024-01-16T04:30:00Z,21.989,79.77,0.478,206.7,0.0,0.0,28.5,12.45,,-0.86,-75.96,,SSW,,18.32
005HI,2024-01-16T04:35:00Z,21.839,80.43,0.859,203.2,0.0,0.0,28.5,,,-0.81,-76.52,,SSW,,18.3
005HI,2024-01-16T04:40:00Z,21.739,80.81,0.818,202.8,0.0,0.0,28.5,12.43,,-0.84,-76.26,,SSW,,18.28
005HI,2024-01-16T04:45:00Z,21.667,81.34,0.736,208.9,0.0,0.0,28.5,,,-0.82,-76.0,,SSW,,18.32
005HI,2024-01-16T04:50:00Z,21.472,82.11,0.952,200.8,0.0,0.0,28.5,12.42,,-0.9,-76.01,,SSW,,18.28
005HI,2024-01-16T04:55:00Z,21.289,82.81,0.931,204.0,0.0,0.0,28.5,,,-0.86,-76.42,,SSW,,18.23
005HI,2024-01-16T05:00:00Z,21.117,83.49,0.823,216.2,0.0,0.0,28.5,12.41,,-0.83,-75.22,,SW,,18.2
005HI,2024-01-16T05:05:00Z,21.011,84.12,0.756,206.4,0.0,0.0,28.5,,,-0.82,-74.58,,SSW,,18.21
005HI,2024-01-16T05:10:00Z,20.978,84.0,0.643,195.0,0.0,0.0,28.5,12.41,,-0.87,-74.8,,SSW,,18.16
005HI,2024-01-16T05:15:00Z,20.772,84.48,0.509,173.0,0.0,0.0,28.5,,,-0.91,-74.44,,S,,18.05
005HI,2024-01-16T05:20:00Z,20.717,84.68,0.298,135.4,0.0,0.0,28.5,12.4,,-0.93,-74.91,,SE,,18.03
005HI,2024-01-16T05:25:00Z,20.611,84.76,0.046,157.5,0.0,0.0,28.5,,,-1.03,-71.8,,SSE,,17.94
005HI,2024-01-16T05:30:00Z,20.394,85.0,0.206,232.1,0.0,0.0,28.5,12.39,,-0.81,-71.23,,SW,,17.77
005HI,2024-01-16T05:35:00Z,20.072,85.68,0.376,253.1,0.0,0.0,28.5,,,-0.75,-70.82,,WSW,,17.58
005HI,2024-01-16T05:40:00Z,20.017,86.92,0.648,252.2,0.0,0.0,28.5,12.38,,-0.66,-71.62,,WSW,,17.76
005HI,2024-01-16T05:45:00Z,20.006,87.23,0.571,247.9,0.0,0.0,28.5,,,-0.76,-73.6,,WSW,,17.8
005HI,2024-01-16T05:50:00Z,19.933,87.43,0.561,247.3,0.0,0.0,28.5,12.38,,-0.82,-75.03,,WSW,,17.77
005HI,2024-01-16T05:55:00Z,19.839,87.59,0.535,253.7,0.0,0.0,28.5,,,-0.82,-75.15,,WSW,,17.71
005HI,2024-01-16T06:00:00Z,19.767,87.67,0.396,253.1,0.0,0.0,28.5,12.37,,-0.83,-74.38,,WSW,,17.65
005HI,2024-01-16T06:05:00Z,19.672,87.89,0.741,236.6,0.0,0.0,28.5,,,-0.75,-74.64,,WSW,,17.6
005HI,2024-01-16T06:10:00Z,19.6,88.23,0.869,238.3,0.0,0.0,28.5,12.37,,-0.75,-74.82,,WSW,,17.59
005HI,2024-01-16T06:15:00Z,19.506,88.39,0.586,241.3,0.0,0.0,28.5,,,-0.81,-74.86,,WSW,,17.52
005HI,2024-01-16T06:20:00Z,19.4,88.55,0.797,225.3,0.0,0.0,28.5,12.36,,-0.75,-73.79,,SW,,17.45
005HI,2024-01-16T06:25:00Z,19.356,88.48,0.54,221.9,0.0,0.0,28.5,,,-0.85,-73.37,,SW,,17.39
005HI,2024-01-16T06:30:00Z,19.161,88.6,0.767,228.9,0.0,0.0,28.5,12.36,,-0.77,-73.11,,SW,,17.22
005HI,2024-01-16T06:35:00Z,19.1,88.11,0.576,222.2,0.0,0.0,28.5,,,-0.8,-73.27,,SW,,17.07
005HI,2024-01-16T06:40:00Z,19.0,87.35,0.905,228.9,0.0,0.0,28.5,12.35,,-0.75,-73.46,,SW,,16.84
005HI,2024-01-16T06:45:00Z,18.889,86.9,0.741,232.3,0.0,0.0,28.5,,,-0.77,-72.96,,SW,,16.64
005HI,2024-01-16T06:50:00Z,18.772,86.87,0.628,233.7,0.0,0.0,28.5,12.35,,-0.78,-72.72,,SW,,16.52
005HI,2024-01-16T06:55:00Z,18.678,86.96,0.231,231.8,0.0,0.0,28.5,,,-0.82,-71.35,,SW,,16.45
005HI,2024-01-16T07:00:00Z,18.6,86.68,0.458,235.9,0.0,0.0,28.4,12.34,,-0.73,-70.66,,SW,,16.32
005HI,2024-01-16T07:05:00Z,18.494,86.81,0.489,219.8,0.0,0.0,28.5,,,-0.78,-70.53,,SW,,16.24
005HI,2024-01-16T07:10:00Z,18.339,87.05,0.581,239.3,0.0,0.0,28.5,12.33,,-0.72,-70.37,,WSW,,16.13
005HI,2024-01-16T07:15:00Z,18.272,87.03,0.386,228.9,0.0,0.0,28.4,,,-0.81,-70.75,,SW,,16.06
005HI,2024-01-16T07:20:00Z,18.139,87.02,0.55,245.9,0.0,0.0,28.4,12.34,,-0.71,-69.64,,WSW,,15.93
005HI,2024-01-16T07:25:00Z,18.017,87.16,0.55,237.4,0.0,0.0,28.4,,,-0.72,-69.59,,WSW,,15.83
005HI,2024-01-16T07:30:00Z,17.9,87.32,0.082,241.7,0.0,0.0,28.4,12.33,,-0.78,-68.81,,WSW,,15.75
005HI,2024-01-16T07:35:00Z,17.917,86.88,0.705,212.6,0.0,0.0,28.4,,,-0.65,-68.76,,SSW,,15.68
005HI,2024-01-16T07:40:00Z,17.944,85.51,0.72,217.7,0.0,0.0,28.4,12.33,,-0.71,-68.97,,SW,,15.46
005HI,2024-01-16T07:45:00Z,17.844,84.98,0.417,239.0,0.0,0.0,28.4,,,-0.71,-68.11,,WSW,,15.27
005HI,2024-01-16T07:50:00Z,17.744,84.6,0.355,233.0,0.0,0.0,28.4,12.32,,-0.71,-68.4,,SW,,15.1
005HI,2024-01-16T07:55:00Z,17.822,84.01,0.833,209.4,0.0,0.0,28.4,,,-0.64,-68.1,,SSW,,15.06
005HI,2024-01-16T08:00:00Z,17.939,83.24,0.875,223.2,0.0,0.0,28.4,12.32,,-0.66,-67.68,,SW,,15.03
005HI,2024-01-16T08:05:00Z,17.889,83.23,0.741,242.1,0.0,0.0,28.4,,,-0.65,-67.3,,WSW,,14.98
005HI,2024-01-16T08:10:00Z,17.839,83.12,0.694,234.3,0.0,0.0,28.4,12.32,,-0.69,-67.6,,SW,,14.91
005HI,2024-01-16T08:15:00Z,17.956,82.09,0.998,215.8,0.0,0.0,28.4,,,-0.65,-68.23,,SW,,14.83
005HI,2024-01-16T08:20:00Z,18.122,79.81,1.034,219.7,0.0,0.0,28.4,12.31,,-0.63,-68.76,,SW,,14.56
005HI,2024-01-16T08:25:00Z,18.122,78.7,0.916,220.8,0.0,0.0,28.4,,,-0.71,-68.68,,SW,,14.34
005HI,2024-01-16T08:30:00Z,18.072,78.66,0.926,230.9,0.0,0.0,28.4,12.31,,-0.68,-67.89,,SW,,14.28
005HI,2024-01-16T08:35:00Z,18.056,78.42,0.859,229.3,0.0,0.0,28.4,,,-0.69,-67.49,,SW,,14.22
005HI,2024-01-16T08:40:00Z,18.028,78.2,0.823,225.1,0.0,0.0,28.4,12.31,,-0.68,-66.95,,SW,,14.15
005HI,2024-01-16T08:45:00Z,18.011,77.73,1.096,231.0,0.0,0.0,28.4,,,-0.65,-66.78,,SW,,14.04
005HI,2024-01-16T08:50:00Z,18.022,76.63,1.374,230.7,0.0,0.0,28.4,12.31,,-0.62,-66.09,,SW,,13.83
005HI,2024-01-16T08:55:00Z,18.056,76.63,1.286,229.1,0.0,0.0,28.4,,,-0.62,-62.93,,SW,,13.86
005HI,2024-01-16T09:00:00Z,18.106,77.31,1.075,228.5,0.0,0.0,28.4,12.3,,-0.56,-59.01,,SW,,14.04
005HI,2024-01-16T09:05:00Z,18.133,77.86,1.008,232.9,0.0,0.0,28.4,,,-0.5,-53.46,,SW,,14.18
005HI,2024-01-16T09:10:00Z,18.083,78.41,0.782,237.9,0.0,0.0,28.4,12.3,,-0.55,-55.04,,WSW,,14.24
005HI,2024-01-16T09:15:00Z,18.033,79.03,0.864,229.0,0.0,0.0,28.4,,,-0.52,-51.09,,SW,,14.32
005HI,2024-01-16T09:20:00Z,17.983,79.87,0.576,241.3,0.0,0.0,28.4,12.29,,-0.26,-27.79,,WSW,,14.43
005HI,2024-01-16T09:25:00Z,18.017,80.52,0.622,244.7,0.0,0.0,28.4,,,-0.05,-15.44,,WSW,,14.59
005HI,2024-01-16T09:30:00Z,18.194,79.89,0.947,240.5,0.03,0.0,28.4,12.29,,0.02,-11.9,,WSW,,14.64
005HI,2024-01-16T09:35:00Z,18.339,79.29,0.854,232.7,0.0,0.0,28.4,,,-0.26,-31.89,,SW,,14.66
005HI,2024-01-16T09:40:00Z,18.372,79.24,0.689,245.3,0.0,0.0,28.4,12.29,,-0.59,-50.84,,WSW,,14.69
005HI,2024-01-16T09:45:00Z,18.278,79.66,0.376,251.1,0.0,0.0,28.4,,,-0.73,-58.91,,WSW,,14.68
005HI,2024-01-16T09:50:00Z,18.106,80.26,0.427,251.1,0.0,0.0,28.4,12.28,,-0.73,-62.35,,WSW,,14.63
005HI,2024-01-16T09:55:00Z,17.917,80.71,0.715,239.4,0.0,0.0,28.4,,,-0.69,-64.8,,WSW,,14.53
