# STATION: 006HI
# STATION NAME: Spencer
# LATITUDE: 19.96400
# LONGITUDE: -155.25000
# ELEVATION [ft]: 1539.0
# STATE: HI
Station_ID,Date_Time,air_temp_set_1,relative_humidity_set_1,wind_speed_set_1,wind_direction_set_1,solar_radiation_set_1,soil_temp_set_1,precip_accum_five_minute_set_1,soil_moisture_set_1,soil_moisture_set_2,soil_moisture_set_3,volt_set_1,net_radiation_set_1,net_radiation_sw_set_1,net_radiation_lw_set_1,outgoing_radiation_sw_set_1,incoming_radiation_lw_set_1,outgoing_radiation_lw_set_1,wind_chill_set_1d,wind_cardinal_direction_set_1d,heat_index_set_1d,dew_point_temperature_set_1d
,,Celsius,%,m/s,Degrees,W/m**2,Celsius,Millimeters,%,%,%,volts,W/m**2,W/m**2,W/m**2,W/m**2,W/m**2,W/m**2,Celsius,code,Celsius,Celsius
006HI,2024-01-15T10:05:00Z,15.433,83.74,1.353,208.6,0.0,18.55,0.0,66.3,67.6,72.7,,-75.77,-0.65,-75.11,0.0,305.2,380.94,,SSW,,12.67
006HI,2024-01-15T10:10:00Z,14.989,85.49,2.104,201.5,0.0,18.539,0.0,66.3,67.6,72.7,12.17,-75.55,-0.69,-74.86,0.0,304.96,380.11,,SSW,,12.55
006HI,2024-01-15T10:15:00Z,14.761,87.38,2.526,202.1,0.0,18.522,0.0,66.3,67.6,72.7,,-74.86,-0.62,-74.24,0.0,305.71,380.3,,SSW,,12.67
006HI,2024-01-15T10:20:00Z,14.75,87.13,2.788,195.7,0.0,18.5,0.0,66.3,67.6,72.7,12.16,-75.64,-0.65,-74.99,0.04,305.43,380.55,,SSW,,12.61
006HI,2024-01-15T10:25:00Z,14.811,86.11,2.577,191.7,0.0,18.472,0.0,66.3,67.6,72.7,,-75.86,-0.68,-75.17,0.0,304.25,379.98,,SSW,,12.49
006HI,2024-01-15T10:30:00Z,14.711,86.2,2.12,190.1,0.0,18.45,0.0,66.3,67.6,72.7,12.16,-74.74,-0.67,-74.08,0.0,304.43,378.79,,S,,12.41
006HI,2024-01-15T10:35:00Z,14.561,86.98,2.351,191.9,0.0,18.428,0.0,66.3,67.6,72.7,,-73.86,-0.65,-73.22,0.0,304.71,378.22,,SSW,,12.4
006HI,2024-01-15T10:40:00Z,14.567,87.12,2.264,195.4,0.0,18.411,0.0,66.2,67.6,72.7,12.16,-74.16,-0.62,-73.53,0.0,304.76,378.64,,SSW,,12.43
006HI,2024-01-15T10:45:00Z,14.594,86.95,2.521,196.1,0.0,18.378,0.0,66.2,67.6,72.7,,-74.08,-0.6,-73.48,0.0,305.02,378.76,,SSW,,12.43
006HI,2024-01-15T10:50:00Z,14.667,86.02,2.377,200.1,0.0,18.361,0.0,66.3,67.6,72.7,12.16,-74.14,-0.58,-73.56,0.0,304.58,378.59,,SSW,,12.33
006HI,2024-01-15T10:55:00Z,14.45,86.61,2.217,193.6,0.0,18.339,0.0,66.2,67.6,72.7,,-75.2,-0.66,-74.54,0.0,302.9,377.81,,SSW,,12.22
006HI,2024-01-15T11:00:00Z,14.622,86.97,2.428,188.8,0.0,18.311,0.0,66.2,67.6,72.7,12.15,-75.9,-0.58,-75.32,0.06,303.8,379.4,,S,,12.46
006HI,2024-01-15T11:05:00Z,15.239,83.54,3.051,186.6,0.0,18.278,0.0,66.3,67.6,72.7,,-78.45,-0.61,-77.84,0.05,302.73,380.96,,S,,12.44
006HI,2024-01-15T11:10:00Z,15.844,81.56,3.076,186.8,0.0,18.25,0.0,66.3,67.6,72.7,12.15,-81.2,-0.67,-80.53,0.09,302.35,383.28,,S,,12.67
006HI,2024-01-15T11:15:00Z,16.256,79.34,3.04,191.7,0.0,18.211,0.0,66.3,67.6,72.7,,-82.52,-0.65,-81.88,0.01,301.65,383.99,,SSW,,12.65
006HI,2024-01-15T11:20:00Z,16.256,79.59,3.246,185.9,0.0,18.178,0.0,66.2,67.6,72.7,12.15,-82.95,-0.67,-82.28,0.0,301.69,384.45,,S,,12.69
006HI,2024-01-15T11:25:00Z,16.472,78.68,2.886,183.1,0.0,18.161,0.0,66.2,67.6,72.7,,-83.29,-0.68,-82.61,0.0,301.71,384.97,,S,,12.73
006HI,2024-01-15T11:30:00Z,16.533,76.94,3.082,190.3,0.0,18.15,0.0,66.2,67.6,72.7,12.15,-83.67,-0.67,-83.0,0.0,300.35,384.01,,S,,12.44
006HI,2024-01-15T11:35:00Z,16.189,77.6,2.521,199.5,0.0,18.128,0.0,66.2,67.6,72.7,,-82.92,-0.68,-82.24,0.0,299.78,382.6,,SSW,,12.24
006HI,2024-01-15T11:40:00Z,15.85,79.48,2.691,194.7,0.0,18.128,0.0,66.2,67.6,72.7,12.14,-81.67,-0.67,-81.0,0.0,299.87,381.52,,SSW,,12.28
006HI,2024-01-15T11:45:00Z,15.833,79.91,2.855,191.6,0.0,18.122,0.0,66.2,67.6,72.7,,-81.46,-0.66,-80.79,0.0,299.86,381.38,,SSW,,12.34
006HI,2024-01-15T11:50:00Z,15.911,79.73,2.84,196.2,0.0,18.111,0.0,66.2,67.6,72.7,12.14,-81.3,-0.61,-80.69,0.0,300.34,381.75,,SSW,,12.38
006HI,2024-01-15T11:55:00Z,15.922,78.85,2.608,198.3,0.0,18.089,0.0,66.2,67.6,72.7,,-81.32,-0.65,-80.68,0.0,299.72,381.21,,SSW,,12.22
006HI,2024-01-15T12:00:00Z,15.617,79.62,2.145,206.4,0.0,18.078,0.0,66.2,67.6,72.7,12.14,-80.47,-0.66,-79.81,0.0,299.58,380.07,,SSW,,12.08
006HI,2024-01-15T12:05:00Z,15.522,81.02,2.264,201.8,0.0,18.061,0.0,66.2,67.6,72.7,,-80.35,-0.59,-79.76,0.0,300.34,380.65,,SSW,,12.25
006HI,2024-01-15T12:10:00Z,15.522,80.45,1.857,204.0,0.0,18.05,0.0,66.2,67.6,72.7,12.13,-80.06,-0.63,-79.43,0.0,299.67,379.75,,SSW,,12.14
006HI,2024-01-15T12:15:00Z,15.294,81.4,1.631,209.6,0.0,18.028,0.0,66.2,67.6,72.7,,-79.68,-0.66,-79.03,0.0,299.91,379.54,,SSW,,12.1
006HI,2024-01-15T12:20:00Z,15.183,82.21,1.682,210.6,0.0,18.022,0.0,66.2,67.6,72.7,12.13,-79.76,-0.63,-79.13,0.0,299.56,379.21,,SSW,,12.14
006HI,2024-01-15T12:25:00Z,15.239,82.54,1.929,201.2,0.0,18.0,0.0,66.2,67.6,72.7,,-79.43,-0.55,-78.88,0.0,299.71,379.1,,SSW,,12.26
006HI,2024-01-15T12:30:00Z,15.2,82.34,2.058,203.2,0.0,17.978,0.0,66.2,67.6,72.7,12.13,-79.02,-0.59,-78.43,0.0,299.17,378.15,,SSW,,12.18
006HI,2024-01-15T12:35:00Z,15.35,81.8,2.336,198.6,0.0,17.961,0.0,66.2,67.6,72.7,,-78.92,-0.54,-78.38,0.0,299.35,378.22,,SSW,,12.23
006HI,2024-01-15T12:40:00Z,15.333,81.67,2.598,195.2,0.0,17.939,0.0,66.2,67.6,72.7,12.13,-79.24,-0.63,-78.61,0.0,298.99,378.2,,SSW,,12.19
006HI,2024-01-15T12:45:00Z,15.472,81.25,2.536,200.5,0.0,17.922,0.0,66.2,67.6,72.7,,-79.92,-0.57,-79.35,0.0,299.13,379.2,,SSW,,12.25
006HI,2024-01-15T12:50:00Z,15.178,81.72,2.588,198.8,0.0,17.9,0.0,66.2,67.6,72.7,12.12,-79.4,-0.66,-78.74,0.0,298.67,378.04,,SSW,,12.05
006HI,2024-01-15T12:55:00Z,15.006,83.16,2.598,195.5,0.0,17.878,0.0,66.2,67.6,72.7,,-78.28,-0.62,-77.65,0.0,299.47,377.7,,SSW,,12.15
006HI,2024-01-15T13:00:00Z,14.894,83.64,2.531,197.1,0.0,17.861,0.0,66.2,67.6,72.7,12.13,-77.49,-0.6,-76.89,0.0,299.72,377.07,,SSW,,12.12
006HI,2024-01-15T13:05:00Z,14.789,84.45,2.531,197.1,0.0,17.85,0.0,66.2,67.6,72.7,,-77.35,-0.63,-76.72,0.0,300.02,377.1,,SSW,,12.17
006HI,2024-01-15T13:10:00Z,14.944,84.98,2.603,198.7,0.0,17.828,0.0,66.2,67.6,72.7,12.12,-77.17,-0.58,-76.59,0.0,300.93,377.93,,SSW,,12.42
006HI,2024-01-15T13:15:00Z,14.883,84.82,2.166,201.4,0.0,17.811,0.0,66.2,67.6,72.7,,-76.82,-0.58,-76.24,0.0,300.57,377.36,,SSW,,12.33
006HI,2024-01-15T13:20:00Z,14.817,86.12,2.397,195.0,0.0,17.789,0.0,66.2,67.6,72.7,12.12,-76.31,-0.63,-75.68,0.0,300.98,377.12,,SSW,,12.5
006HI,2024-01-15T13:25:00Z,14.739,86.23,1.708,207.9,0.0,17.772,0.0,66.2,67.6,72.7,,-76.46,-0.6,-75.85,0.0,300.71,377.0,,SSW,,12.44
006HI,2024-01-15T13:30:00Z,14.744,87.06,1.795,204.2,0.0,17.75,0.0,66.2,67.6,72.7,12.12,-76.34,-0.58,-75.77,0.0,301.42,377.6,,SSW,,12.59
006HI,2024-01-15T13:35:00Z,14.606,87.49,2.032,199.3,0.0,17.739,0.0,66.2,67.6,72.7,,-75.4,-0.61,-74.79,0.0,301.75,376.97,,SSW,,12.53
006HI,2024-01-15T13:40:00Z,14.744,87.48,1.888,204.0,0.0,17.722,0.0,66.2,67.6,72.7,12.12,-75.28,-0.53,-74.75,0.0,301.94,377.19,,SSW,,12.67
006HI,2024-01-15T13:45:00Z,14.672,87.1,1.523,206.1,0.0,17.7,0.0,66.2,67.6,72.7,,-75.04,-0.63,-74.41,0.0,301.83,376.73,,SSW,,12.53
006HI,2024-01-15T13:50:00Z,14.3,88.48,1.43,207.2,0.0,17.689,0.0,66.2,67.6,72.7,12.11,-73.62,-0.66,-72.96,0.0,303.18,376.5,,SSW,,12.4
006HI,2024-01-15T13:55:00Z,14.444,89.61,2.083,203.9,0.0,17.672,0.0,66.2,67.6,72.7,,-71.68,-0.5,-71.18,0.0,305.03,376.59,,SSW,,12.74
006HI,2024-01-15T14:00:00Z,14.6,89.05,1.204,212.8,0.0,17.65,0.0,66.2,67.6,72.7,12.11,-72.04,-0.57,-71.47,0.0,304.86,376.75,,SSW,,12.8
006HI,2024-01-15T14:05:00Z,14.422,89.17,1.219,214.0,0.0,17.628,0.0,66.2,67.6,72.7,,-72.7,-0.63,-72.07,0.0,304.21,376.72,,SW,,12.64
006HI,2024-01-15T14:10:00Z,14.283,90.0,1.152,210.2,0.0,17.611,0.0,66.2,67.6,72.7,12.11,-71.48,-0.63,-70.85,0.0,305.51,376.76,,SSW,,12.65
006HI,2024-01-15T14:15:00Z,14.139,90.35,2.011,201.8,0.0,17.589,0.0,66.2,67.6,72.7,,-70.3,-0.55,-69.74,0.0,306.4,376.63,,SSW,,12.57
006HI,2024-01-15T14:20:00Z,14.15,90.58,2.505,200.1,0.0,17.572,0.0,66.2,67.6,72.7,12.11,-61.95,-0.52,-61.43,0.0,315.65,377.68,,SSW,,12.62
006HI,2024-01-15T14:25:00Z,14.233,90.85,2.68,199.2,0.0,17.55,0.0,66.2,67.6,72.7,,-54.33,-0.42,-53.91,0.02,,379.45,,SSW,,12.74
006HI,2024-01-15T14:30:00Z,14.4,90.3,2.516,195.2,0.0,17.528,0.0,66.2,67.6,72.7,12.1,-66.15,-0.54,-65.61,0.0,312.86,378.98,,SSW,,12.82
006HI,2024-01-15T14:35:00Z,14.356,90.4,2.814,194.8,0.0,17.522,0.0,66.2,67.6,72.7,,-72.85,-0.65,-72.21,0.0,305.27,378.0,,SSW,,12.79
006HI,2024-01-15T14:40:00Z,14.45,90.15,2.706,193.1,0.0,17.5,0.0,66.2,67.6,72.7,12.1,-73.6,-0.63,-72.97,0.0,304.56,378.09,,SSW,,12.84
006HI,2024-01-15T14:45:00Z,14.35,90.21,2.66,189.0,0.0,17.489,0.0,66.2,67.6,72.7,,-72.7,-0.67,-72.03,0.0,305.13,377.68,,S,,12.75
006HI,2024-01-15T14:50:00Z,14.483,90.42,2.294,198.3,0.0,17.472,0.0,66.2,67.6,72.7,12.1,-69.35,-0.57,-68.78,0.0,307.84,377.08,,SSW,,12.92
006HI,2024-01-15T14:55:00Z,14.417,90.54,2.67,201.6,0.0,17.461,0.0,66.2,67.6,72.7,,-73.4,-0.64,-72.76,0.0,304.15,377.44,,SSW,,12.87
006HI,2024-01-15T15:00:00Z,14.406,90.36,2.67,201.0,0.0,17.45,0.0,66.2,67.6,72.7,12.1,-73.91,-0.63,-73.28,0.01,303.7,377.46,,SSW,,12.83
006HI,2024-01-15T15:05:00Z,14.244,90.04,2.973,199.3,0.0,17.428,0.0,66.2,67.5,72.7,,-74.95,-0.68,-74.27,0.0,302.58,377.35,,SSW,,12.62
006HI,2024-01-15T15:10:00Z,14.239,90.23,2.989,200.4,0.0,17.422,0.0,66.2,67.6,72.7,12.1,-75.32,-0.67,-74.64,0.03,302.42,377.61,,SSW,,12.65
006HI,2024-01-15T15:15:00Z,14.428,90.0,3.061,198.1,0.0,17.411,0.0,66.2,67.6,72.7,,-75.36,-0.65,-74.7,0.04,302.8,378.02,,SSW,,12.79
006HI,2024-01-15T15:20:00Z,14.389,89.04,2.953,200.4,0.0,17.389,0.0,66.2,67.5,72.7,12.09,-75.84,-0.67,-75.17,0.0,301.74,377.49,,SSW,,12.59
006HI,2024-01-15T15:25:00Z,14.189,89.31,3.025,199.4,0.0,17.378,0.0,66.2,67.6,72.7,,-75.76,-0.67,-75.09,0.0,301.51,377.05,,SSW,,12.44
006HI,2024-01-15T15:30:00Z,14.094,89.71,3.483,197.8,0.0,17.372,0.0,66.2,67.5,72.7,12.09,-76.2,-0.67,-75.54,0.03,301.45,377.51,,SSW,,12.41
006HI,2024-01-15T15:35:00Z,14.3,88.84,3.339,198.4,0.0,17.35,0.0,66.2,67.5,72.7,,-77.01,-0.68,-76.33,0.01,300.71,377.58,,SSW,,12.47
006HI,2024-01-15T15:40:00Z,14.35,88.26,3.035,200.7,0.0,17.339,0.0,66.2,67.5,72.7,12.08,-77.4,-0.65,-76.75,0.01,300.02,377.28,,SSW,,12.42
006HI,2024-01-15T15:45:00Z,14.144,88.69,2.937,201.3,0.0,17.322,0.0,66.2,67.6,72.7,,-77.07,-0.69,-76.39,0.0,299.45,376.46,,SSW,,12.29
006HI,2024-01-15T15:50:00Z,14.206,89.04,2.829,200.4,0.0,17.311,0.0,66.2,67.6,72.7,12.08,-77.03,-0.64,-76.39,0.0,299.63,376.54,,SSW,,12.41
006HI,2024-01-15T15:55:00Z,13.983,89.03,2.742,199.9,0.0,17.3,0.0,66.2,67.5,72.7,,-76.67,-0.69,-75.97,0.0,299.2,375.61,,SSW,,12.19
006HI,2024-01-15T16:00:00Z,14.0,89.33,3.056,197.2,0.0,17.289,0.0,66.2,67.5,72.7,12.08,-76.94,-0.69,-76.25,0.03,299.25,375.87,,SSW,,12.25
006HI,2024-01-15T16:05:00Z,13.95,88.23,2.66,202.4,0.0,17.272,0.0,66.2,67.5,72.7,,-77.63,-0.68,-76.95,0.0,297.31,374.74,,SSW,,12.02
006HI,2024-01-15T16:10:00Z,13.6,88.78,2.752,199.0,0.0,17.261,0.0,66.2,67.5,72.7,12.08,-78.07,-0.69,-77.39,0.0,296.1,373.69,,SSW,,11.77
006HI,2024-01-15T16:15:00Z,13.256,89.08,1.867,208.2,0.0,17.261,0.0,66.2,67.5,72.7,,-78.29,-0.68,-77.6,0.0,294.61,372.63,,SSW,,11.48
006HI,2024-01-15T16:20:00Z,13.128,89.74,1.353,211.5,0.0,17.25,0.0,66.2,67.6,72.7,12.08,-79.04,-0.75,-78.29,0.03,293.91,372.76,,SSW,,11.46
006HI,2024-01-15T16:25:00Z,13.211,89.29,1.615,208.2,0.0,17.228,0.0,66.2,67.5,72.7,,-79.36,-0.64,-78.72,0.03,293.45,372.49,,SSW,,11.47
006HI,2024-01-15T16:30:00Z,13.078,88.74,1.281,220.4,0.0,17.222,0.0,66.2,67.5,72.7,12.07,-78.92,-0.75,-78.17,0.0,292.8,371.42,,SW,,11.24
006HI,2024-01-15T16:35:00Z,12.811,88.08,1.59,206.1,0.0,17.211,0.0,66.2,67.5,72.7,,-79.14,-0.66,-78.47,0.0,291.61,370.64,,SSW,,10.87
006HI,2024-01-15T16:40:00Z,12.544,87.03,3.092,198.6,0.0,17.189,0.0,66.1,67.5,72.7,12.07,-78.58,-0.5,-78.07,0.03,290.77,369.48,,SSW,,10.42
006HI,2024-01-15T16:45:00Z,12.711,84.79,1.867,207.3,0.07,17.178,0.0,66.2,67.5,72.7,,-78.44,-0.05,-78.39,0.11,290.21,369.12,,SSW,,10.19
006HI,2024-01-15T16:50:00Z,12.633,83.84,1.384,210.2,0.89,17.161,0.0,66.1,67.5,72.7,12.07,-77.92,0.7,-78.61,0.19,289.36,368.56,,SSW,,9.94
006HI,2024-01-15T16:55:00Z,12.5,83.86,1.518,209.9,2.44,17.139,0.0,66.2,67.5,72.7,,-76.3,2.07,-78.37,0.38,289.35,368.26,,SSW,,9.82
006HI,2024-01-15T17:00:00Z,12.667,82.31,2.665,193.4,4.76,17.122,0.0,66.1,67.5,72.7,12.06,-74.96,4.18,-79.14,0.6,288.76,368.45,,SSW,,9.7
006HI,2024-01-15T17:05:00Z,12.589,82.79,2.13,198.3,7.98,17.1,0.0,66.1,67.5,72.7,,-72.49,7.16,-79.64,0.84,287.97,368.18,,SSW,,9.71
006HI,2024-01-15T17:10:00Z,12.672,83.21,1.543,197.4,22.69,17.078,0.0,66.1,67.5,72.7,12.06,-60.29,20.73,-81.03,2.12,288.2,369.68,,SSW,,9.87
006HI,2024-01-15T17:15:00Z,13.189,80.23,1.199,217.6,49.23,17.05,0.0,66.2,67.5,72.7,,-38.77,44.4,-83.17,4.89,287.8,371.02,,SW,,9.82
006HI,2024-01-15T17:20:00Z,13.55,80.16,1.209,215.9,69.05,17.0,0.0,66.1,67.5,72.7,12.15,-22.81,62.15,-84.96,6.98,288.12,373.03,,SW,,10.16
006HI,2024-01-15T17:25:00Z,14.261,79.82,1.384,209.0,86.53,16.95,0.0,66.1,67.5,72.7,,-10.38,77.38,-87.76,9.24,288.55,376.59,,SSW,,10.79
006HI,2024-01-15T17:30:00Z,14.756,78.38,2.207,200.6,104.13,16.9,0.0,66.2,67.5,72.7,12.31,2.6,92.5,-89.9,11.7,289.28,379.4,,SSW,,11.0
006HI,2024-01-15T17:35:00Z,15.022,77.51,2.927,192.0,121.17,16.85,0.0,66.2,67.5,72.7,,16.3,106.92,-90.62,14.33,291.24,382.02,,SSW,,11.09
006HI,2024-01-15T17:40:00Z,15.556,77.65,2.114,189.7,138.47,16.811,0.0,66.1,67.5,72.7,12.55,31.08,121.21,-90.13,17.33,296.22,386.5,,S,,11.63
006HI,2024-01-15T17:45:00Z,17.022,76.63,1.775,196.0,155.86,16.772,0.0,66.2,67.5,72.7,,41.58,135.44,-93.86,20.5,299.12,393.07,,SSW,,12.86
006HI,2024-01-15T17:50:00Z,17.989,75.04,1.543,169.0,173.29,16.722,0.0,66.1,67.5,72.7,12.79,52.39,149.78,-97.38,23.58,299.66,397.56,,S,,13.47
006HI,2024-01-15T17:55:00Z,18.572,74.88,0.803,162.9,190.75,16.678,0.0,66.2,67.5,72.7,,63.42,163.95,-100.53,26.85,300.5,401.24,,SSE,,14.0
006HI,2024-01-15T18:00:00Z,18.883,74.41,0.767,156.8,209.0,16.65,0.0,66.2,67.5,72.7,12.94,75.53,178.96,-103.43,30.13,300.37,403.99,,SSE,,14.2
006HI,2024-01-15T18:05:00Z,18.794,73.55,0.741,30.44,226.19,16.639,0.0,66.1,67.5,72.7,,87.48,192.98,-105.49,33.3,300.16,405.75,,NNE,,13.94
006HI,2024-01-15T18:10:00Z,19.144,72.08,0.262,88.5,245.02,16.639,0.0,66.2,67.5,72.7,13.16,99.3,208.11,-108.81,37.0,299.8,409.1,,E,,13.96
006HI,2024-01-15T18:15:00Z,19.344,70.41,0.89,38.61,263.18,16.661,0.0,66.2,67.5,72.7,,111.94,223.3,-111.36,39.94,298.4,410.11,,NE,,13.79
006HI,2024-01-15T18:20:00Z,19.044,71.5,1.482,50.4,281.25,16.689,0.0,66.2,67.5,72.7,13.58,126.0,238.35,-112.35,43.0,298.53,410.9,,NE,,13.74
006HI,2024-01-15T18:25:00Z,19.011,71.58,1.914,26.65,298.64,16.728,0.0,66.2,67.5,72.7,,138.97,252.69,-113.72,46.05,298.31,412.28,,NNE,,13.73
006HI,2024-01-15T18:30:00Z,19.017,72.08,1.24,39.94,316.31,16.778,0.0,66.2,67.5,72.7,13.8,150.42,266.75,-116.33,49.63,298.82,415.28,,NE,,13.84
006HI,2024-01-15T18:35:00Z,19.222,71.47,1.168,29.71,333.66,16.822,0.0,66.2,67.5,72.7,,161.28,280.87,-119.6,52.84,298.44,418.26,,NNE,,13.91
006HI,2024-01-15T18:40:00Z,19.417,70.03,1.157,62.63,351.0,16.861,0.0,66.2,67.5,72.7,13.64,173.04,295.05,-122.01,56.06,297.8,419.96,,ENE,,13.78
006HI,2024-01-15T18:45:00Z,19.556,68.6,1.08,53.14,368.81,16.9,0.0,66.2,67.5,72.7,,183.78,309.67,-125.89,59.21,296.72,422.8,,NE,,13.59
006HI,2024-01-15T18:50:00Z,19.556,66.67,1.317,345.6,386.91,16.939,0.0,66.2,67.5,72.7,13.57,195.16,324.41,-129.25,62.57,295.47,425.11,,NNW,,13.15
006HI,2024-01-15T18:55:00Z,19.572,66.87,0.931,323.3,403.69,16.989,0.0,66.2,67.5,72.7,,207.05,338.19,-131.14,65.61,295.81,427.48,,NW,,13.21
006HI,2024-01-15T19:00:00Z,19.7,67.5,0.89,338.4,421.26,17.028,0.0,66.2,67.5,72.7,13.55,219.27,352.79,-133.52,68.5,295.88,430.01,,NNW,,13.48
006HI,2024-01-15T19:05:00Z,19.95,67.82,0.489,326.8,437.46,17.072,0.0,66.2,67.5,72.7,,230.47,366.28,-135.82,71.26,297.25,433.55,,NNW,,13.79
006HI,2024-01-15T19:10:00Z,20.756,67.86,0.17,267.2,454.54,17.122,0.0,66.2,67.5,72.7,13.35,240.72,380.79,-140.06,73.91,298.2,438.49,,W,,14.57
006HI,2024-01-15T19:15:00Z,20.739,65.9,1.147,299.4,472.08,17.172,0.0,66.1,67.5,72.7,,256.09,395.76,-139.68,76.32,297.38,437.35,,WNW,,14.1
006HI,2024-01-15T19:20:00Z,20.267,66.98,1.554,302.8,486.98,17.25,0.0,66.2,67.5,72.7,13.46,268.75,408.31,-139.56,78.75,298.21,438.06,,WNW,,13.9
006HI,2024-01-15T19:25:00Z,20.194,67.93,1.471,315.6,502.29,17.328,0.0,66.1,67.5,72.7,,280.19,421.16,-140.97,81.26,300.17,441.21,,NW,,14.05
006HI,2024-01-15T19:30:00Z,20.111,69.4,1.44,15.73,519.1,17.4,0.0,66.2,67.5,72.7,13.48,292.79,435.81,-143.02,83.39,301.41,444.56,,NNE,,14.3
006HI,2024-01-15T19:35:00Z,20.422,69.17,0.777,14.1,535.36,17.472,0.0,66.2,67.5,72.7,,302.46,449.17,-146.71,86.28,301.98,449.23,,NNE,,14.55
006HI,2024-01-15T19:40:00Z,20.839,67.39,0.622,5.89,552.81,17.55,0.0,66.1,67.5,72.7,13.48,318.82,464.04,-145.22,88.88,307.18,452.61,,N,,14.54
006HI,2024-01-15T19:45:00Z,21.144,66.29,0.736,22.27,568.39,17.622,0.0,66.2,67.5,72.7,,325.14,477.15,-152.01,91.31,303.15,455.64,,NNE,,14.58
006HI,2024-01-15T19:50:00Z,21.483,61.18,0.952,97.5,584.06,17.711,0.0,66.2,67.5,72.7,13.38,339.37,491.24,-151.87,93.54,302.52,454.71,,E,,13.66
006HI,2024-01-15T19:55:00Z,21.85,59.15,1.049,77.13,598.02,17.811,0.0,66.1,67.5,72.7,,347.47,502.66,-155.19,95.39,303.93,459.3,,ENE,,13.49
006HI,2024-01-15T20:00:00Z,21.572,61.18,1.584,1.57,610.97,17.922,0.0,66.1,67.5,72.7,13.37,358.55,514.48,-155.93,96.5,305.08,461.46,,N,,13.74
006HI,2024-01-15T20:05:00Z,21.483,64.41,1.291,336.7,624.12,18.039,0.0,66.1,67.5,72.7,,367.07,525.8,-158.73,98.56,306.48,465.41,,NNW,,14.46
006HI,2024-01-15T20:10:00Z,21.594,64.88,1.425,316.4,636.68,18.15,0.0,66.1,67.5,72.6,13.39,376.81,536.45,-159.64,100.33,307.71,467.65,,NW,,14.67
006HI,2024-01-15T20:15:00Z,21.694,68.18,1.595,348.0,649.5,18.261,0.0,66.1,67.5,72.6,,386.5,548.03,-161.53,101.47,309.2,470.93,,NNW,,15.55
006HI,2024-01-15T20:20:00Z,21.783,68.68,1.296,336.3,663.25,18.378,0.0,66.1,67.5,72.7,13.38,397.08,559.8,-162.73,103.54,310.13,473.1,,NNW,,15.75
006HI,2024-01-15T20:25:00Z,21.656,69.77,1.62,318.2,674.31,18.5,0.0,66.1,67.5,72.7,,406.56,569.43,-162.86,104.79,309.63,472.78,,NW,,15.87
006HI,2024-01-15T20:30:00Z,21.739,71.03,1.152,357.9,684.4,18.628,0.0,66.1,67.5,72.7,13.42,413.34,578.17,-164.83,106.31,311.2,476.47,,N,,16.23
006HI,2024-01-15T20:35:00Z,21.778,72.61,1.615,343.3,696.18,18.75,0.0,66.1,67.5,72.6,,421.9,588.69,-166.79,107.43,311.74,479.04,,NNW,,16.62
006HI,2024-01-15T20:40:00Z,21.767,74.09,1.08,2.37,,18.878,0.0,66.1,67.5,72.7,13.38,429.87,598.93,-169.06,109.12,312.49,481.86,,N,,16.93
006HI,2024-01-15T20:45:00Z,21.939,74.01,1.687,339.6,718.45,19.0,0.0,66.1,67.5,72.7,,438.7,608.55,-169.86,109.91,313.3,483.61,,NNW,,17.07
006HI,2024-01-15T20:50:00Z,22.133,74.71,1.101,11.73,728.74,19.122,0.0,66.1,67.5,72.6,13.41,446.04,617.08,-171.04,111.56,315.99,487.56,,NNE,,17.41
006HI,2024-01-15T20:55:00Z,22.517,73.29,1.116,44.83,740.17,19.239,0.0,66.1,67.5,72.6,,454.29,627.25,-172.95,113.01,316.33,489.63,,NE,,17.48
006HI,2024-01-15T21:00:00Z,22.756,73.29,1.343,42.74,748.76,19.372,0.0,66.1,67.5,72.6,13.35,460.89,635.05,-174.16,113.74,316.57,491.02,,NE,,17.71
006HI,2024-01-15T21:05:00Z,22.489,73.5,1.569,20.14,756.1,19.5,0.0,66.1,67.5,72.6,,468.39,641.9,-173.51,114.27,317.14,490.89,,NNE,,17.5
006HI,2024-01-15T21:10:00Z,22.594,74.91,1.641,14.96,764.32,19.622,0.0,66.1,67.5,72.6,13.39,475.43,649.38,-173.95,115.13,318.95,493.31,,NNE,,17.9
006HI,2024-01-15T21:15:00Z,22.344,74.75,2.186,2.48,771.01,19.75,0.0,66.1,67.5,72.6,,482.87,655.66,-172.79,115.33,318.57,491.82,,N,,17.62
006HI,2024-01-15T21:20:00Z,22.4,75.34,1.816,39.84,778.2,19.872,0.0,66.1,67.5,72.6,13.39,488.35,661.71,-173.36,116.53,319.36,493.13,,NE,,17.8
006HI,2024-01-15T21:25:00Z,22.583,74.17,2.063,72.17,783.61,19.978,0.0,66.1,67.5,72.6,,494.58,666.57,-171.99,116.98,318.66,490.91,,ENE,,17.73
006HI,2024-01-15T21:30:00Z,22.383,75.09,2.068,56.04,790.62,20.1,0.0,66.0,67.5,72.7,13.38,500.2,672.76,-172.56,117.72,318.56,491.54,,NE,,17.73
006HI,2024-01-15T21:35:00Z,22.444,75.26,1.939,64.44,795.68,20.211,0.0,66.1,67.5,72.7,,503.59,677.61,-174.02,118.42,319.54,493.82,,ENE,,17.83
006HI,2024-01-15T21:40:00Z,22.461,75.68,1.965,63.97,800.1,20.3,0.0,66.1,67.5,72.6,13.33,507.37,681.6,-174.23,118.5,320.09,494.77,,ENE,,17.93
006HI,2024-01-15T21:45:00Z,22.694,76.04,1.641,68.93,806.4,20.378,0.0,66.0,67.5,72.6,,509.36,686.76,-177.4,119.65,321.2,499.11,,ENE,,18.24
006HI,2024-01-15T21:50:00Z,22.8,74.93,1.775,78.38,810.21,20.461,0.0,66.0,67.5,72.6,13.35,513.18,690.25,-177.07,119.79,322.13,499.61,,ENE,,18.1
006HI,2024-01-15T21:55:00Z,22.856,75.32,2.063,69.67,815.96,20.528,0.0,66.0,67.5,72.6,,521.05,695.94,-174.89,120.06,322.03,497.29,,ENE,,18.24
006HI,2024-01-15T22:00:00Z,22.689,77.44,1.955,47.37,815.14,20.611,0.0,66.0,67.5,72.6,13.38,520.32,695.52,-175.2,119.47,323.94,499.53,,NE,,18.52
006HI,2024-01-15T22:05:00Z,22.411,77.92,2.114,58.61,818.25,20.689,0.0,66.0,67.4,72.6,,525.81,698.91,-173.11,119.59,323.22,496.82,,ENE,,18.35
006HI,2024-01-15T22:10:00Z,22.561,78.46,2.078,50.38,822.48,20.761,0.0,66.0,67.5,72.6,13.4,529.27,702.74,-173.47,119.74,323.67,497.55,,NE,,18.61
006HI,2024-01-15T22:15:00Z,22.4,77.89,2.222,59.12,827.5,20.828,0.0,66.0,67.5,72.6,,535.69,707.55,-171.85,119.99,323.4,495.71,,ENE,,18.34
006HI,2024-01-15T22:20:00Z,22.506,77.29,2.516,63.22,804.83,20.889,0.0,66.0,67.4,72.6,13.38,518.87,688.97,-170.1,116.03,322.98,493.6,,ENE,,18.32
006HI,2024-01-15T22:25:00Z,22.078,78.33,2.603,38.2,831.32,20.95,0.0,66.0,67.5,72.6,,543.19,712.29,-169.1,119.66,323.62,493.02,,NE,,18.11
006HI,2024-01-15T22:30:00Z,22.1,79.31,2.171,52.4,827.92,21.022,0.0,66.0,67.5,72.6,13.35,537.33,708.59,-171.27,119.18,323.96,495.74,,NE,,18.33
006HI,2024-01-15T22:35:00Z,22.256,77.74,2.12,61.41,828.26,21.061,0.0,66.0,67.5,72.6,,536.11,709.35,-173.25,119.05,322.26,496.06,,ENE,,18.17
006HI,2024-01-15T22:40:00Z,22.044,78.58,2.408,46.09,803.56,21.111,0.0,66.0,67.4,72.6,13.36,518.76,687.64,-168.89,114.09,323.08,492.57,,NE,,18.13
006HI,2024-01-15T22:45:00Z,22.056,79.18,2.083,43.91,827.8,21.139,0.0,66.0,67.4,72.6,,538.25,710.38,-172.14,118.1,324.2,496.75,,NE,,18.26
006HI,2024-01-15T22:50:00Z,22.261,78.46,2.279,48.9,824.9,21.15,0.0,66.0,67.4,72.6,13.4,537.65,707.34,-169.69,116.97,324.39,494.5,,NE,,18.32
006HI,2024-01-15T22:55:00Z,22.167,78.78,2.408,56.43,780.29,21.161,0.0,66.0,67.4,72.6,,502.87,668.33,-165.46,109.25,324.85,491.01,,ENE,,18.29
006HI,2024-01-15T23:00:00Z,22.217,79.05,2.161,56.16,812.12,21.172,0.0,66.0,67.4,72.6,13.38,536.83,701.74,-164.91,114.46,326.75,492.04,,NE,,18.39
006HI,2024-01-15T23:05:00Z,22.267,78.87,2.228,45.66,830.41,21.178,0.0,66.0,67.4,72.6,,551.3,717.54,-166.24,115.25,327.23,493.98,,NE,,18.41
006HI,2024-01-15T23:10:00Z,22.228,78.96,2.454,48.94,802.2,21.189,0.0,66.0,67.4,72.6,13.35,532.29,694.82,-162.53,109.79,327.59,490.52,,NE,,18.39
006HI,2024-01-15T23:15:00Z,22.283,79.33,2.438,57.38,826.86,21.211,0.0,66.0,67.4,72.6,,550.72,714.17,-163.46,113.66,327.64,491.48,,ENE,,18.52
006HI,2024-01-15T23:20:00Z,22.206,79.0,2.233,43.12,821.27,21.228,0.0,66.0,67.4,72.6,13.34,544.07,708.38,-164.31,112.01,328.24,492.99,,NE,,18.37
006HI,2024-01-15T23:25:00Z,22.472,78.73,2.181,70.09,787.24,21.239,0.0,66.0,67.4,72.6,,520.74,684.03,-163.29,106.31,327.53,491.33,,ENE,,18.58
006HI,2024-01-15T23:30:00Z,22.872,77.33,1.821,77.96,796.57,21.239,0.0,66.0,67.4,72.6,13.33,522.33,688.04,-165.71,108.4,328.23,494.61,,ENE,,18.68
006HI,2024-01-15T23:35:00Z,22.689,77.05,2.104,54.77,787.0,21.228,0.0,66.0,67.4,72.6,,516.91,680.99,-164.09,106.02,326.8,491.28,,NE,,18.44
006HI,2024-01-15T23:40:00Z,22.372,77.97,2.238,42.07,785.51,21.239,0.0,66.0,67.4,72.6,13.38,518.85,680.96,-162.11,104.53,326.98,489.44,,NE,,18.33
006HI,2024-01-15T23:45:00Z,22.283,78.83,1.919,32.05,777.64,21.239,0.0,66.0,67.4,72.6,,513.37,675.1,-161.72,102.56,327.48,489.53,,NNE,,18.41
006HI,2024-01-15T23:50:00Z,22.361,78.51,1.837,54.37,772.93,21.25,0.0,66.0,67.4,72.6,13.38,511.39,671.87,-160.49,100.97,327.4,488.11,,NE,,18.42
006HI,2024-01-15T23:55:00Z,22.644,77.23,1.749,58.18,762.18,21.239,0.0,66.0,67.4,72.6,,509.5,665.05,-155.55,97.58,331.09,487.26,,ENE,,18.44
006HI,2024-01-16T00:00:00Z,22.733,76.21,1.975,58.9,780.71,21.228,0.0,66.0,67.4,72.6,13.36,527.49,682.86,-155.37,98.41,331.44,487.0,,ENE,,18.31
006HI,2024-01-16T00:05:00Z,22.683,75.81,1.795,44.62,752.09,21.228,0.0,66.0,67.4,72.6,,513.5,660.48,-146.98,93.3,336.17,483.67,,NE,,18.18
006HI,2024-01-16T00:10:00Z,22.517,77.18,1.682,51.34,676.6,21.222,0.0,66.0,67.4,72.6,13.38,449.16,596.19,-147.02,81.59,332.68,480.03,,NE,,18.3
006HI,2024-01-16T00:15:00Z,22.978,77.16,1.307,68.92,805.98,21.222,0.0,66.0,67.4,72.6,,554.87,703.64,-148.77,99.43,338.93,488.09,,ENE,,18.75
006HI,2024-01-16T00:20:00Z,23.2,75.98,1.929,72.39,706.84,21.2,0.0,66.0,67.4,72.6,13.35,477.84,619.82,-141.98,84.54,340.01,482.31,,ENE,,18.71
006HI,2024-01-16T00:25:00Z,23.017,76.44,1.548,82.5,754.69,21.2,0.0,66.0,67.4,72.6,,519.98,664.6,-144.63,90.96,338.57,483.36,,E,,18.63
006HI,2024-01-16T00:30:00Z,23.139,75.59,1.934,58.26,754.01,21.189,0.0,66.0,67.4,72.6,13.33,520.76,665.21,-144.44,89.35,337.59,482.25,,ENE,,18.57
006HI,2024-01-16T00:35:00Z,22.922,76.55,1.919,64.25,708.37,21.189,0.0,66.0,67.4,72.6,,482.05,625.81,-143.76,81.95,334.38,478.54,,ENE,,18.56
006HI,2024-01-16T00:40:00Z,22.739,77.31,2.042,45.73,726.22,21.2,0.0,66.0,67.4,72.6,13.37,503.65,644.08,-140.43,82.22,335.42,476.13,,NE,,18.55
006HI,2024-01-16T00:45:00Z,22.706,77.31,1.801,61.99,729.79,21.211,0.0,65.9,67.4,72.6,,509.37,648.95,-139.58,81.02,336.14,476.31,,ENE,,18.51
006HI,2024-01-16T00:50:00Z,23.089,75.56,1.497,78.87,661.08,21.189,0.0,65.9,67.4,72.6,13.36,452.25,584.49,-132.24,73.9,343.35,476.09,,E,,18.52
006HI,2024-01-16T00:55:00Z,22.761,76.17,1.512,102.2,225.71,21.2,0.0,65.9,67.4,72.6,,87.54,202.83,-115.29,23.08,335.2,450.82,,ESE,,18.33
006HI,2024-01-16T01:00:00Z,22.606,77.66,1.26,76.34,392.68,21.211,0.0,66.0,67.4,72.6,13.51,243.79,349.82,-106.04,43.33,351.39,457.9,,ENE,,18.49
006HI,2024-01-16T01:05:00Z,22.367,78.24,1.492,76.04,268.51,21.178,0.0,66.0,67.4,72.6,,144.96,235.37,-90.41,32.83,361.9,452.59,,ENE,,18.38
006HI,2024-01-16T01:10:00Z,22.072,79.82,1.317,69.58,262.49,21.139,0.0,66.0,67.4,72.6,13.58,155.51,226.98,-71.47,35.82,382.58,454.3,,ENE,,18.41
006HI,2024-01-16T01:15:00Z,22.239,80.21,1.687,68.56,304.95,21.089,0.0,65.9,67.4,72.6,,202.39,260.98,-58.59,43.83,401.28,460.24,,ENE,,18.65
006HI,2024-01-16T01:20:00Z,22.344,79.9,1.214,48.91,272.83,21.028,0.0,65.9,67.4,72.6,13.65,180.21,231.8,-51.59,41.04,410.8,462.6,,NE,,18.69
006HI,2024-01-16T01:25:00Z,22.172,79.6,1.528,82.5,244.38,20.989,0.0,65.9,67.4,72.6,,154.08,207.41,-53.33,36.7,404.37,457.87,,E,,18.46
006HI,2024-01-16T01:30:00Z,22.061,80.35,1.271,70.23,221.54,20.961,0.0,65.9,67.4,72.6,13.54,137.03,188.04,-51.01,33.48,405.02,456.28,,ENE,,18.5
006HI,2024-01-16T01:35:00Z,22.117,80.2,0.936,60.65,217.67,20.939,0.0,65.9,67.4,72.6,,136.29,184.49,-48.2,33.08,408.66,457.2,,ENE,,18.53
006HI,2024-01-16T01:40:00Z,21.978,80.63,0.977,41.51,191.14,20.928,0.0,65.9,67.4,72.6,13.27,115.96,163.04,-47.08,28.13,406.32,453.75,,NE,,18.48
006HI,2024-01-16T01:45:00Z,21.911,80.89,1.317,26.83,249.27,20.928,0.0,65.9,67.4,72.6,,162.78,216.07,-53.29,33.66,401.37,454.84,,NNE,,18.46
006HI,2024-01-16T01:50:00Z,21.956,81.07,1.641,348.0,327.35,20.922,0.0,65.9,67.4,72.6,13.57,229.33,289.73,-60.4,38.37,395.88,456.57,,NNW,,18.54
006HI,2024-01-16T01:55:00Z,22.011,81.04,1.07,14.86,378.95,20.911,0.0,65.9,67.4,72.6,,275.16,338.51,-63.36,39.42,393.31,456.88,,NNE,,18.59
006HI,2024-01-16T02:00:00Z,22.189,80.51,0.988,46.27,281.4,20.911,0.0,65.9,67.4,72.6,13.56,188.47,243.48,-55.01,37.99,402.21,457.71,,NE,,18.66
006HI,2024-01-16T02:05:00Z,21.939,81.58,1.312,20.48,276.95,20.928,0.0,65.9,67.4,72.6,,197.2,244.29,-47.09,32.36,408.77,456.32,,NNE,,18.63
006HI,2024-01-16T02:10:00Z,21.628,82.32,1.482,37.33,163.44,20.961,0.0,65.9,67.4,72.6,13.42,105.0,143.23,-38.22,19.71,409.11,447.56,,NE,,18.47
006HI,2024-01-16T02:15:00Z,21.472,83.93,1.343,44.25,118.27,20.989,0.0,65.9,67.4,72.6,,67.94,101.78,-33.83,16.47,410.75,444.87,,NE,,18.63
006HI,2024-01-16T02:20:00Z,21.406,84.58,0.813,58.25,126.45,21.0,0.0,65.9,67.4,72.6,12.92,75.32,108.43,-33.11,18.01,411.4,444.89,,ENE,,18.69
006HI,2024-01-16T02:25:00Z,21.294,84.75,1.152,24.47,117.34,21.0,0.0,65.9,67.4,72.6,,68.52,101.03,-32.52,16.3,410.85,443.62,,NNE,,18.61
006HI,2024-01-16T02:30:00Z,21.294,85.37,0.983,63.54,111.45,20.989,0.0,65.9,67.4,72.6,12.84,64.09,95.25,-31.16,16.11,411.51,443.0,,ENE,,18.73
006HI,2024-01-16T02:35:00Z,21.233,85.38,0.962,75.91,102.64,20.978,0.0,65.9,67.4,72.6,,57.07,88.0,-30.93,14.66,410.61,441.47,,ENE,,18.67
006HI,2024-01-16T02:40:00Z,21.144,85.66,0.803,15.27,107.02,20.972,0.0,65.9,67.4,72.6,12.79,59.38,92.55,-33.17,14.47,408.17,441.29,,NNE,,18.63
006HI,2024-01-16T02:45:00Z,21.156,86.46,0.679,50.76,106.86,20.961,0.0,65.9,67.4,72.6,,55.83,92.38,-36.55,14.45,404.48,441.23,,NE,,18.79
006HI,2024-01-16T02:50:00Z,21.2,86.5,1.286,102.3,109.03,20.95,0.0,65.9,67.4,72.6,12.83,55.78,95.34,-39.56,13.76,398.99,438.64,,ESE,,18.85
006HI,2024-01-16T02:55:00Z,21.156,86.49,1.461,108.0,94.11,20.95,0.0,65.9,67.4,72.6,,36.04,82.6,-46.57,11.34,389.34,436.1,,ESE,,18.8
006HI,2024-01-16T03:00:00Z,21.072,86.7,1.055,100.8,73.95,20.95,0.0,65.9,67.4,72.6,12.9,5.16,65.23,-60.07,8.69,372.51,432.71,,E,,18.76
006HI,2024-01-16T03:05:00Z,20.856,86.99,1.111,92.1,55.28,20.961,0.0,65.9,67.4,72.6,,-20.35,49.14,-69.49,6.07,358.33,428.23,,E,,18.6
006HI,2024-01-16T03:10:00Z,20.667,87.66,1.296,116.2,53.44,20.961,0.0,65.9,67.4,72.6,12.72,-23.04,47.58,-70.62,5.89,354.56,425.48,,ESE,,18.53
006HI,2024-01-16T03:15:00Z,20.556,88.12,0.957,110.6,42.52,20.961,0.0,65.9,67.4,72.6,,-45.62,38.46,-84.08,4.0,338.09,422.08,,ESE,,18.51
006HI,2024-01-16T03:20:00Z,20.394,88.46,0.828,115.9,33.15,20.961,0.0,65.9,67.4,72.6,12.62,-57.41,30.32,-87.74,2.79,330.23,418.04,,ESE,,18.41
006HI,2024-01-16T03:25:00Z,20.228,88.99,0.412,140.4,28.4,20.939,0.0,65.9,67.4,72.6,,-58.31,26.06,-84.36,2.35,329.84,414.58,,SE,,18.34
006HI,2024-01-16T03:30:00Z,20.072,89.66,0.123,157.5,26.63,20.928,0.0,65.9,67.4,72.6,12.53,-56.13,24.34,-80.47,2.26,331.18,412.17,,SSE,,18.31
006HI,2024-01-16T03:35:00Z,19.883,89.97,0.412,171.0,19.14,20.9,0.0,65.9,67.4,72.6,,-54.86,17.49,-72.35,1.64,337.28,410.23,,S,,18.18
006HI,2024-01-16T03:40:00Z,19.767,90.72,0.571,188.2,15.51,20.872,0.0,65.9,67.4,72.6,12.45,-28.04,14.08,-42.12,1.41,371.57,413.95,,S,,18.2
006HI,2024-01-16T03:45:00Z,19.6,90.87,0.185,204.4,12.61,20.822,0.0,65.9,67.4,72.6,,-30.78,11.4,-42.18,1.2,373.13,415.23,,SSW,,18.06
006HI,2024-01-16T03:50:00Z,19.544,91.06,0.0,,9.94,20.778,0.0,65.9,67.4,72.6,12.37,-25.12,8.92,-34.04,1.01,381.2,415.32,,,,18.04
006HI,2024-01-16T03:55:00Z,19.522,91.24,0.0,,7.31,20.739,0.0,65.9,67.4,72.6,,-29.7,6.48,-36.18,0.84,378.77,415.02,,,,18.05
006HI,2024-01-16T04:00:00Z,19.55,91.51,0.0,,5.31,20.711,0.0,65.8,67.4,72.6,12.32,-16.38,4.6,-20.98,0.7,395.98,417.17,,,,18.12
006HI,2024-01-16T04:05:00Z,19.622,91.65,0.0,,3.23,20.672,0.0,65.9,67.4,72.6,,-19.68,2.74,-22.41,0.48,394.84,417.64,,,,18.22
006HI,2024-01-16T04:10:00Z,19.667,91.8,0.0,,1.8,20.628,0.0,65.8,67.4,72.6,12.28,-15.15,1.44,-16.59,0.35,401.83,419.04,,,,18.29
006HI,2024-01-16T04:15:00Z,19.722,92.01,0.123,285.2,0.83,20.6,0.0,65.8,67.4,72.6,,-14.79,0.59,-15.38,0.24,403.95,419.75,,WNW,,18.38
006HI,2024-01-16T04:20:00Z,19.878,92.05,0.54,293.9,0.32,20.572,0.0,65.8,67.4,72.6,12.27,-15.18,0.14,-15.33,0.16,404.73,420.44,,WNW,,18.54
006HI,2024-01-16T04:25:00Z,19.95,91.56,0.432,294.8,0.0,20.55,0.0,65.8,67.4,72.6,,-19.45,-0.1,-19.35,0.1,400.2,419.95,,WNW,,18.53
006HI,2024-01-16T04:30:00Z,19.933,90.86,0.664,295.6,0.0,20.528,0.0,65.8,67.4,72.6,12.26,-23.75,-0.26,-23.49,0.04,395.27,419.13,,WNW,,18.39
006HI,2024-01-16T04:35:00Z,19.961,90.2,0.803,298.7,0.0,20.511,0.0,65.8,67.4,72.6,,-21.8,-0.24,-21.55,0.05,397.04,419.02,,WNW,,18.3
006HI,2024-01-16T04:40:00Z,20.006,89.9,1.085,295.0,0.0,20.489,0.0,65.8,67.4,72.6,12.25,-17.26,-0.19,-17.08,0.02,401.94,419.4,,WNW,,18.29
006HI,2024-01-16T04:45:00Z,20.05,89.64,1.43,298.5,0.0,20.478,0.0,65.8,67.4,72.6,,-14.89,-0.14,-14.75,0.03,405.19,420.19,,WNW,,18.28
006HI,2024-01-16T04:50:00Z,20.083,89.25,1.245,306.8,0.0,20.461,0.0,65.8,67.4,72.6,12.25,-16.59,-0.16,-16.43,0.01,403.56,420.25,,NW,,18.25
006HI,2024-01-16T04:55:00Z,20.111,89.23,1.091,301.5,0.0,20.45,0.0,65.8,67.4,72.6,,-15.09,-0.15,-14.94,0.0,405.07,420.21,,WNW,,18.27
006HI,2024-01-16T05:00:00Z,20.061,89.06,0.746,291.1,0.0,20.428,0.0,65.8,67.4,72.6,12.25,-16.67,-0.17,-16.5,0.0,403.11,419.67,,WNW,,18.19
006HI,2024-01-16T05:05:00Z,20.044,88.95,1.806,303.1,0.0,20.422,0.0,65.8,67.4,72.6,,-21.93,-0.24,-21.69,0.0,397.42,419.23,,WNW,,18.15
006HI,2024-01-16T05:10:00Z,20.011,88.32,2.217,303.5,0.0,20.411,0.0,65.8,67.4,72.6,12.24,-23.33,-0.25,-23.09,0.01,395.39,418.6,,WNW,,18.01
006HI,2024-01-16T05:15:00Z,20.033,88.3,1.415,300.3,0.0,20.4,0.0,65.8,67.4,72.6,,-20.97,-0.21,-20.76,0.0,397.59,418.39,,WNW,,18.03
006HI,2024-01-16T05:20:00Z,20.011,88.52,1.399,301.0,0.0,20.389,0.0,65.8,67.4,72.6,12.24,-22.74,-0.23,-22.51,0.0,395.31,417.9,,WNW,,18.04
006HI,2024-01-16T05:25:00Z,19.95,88.53,0.53,287.0,0.0,20.389,0.0,65.8,67.4,72.6,,-38.41,-0.46,-37.95,0.0,377.1,415.2,,WNW,,17.99
006HI,2024-01-16T05:30:00Z,19.789,88.43,0.108,291.3,0.0,20.389,0.0,65.8,67.4,72.6,12.24,-55.68,-0.8,-54.88,0.0,354.72,410.08,,WNW,,17.81
006HI,2024-01-16T05:35:00Z,19.594,88.48,0.072,303.8,0.0,20.378,0.0,65.8,67.4,72.6,,-49.06,-0.68,-48.38,0.0,,408.48,,NW,,17.63
006HI,2024-01-16T05:40:00Z,19.439,88.93,0.108,289.0,0.0,20.378,0.0,65.8,67.4,72.6,12.24,-47.55,-0.65,-46.9,0.0,361.68,408.56,,WNW,,17.55
006HI,2024-01-16T05:45:00Z,19.356,89.12,0.0,,0.0,20.361,0.0,65.8,67.4,72.6,,-39.57,-0.52,-39.05,0.0,368.7,407.88,,,,17.51
006HI,2024-01-16T05:50:00Z,19.289,89.55,0.021,282.0,0.0,20.328,0.0,65.8,67.4,72.6,12.23,-25.41,-0.3,-25.12,0.03,385.17,410.27,,WNW,,17.52
006HI,2024-01-16T05:55:00Z,19.256,89.83,0.0,,0.0,20.311,0.0,65.8,67.4,72.6,,-21.04,-0.25,-20.79,0.06,391.4,412.06,,,,17.53
006HI,2024-01-16T06:00:00Z,19.278,90.27,0.041,278.7,0.0,20.278,0.0,65.7,67.4,72.6,12.23,-29.43,-0.28,-29.15,0.06,382.62,411.81,,W,,17.63
006HI,2024-01-16T06:05:00Z,19.267,90.26,0.201,222.9,0.0,20.25,0.0,65.7,67.4,72.6,,-32.44,-0.33,-32.11,0.02,378.13,410.6,,SW,,17.62
006HI,2024-01-16T06:10:00Z,19.167,90.22,0.165,221.5,0.0,20.239,0.0,65.8,67.4,72.6,12.23,-36.96,-0.37,-36.59,0.01,373.1,410.06,,SW,,17.51
006HI,2024-01-16T06:15:00Z,19.044,90.18,0.54,226.2,0.0,20.222,0.0,65.8,67.4,72.6,,-40.66,-0.4,-40.26,0.0,368.79,409.4,,SW,,17.39
006HI,2024-01-16T06:20:00Z,18.922,90.3,0.731,221.5,0.0,20.2,0.0,65.8,67.4,72.6,12.23,-52.81,-0.55,-52.26,0.0,355.38,407.92,,SW,,17.29
006HI,2024-01-16T06:25:00Z,18.856,90.46,1.065,218.4,0.0,20.189,0.0,65.7,67.4,72.6,,-47.94,-0.5,-47.44,0.0,359.86,407.47,,SW,,17.25
006HI,2024-01-16T06:30:00Z,18.778,90.63,0.689,224.8,0.0,20.172,0.0,65.8,67.4,72.6,12.22,-52.17,-0.52,-51.64,0.0,354.91,406.55,,SW,,17.2
006HI,2024-01-16T06:35:00Z,18.683,90.67,0.72,224.5,0.0,20.161,0.0,65.8,67.4,72.6,,-70.93,-0.75,-70.18,0.0,332.91,403.35,,SW,,17.12
006HI,2024-01-16T06:40:00Z,18.567,90.82,0.787,223.3,0.0,20.15,0.0,65.7,67.4,72.6,12.22,-73.26,-0.74,-72.52,0.0,329.14,401.88,,SW,,17.03
006HI,2024-01-16T06:45:00Z,18.4,90.88,0.803,223.4,0.0,20.128,0.0,65.8,67.4,72.5,,-71.69,-0.71,-70.98,0.0,329.12,400.34,,SW,,16.87
006HI,2024-01-16T06:50:00Z,18.233,91.29,0.952,222.0,0.0,20.111,0.0,65.7,67.3,72.6,12.22,-69.7,-0.67,-69.03,0.0,330.61,399.91,,SW,,16.78
006HI,2024-01-16T06:55:00Z,18.106,91.46,0.998,221.0,0.0,20.089,0.0,65.8,67.3,72.6,,-67.0,-0.64,-66.36,0.01,333.11,399.97,,SW,,16.68
006HI,2024-01-16T07:00:00Z,18.028,91.83,1.188,215.4,0.0,20.061,0.0,65.7,67.3,72.6,12.21,-67.76,-0.69,-67.07,0.04,333.15,400.43,,SW,,16.67
006HI,2024-01-16T07:05:00Z,17.95,91.96,1.152,218.8,0.0,20.028,0.0,65.7,67.4,72.5,,-69.51,-0.69,-68.82,0.03,330.29,399.32,,SW,,16.61
006HI,2024-01-16T07:10:00Z,17.856,91.95,0.89,227.4,0.0,20.0,0.0,65.7,67.3,72.5,12.21,-69.82,-0.63,-69.19,0.02,328.3,397.88,,SW,,16.52
006HI,2024-01-16T07:15:00Z,17.794,92.27,1.379,217.9,0.0,19.978,0.0,65.7,67.3,72.5,,-69.03,-0.64,-68.38,0.06,329.67,398.48,,SW,,16.51
006HI,2024-01-16T07:20:00Z,17.778,92.4,1.41,214.2,0.0,19.95,0.0,65.7,67.3,72.6,12.21,-68.51,-0.69,-67.82,0.07,330.39,398.47,,SW,,16.52
006HI,2024-01-16T07:25:00Z,17.756,92.13,1.497,217.6,0.0,19.922,0.0,65.7,67.3,72.6,,-69.28,-0.8,-68.48,0.03,330.0,398.39,,SW,,16.45
006HI,2024-01-16T07:30:00Z,17.633,91.83,1.554,211.9,0.0,19.889,0.0,65.7,67.4,72.6,12.21,-71.22,-0.96,-70.26,0.03,327.72,397.93,,SSW,,16.28
006HI,2024-01-16T07:35:00Z,17.6,91.37,2.212,200.5,0.0,19.861,0.0,65.7,67.4,72.6,,-73.39,-0.96,-72.42,0.01,325.33,397.78,,SSW,,16.17
006HI,2024-01-16T07:40:00Z,17.489,90.6,1.903,204.0,0.0,19.839,0.0,65.7,67.3,72.5,12.2,-75.0,-0.91,-74.08,0.0,322.39,396.42,,SSW,,15.92
006HI,2024-01-16T07:45:00Z,17.256,89.83,2.382,201.9,0.0,19.822,0.0,65.7,67.3,72.6,,-75.67,-0.86,-74.81,0.0,319.72,394.72,,SSW,,15.56
006HI,2024-01-16T07:50:00Z,16.922,89.65,2.768,199.7,0.0,19.8,0.0,65.7,67.3,72.6,12.2,-75.59,-0.79,-74.8,0.0,317.93,393.25,,SSW,,15.2
006HI,2024-01-16T07:55:00Z,16.689,89.34,2.793,199.0,0.0,19.778,0.0,65.7,67.3,72.6,,-75.13,-0.72,-74.41,0.0,317.4,392.23,,SSW,,14.91
006HI,2024-01-16T08:00:00Z,16.644,88.8,1.718,205.4,0.0,19.761,0.0,65.7,67.3,72.6,12.2,-74.98,-0.68,-74.3,0.0,316.78,391.41,,SSW,,14.77
006HI,2024-01-16T08:05:00Z,16.428,86.19,1.584,214.1,0.0,19.739,0.0,65.7,67.3,72.6,,-77.31,-0.72,-76.58,0.0,313.31,390.31,,SW,,14.09
006HI,2024-01-16T08:10:00Z,16.272,85.97,1.651,216.0,0.0,19.722,0.0,65.7,67.4,72.6,12.19,-76.74,-0.73,-76.01,0.0,313.57,389.78,,SW,,13.9
006HI,2024-01-16T08:15:00Z,16.3,86.27,2.197,201.1,0.0,19.689,0.0,65.7,67.3,72.6,,-76.01,-0.69,-75.31,0.0,314.1,389.64,,SSW,,13.98
006HI,2024-01-16T08:20:00Z,16.8,84.04,2.901,191.1,0.0,19.661,0.0,65.7,67.3,72.5,12.19,-76.87,-0.62,-76.25,0.08,313.85,390.56,,S,,14.07
006HI,2024-01-16T08:25:00Z,17.028,82.46,2.896,194.8,0.0,19.622,0.0,65.7,67.4,72.5,,-77.18,-0.65,-76.54,0.0,313.45,390.47,,SSW,,14.0
006HI,2024-01-16T08:30:00Z,17.15,81.4,2.927,192.3,0.0,19.578,0.0,65.7,67.4,72.6,12.18,-77.34,-0.64,-76.71,0.0,313.0,390.33,,SSW,,13.91
006HI,2024-01-16T08:35:00Z,17.172,80.85,3.009,190.6,0.0,19.55,0.0,65.7,67.4,72.6,,-77.75,-0.62,-77.13,0.0,312.86,390.49,,S,,13.83
006HI,2024-01-16T08:40:00Z,17.089,80.21,3.097,191.8,0.0,19.522,0.0,65.7,67.3,72.5,12.18,-77.78,-0.67,-77.11,0.0,312.36,389.99,,SSW,,13.63
006HI,2024-01-16T08:45:00Z,17.039,80.69,3.107,189.5,0.0,19.5,0.0,65.7,67.3,72.5,,-77.54,-0.65,-76.89,0.0,312.31,389.64,,S,,13.67
006HI,2024-01-16T08:50:00Z,17.122,80.85,2.948,190.3,0.0,19.472,0.0,65.7,67.3,72.5,12.18,-77.88,-0.65,-77.23,0.0,312.36,390.03,,S,,13.78
006HI,2024-01-16T08:55:00Z,17.206,80.9,2.793,190.8,0.0,19.439,0.0,65.7,67.3,72.5,,-77.56,-0.62,-76.94,0.0,312.66,389.83,,S,,13.87
006HI,2024-01-16T09:00:00Z,17.272,80.42,3.03,194.5,0.0,19.422,0.0,65.7,67.3,72.5,12.18,-77.69,-0.62,-77.08,0.0,313.2,390.34,,SSW,,13.84
006HI,2024-01-16T09:05:00Z,17.233,80.14,2.804,192.6,0.0,19.389,0.0,65.7,67.3,72.5,,-77.45,-0.63,-76.82,0.0,312.8,389.52,,SSW,,13.75
006HI,2024-01-16T09:10:00Z,17.278,80.77,2.768,193.5,0.0,19.372,0.0,65.7,67.3,72.5,12.18,-77.3,-0.61,-76.7,0.0,313.06,389.62,,SSW,,13.92
006HI,2024-01-16T09:15:00Z,17.244,81.12,2.907,194.9,0.0,19.35,0.0,65.7,67.3,72.6,,-78.19,-0.63,-77.56,0.0,312.38,389.78,,SSW,,13.95
006HI,2024-01-16T09:20:00Z,17.256,81.15,2.793,190.5,0.0,19.322,0.0,65.7,67.3,72.6,12.18,-78.48,-0.64,-77.84,0.0,311.81,389.56,,S,,13.97
006HI,2024-01-16T09:25:00Z,16.95,82.49,2.809,188.2,0.0,19.3,0.0,65.7,67.3,72.6,,-77.83,-0.66,-77.17,0.0,311.58,388.76,,S,,13.92
006HI,2024-01-16T09:30:00Z,16.961,83.45,2.577,188.5,0.0,19.278,0.0,65.7,67.3,72.5,12.18,-76.95,-0.61,-76.34,0.0,312.6,389.15,,S,,14.12
006HI,2024-01-16T09:35:00Z,17.039,83.87,3.154,189.2,0.0,19.261,0.0,65.7,67.3,72.5,,-77.15,-0.64,-76.51,0.0,313.41,390.03,,S,,14.27
006HI,2024-01-16T09:40:00Z,17.411,81.17,3.241,189.5,0.0,19.228,0.0,65.7,67.3,72.5,12.17,-78.81,-0.61,-78.2,0.0,313.01,391.15,,S,,14.12
006HI,2024-01-16T09:45:00Z,17.483,79.92,3.092,190.8,0.0,19.2,0.0,65.7,67.3,72.5,,-79.15,-0.63,-78.52,0.0,312.69,391.07,,S,,13.95
006HI,2024-01-16T09:50:00Z,17.833,79.57,3.056,194.8,0.0,19.172,0.0,65.7,67.3,72.5,12.17,-79.31,-0.61,-78.71,0.0,313.25,392.07,,SSW,,14.23
006HI,2024-01-16T09:55:00Z,17.622,79.95,2.737,192.2,0.0,19.15,0.0,65.7,67.3,72.5,,-78.55,-0.66,-77.88,0.0,313.03,390.97,,SSW,,14.1
