# STATION: 007HI
# STATION NAME: Laupahoehoe
# LATITUDE: 19.93200
# LONGITUDE: -155.29100
# ELEVATION [ft]: 3776.0
# STATE: HI
Station_ID,Date_Time,air_temp_set_1,relative_humidity_set_1,wind_speed_set_1,wind_direction_set_1,solar_radiation_set_1,soil_temp_set_1,soil_temp_set_2,precip_accum_five_minute_set_1,soil_moisture_set_1,soil_moisture_set_2,soil_moisture_set_3,volt_set_1,outgoing_radiation_sw_set_1,incoming_radiation_lw_set_1,outgoing_radiation_lw_set_1,wind_chill_set_1d,wind_cardinal_direction_set_1d,heat_index_set_1d,dew_point_temperature_set_1d
,,Celsius,%,m/s,Degrees,W/m**2,Celsius,Celsius,Millimeters,%,%,%,volts,W/m**2,W/m**2,W/m**2,Celsius,code,Celsius,Celsius
007HI,2024-01-15T10:05:00Z,12.778,84.98,1.389,191.0,0.0,,,0.0,,,,,0.08,0.0,0.0,,S,,10.29
007HI,2024-01-15T10:10:00Z,13.183,65.91,0.499,193.3,0.0,,,0.0,,,,12.32,0.7,0.0,0.0,,SSW,,6.89
007HI,2024-01-15T10:15:00Z,13.489,67.96,0.231,120.5,0.0,,,0.0,,,,,0.03,0.0,0.0,,ESE,,7.64
007HI,2024-01-15T10:20:00Z,13.711,80.82,0.175,184.8,0.0,,,0.0,,,,12.33,0.43,0.0,0.0,,S,,10.44
007HI,2024-01-15T10:25:00Z,14.067,84.36,0.01,121.4,0.0,,,0.0,,,,,0.63,0.0,0.0,,ESE,,11.44
007HI,2024-01-15T10:30:00Z,13.867,84.72,0.015,173.7,0.0,,,0.0,,,,12.22,0.52,0.0,0.0,,S,,11.31
007HI,2024-01-15T10:35:00Z,13.872,85.65,0.211,173.2,0.0,,,0.0,,,,,0.11,0.0,0.0,,S,,11.48
007HI,2024-01-15T10:40:00Z,13.783,66.16,1.399,201.4,0.0,,,0.0,,,,12.21,0.97,0.0,0.0,,SSW,,7.52
007HI,2024-01-15T10:45:00Z,13.7,54.98,1.518,191.2,0.0,,,0.0,,,,,0.88,0.0,0.0,,S,,4.74
007HI,2024-01-15T10:50:00Z,13.567,57.47,0.427,156.8,0.0,,,0.0,,,,12.32,0.0,0.0,0.0,,SSE,,5.26
007HI,2024-01-15T10:55:00Z,14.067,61.12,0.936,166.9,0.0,,,0.0,,,,,0.59,0.0,0.0,,SSE,,6.63
007HI,2024-01-15T11:00:00Z,14.039,56.8,0.977,165.8,0.0,,,0.0,,,,12.3,0.26,0.0,0.0,,SSE,,5.53
007HI,2024-01-15T11:05:00Z,13.567,56.74,1.801,203.1,0.0,,,0.0,,,,,0.29,0.0,0.0,,SSW,,5.07
007HI,2024-01-15T11:10:00Z,14.239,51.9,1.986,191.9,0.0,,,0.0,,,,12.22,1.77,0.0,0.0,,SSW,,4.41
007HI,2024-01-15T11:15:00Z,14.633,50.67,1.975,195.2,0.0,,,0.0,,,,,1.72,0.0,0.0,,SSW,,4.44
007HI,2024-01-15T11:20:00Z,14.494,51.92,1.903,200.0,0.0,,,0.0,,,,12.29,0.43,,0.0,,SSW,,4.66
007HI,2024-01-15T11:25:00Z,14.522,51.55,1.929,192.4,0.0,,,0.0,,,,,0.82,0.0,0.0,,SSW,,4.58
007HI,2024-01-15T11:30:00Z,15.022,49.24,1.626,193.6,0.0,,,0.0,,,,12.32,1.42,0.0,0.0,,SSW,,4.38
007HI,2024-01-15T11:35:00Z,15.211,48.5,1.559,184.9,0.0,,,0.0,,,,,0.9,0.0,0.0,,S,,4.34
007HI,2024-01-15T11:40:00Z,15.633,46.74,1.512,190.5,0.0,,,0.0,,,,12.31,0.77,0.0,0.0,,S,,4.2
007HI,2024-01-15T11:45:00Z,15.661,45.86,0.941,186.8,0.0,,,0.0,,,,,0.61,0.0,0.0,,S,,3.95
007HI,2024-01-15T11:50:00Z,16.106,43.95,0.828,189.7,0.0,,,0.0,,,,12.31,0.69,0.0,0.0,,S,,3.75
007HI,2024-01-15T11:55:00Z,16.233,44.06,1.183,196.4,0.0,,,0.0,,,,,0.18,0.0,0.0,,SSW,,3.9
007HI,2024-01-15T12:00:00Z,16.156,45.84,0.694,193.4,0.0,,,0.0,,,,12.31,0.0,0.0,0.0,,SSW,,4.4
007HI,2024-01-15T12:05:00Z,15.178,63.72,0.391,130.6,0.0,,,0.0,,,,,0.0,0.0,0.0,,SE,,8.29
007HI,2024-01-15T12:10:00Z,14.678,49.78,1.379,192.4,0.0,,,0.0,,,,12.3,0.0,0.0,0.0,,SSW,,4.22
007HI,2024-01-15T12:15:00Z,14.8,47.5,1.62,202.1,0.0,,,0.0,,,,,0.0,0.0,0.0,,SSW,,3.66
007HI,2024-01-15T12:20:00Z,15.061,45.65,2.006,203.3,0.0,,,0.0,,,,12.3,0.34,0.0,0.0,,SSW,,3.34
007HI,2024-01-15T12:25:00Z,14.928,45.38,1.924,203.3,0.0,,,0.0,,,,,0.41,0.0,0.0,,SSW,,3.13
007HI,2024-01-15T12:30:00Z,14.894,45.61,1.996,197.8,0.0,,,0.0,,,,12.2,0.09,0.0,0.0,,SSW,,3.17
007HI,2024-01-15T12:35:00Z,14.65,46.03,2.032,194.5,0.0,,,0.0,,,,,0.07,,0.0,,SSW,,3.08
007HI,2024-01-15T12:40:00Z,14.65,46.3,2.089,195.7,0.0,,,0.0,,,,12.26,0.32,0.0,0.0,,SSW,,3.16
007HI,2024-01-15T12:45:00Z,14.656,45.97,1.919,192.7,0.0,,,0.0,,,,,0.39,0.0,0.0,,SSW,,3.07
007HI,2024-01-15T12:50:00Z,14.667,44.95,2.186,195.3,0.0,,,0.0,,,,12.29,0.49,0.0,0.0,,SSW,,2.76
007HI,2024-01-15T12:55:00Z,14.739,44.4,1.739,193.0,0.0,,,0.0,,,,,0.48,0.0,0.0,,SSW,,2.65
007HI,2024-01-15T13:00:00Z,14.622,44.7,1.898,192.1,0.0,,,0.0,,,,12.29,0.31,0.0,0.0,,SSW,,2.64
007HI,2024-01-15T13:05:00Z,14.789,43.71,1.79,190.7,0.0,,,0.0,,,,,0.89,0.0,0.0,,S,,2.47
007HI,2024-01-15T13:10:00Z,14.939,43.4,1.394,188.7,0.0,,,0.0,,,,12.28,0.67,0.0,0.0,,S,,2.51
007HI,2024-01-15T13:15:00Z,14.389,47.97,0.468,174.8,0.0,,,0.0,,,,,0.0,0.0,0.0,,S,,3.43
007HI,2024-01-15T13:20:00Z,14.256,49.0,1.374,152.2,0.0,,,0.0,,,,12.28,0.39,0.0,0.0,,SSE,,3.61
007HI,2024-01-15T13:25:00Z,14.294,57.48,0.216,145.3,0.0,,,0.0,,,,,0.73,0.0,0.0,,SE,,5.94
007HI,2024-01-15T13:30:00Z,14.428,59.14,0.324,159.9,0.0,,,0.0,,,,12.27,0.68,0.0,0.0,,SSE,,6.49
007HI,2024-01-15T13:35:00Z,14.322,48.55,0.139,193.4,0.0,,,0.0,,,,,0.74,0.0,0.0,,SSW,,3.54
007HI,2024-01-15T13:40:00Z,14.25,62.77,0.453,5.62,0.0,,,0.0,,,,12.27,1.16,0.0,0.0,,N,,7.19
007HI,2024-01-15T13:45:00Z,13.8,82.61,0.314,22.85,0.0,,,0.0,,,,,0.0,0.0,0.0,,NNE,,10.86
007HI,2024-01-15T13:50:00Z,13.428,88.13,0.005,21.43,0.0,,,0.0,,,,12.16,0.07,0.0,0.0,,NNE,,11.48
007HI,2024-01-15T13:55:00Z,13.128,90.21,0.036,36.96,0.0,,,0.0,,,,,0.05,0.0,0.0,,NE,,11.54
007HI,2024-01-15T14:00:00Z,12.906,91.45,0.139,164.0,0.0,,,0.0,,,,12.2,0.0,0.0,0.0,,SSE,,11.53
007HI,2024-01-15T14:05:00Z,12.606,87.39,0.324,215.5,0.0,,,0.0,,,,,0.08,0.0,0.0,,SW,,10.55
007HI,2024-01-15T14:10:00Z,11.917,68.67,0.448,156.2,0.0,,,0.0,,,,12.23,0.11,0.0,0.0,,SSE,,6.28
007HI,2024-01-15T14:15:00Z,12.256,66.24,0.761,131.2,0.0,,,0.0,,,,,0.24,0.0,0.0,,SE,,6.08
007HI,2024-01-15T14:20:00Z,12.689,74.57,0.021,138.8,0.0,,,0.0,,,,12.24,0.59,0.0,0.0,,SE,,8.24
007HI,2024-01-15T14:25:00Z,12.633,74.29,0.231,167.7,0.0,,,0.0,,,,,0.37,0.0,0.0,,SSE,,8.13
007HI,2024-01-15T14:30:00Z,12.539,80.14,0.808,162.9,0.0,,,0.0,,,,12.24,0.29,0.0,0.0,,SSE,,9.17
007HI,2024-01-15T14:35:00Z,12.211,80.88,0.283,171.7,0.0,,,0.0,,,,,0.12,0.0,0.0,,S,,8.99
007HI,2024-01-15T14:40:00Z,12.239,83.42,0.231,180.8,0.0,,,0.0,,,,12.13,0.18,0.0,0.0,,S,,9.48
007HI,2024-01-15T14:45:00Z,12.439,86.42,0.612,173.7,0.0,,,0.0,,,,,0.37,0.0,0.0,,S,,10.21
007HI,2024-01-15T14:50:00Z,12.489,65.41,0.962,162.1,0.0,,,0.0,,,,12.12,1.09,0.0,0.0,,SSE,,6.12
007HI,2024-01-15T14:55:00Z,13.683,54.01,0.746,165.4,0.0,,,0.0,,,,,1.66,0.0,0.0,,SSE,,4.47
007HI,2024-01-15T15:00:00Z,14.256,52.21,0.334,93.1,0.0,,,0.0,,,,12.22,1.82,0.0,0.0,,E,,4.52
007HI,2024-01-15T15:05:00Z,14.272,51.26,0.139,124.6,0.0,,,0.0,,,,,1.27,0.0,0.0,,SE,,4.27
007HI,2024-01-15T15:10:00Z,14.122,50.4,0.777,153.6,0.0,,,0.0,,,,12.13,0.68,0.0,0.0,,SSE,,3.89
007HI,2024-01-15T15:15:00Z,14.261,48.97,0.839,166.5,0.0,,,0.0,,,,,0.56,0.0,0.0,,SSE,,3.6
007HI,2024-01-15T15:20:00Z,14.283,48.87,0.926,166.7,0.0,,,0.0,,,,12.17,0.34,0.0,0.0,,SSE,,3.59
007HI,2024-01-15T15:25:00Z,14.272,51.11,0.458,126.5,0.0,,,0.0,,,,,0.88,0.0,0.0,,SE,,4.23
007HI,2024-01-15T15:30:00Z,14.417,52.31,0.376,296.3,0.0,,,0.0,,,,12.22,1.85,0.0,0.0,,WNW,,4.69
007HI,2024-01-15T15:35:00Z,14.461,49.54,1.291,206.3,0.0,,,0.0,,,,,1.36,0.0,0.0,,SSW,,3.95
007HI,2024-01-15T15:40:00Z,14.017,48.92,1.847,201.7,0.0,,,0.0,,,,12.21,0.24,0.0,0.0,,SSW,,3.36
007HI,2024-01-15T15:45:00Z,13.539,52.6,2.819,201.0,0.0,,,0.0,,,,,0.0,0.0,0.0,,SSW,,3.96
007HI,2024-01-15T15:50:00Z,13.483,52.2,2.361,194.0,0.0,,,0.0,,,,12.21,0.9,0.0,0.0,,SSW,,3.79
007HI,2024-01-15T15:55:00Z,14.289,49.87,2.145,196.2,0.0,,,0.0,,,,,1.39,0.0,0.0,,SSW,,3.89
007HI,2024-01-15T16:00:00Z,14.317,50.83,0.484,185.6,0.0,,,0.0,,,,12.21,0.76,0.0,0.0,,S,,4.19
007HI,2024-01-15T16:05:00Z,14.094,52.57,0.345,180.2,0.0,,,0.0,,,,,0.71,0.0,0.0,,S,,4.46
007HI,2024-01-15T16:10:00Z,13.944,52.56,0.921,162.0,0.0,,,0.0,,,,12.19,0.93,0.0,0.0,,SSE,,4.32
007HI,2024-01-15T16:15:00Z,14.461,47.88,1.893,175.3,0.0,,,0.0,,,,,1.86,0.0,0.0,,S,,3.47
007HI,2024-01-15T16:20:00Z,14.928,44.39,2.099,194.9,0.0,,,0.0,,,,12.2,1.81,0.0,0.0,,SSW,,2.82
007HI,2024-01-15T16:25:00Z,15.467,40.77,2.665,196.0,0.0,,,0.0,,,,,2.4,0.0,0.0,,SSW,,2.11
007HI,2024-01-15T16:30:00Z,15.633,40.67,2.727,203.9,0.0,,,0.0,,,,12.13,1.41,0.0,0.0,,SSW,,2.22
007HI,2024-01-15T16:35:00Z,15.4,41.38,3.169,203.9,0.0,,,0.0,,,,,0.66,0.0,0.0,,SSW,,2.26
007HI,2024-01-15T16:40:00Z,15.289,41.86,2.433,205.9,0.0,,,0.0,,,,12.12,0.53,0.0,0.0,,SSW,,2.32
007HI,2024-01-15T16:45:00Z,15.139,42.43,2.377,209.7,0.0,,,0.0,,,,,0.49,0.0,0.0,,SSW,,2.37
007HI,2024-01-15T16:50:00Z,15.122,42.57,2.12,202.7,0.0,,,0.0,,,,12.19,0.67,0.0,0.0,,SSW,,2.4
007HI,2024-01-15T16:55:00Z,15.383,41.1,2.67,203.9,0.0,,,0.0,,,,,1.34,0.0,0.0,,SSW,,2.15
007HI,2024-01-15T17:00:00Z,15.767,39.83,2.33,204.9,1.89,,,0.0,,,,12.2,2.28,0.0,0.0,,SSW,,2.05
007HI,2024-01-15T17:05:00Z,15.678,40.48,2.943,200.6,7.6,,,0.0,,,,,4.55,0.0,0.0,,SSW,,2.2
007HI,2024-01-15T17:10:00Z,15.939,39.33,2.86,202.4,14.15,,,0.0,,,,12.21,7.01,0.0,0.0,,SSW,,2.03
007HI,2024-01-15T17:15:00Z,16.128,39.19,3.056,200.8,22.57,,,0.0,,,,,8.01,0.0,0.0,,SSW,,2.15
007HI,2024-01-15T17:20:00Z,16.372,38.77,2.804,198.0,33.08,,,0.0,,,,12.24,8.43,0.0,0.0,,SSW,,2.22
007HI,2024-01-15T17:25:00Z,16.689,37.21,2.438,197.1,45.0,,,0.0,,,,,9.2,0.0,0.0,,SSW,,1.92
007HI,2024-01-15T17:30:00Z,17.3,35.59,1.929,197.1,57.68,,,0.0,,,,12.28,9.86,0.0,0.0,,SSW,,1.85
007HI,2024-01-15T17:35:00Z,17.711,35.09,1.96,196.6,71.43,,,0.0,,,,,10.56,0.0,0.0,,SSW,,2.01
007HI,2024-01-15T17:40:00Z,17.911,35.26,1.646,206.3,86.26,,,0.0,,,,12.34,11.43,0.0,0.0,,SSW,,2.26
007HI,2024-01-15T17:45:00Z,18.317,33.48,1.492,210.7,103.77,,,0.0,,,,,13.64,0.0,0.0,,SSW,,1.89
007HI,2024-01-15T17:50:00Z,19.006,31.01,1.281,213.9,121.54,,,0.0,,,,12.43,15.48,0.0,0.0,,SW,,1.43
007HI,2024-01-15T17:55:00Z,19.644,29.07,0.926,226.0,138.48,,,0.0,,,,,16.76,0.0,0.0,,SW,,1.09
007HI,2024-01-15T18:00:00Z,,30.33,0.365,224.3,154.92,,,0.0,,,,12.32,17.5,0.0,0.0,,SW,,
007HI,2024-01-15T18:05:00Z,20.411,30.68,0.607,199.1,172.36,,,0.0,,,,,18.67,0.0,0.0,,SSW,,2.51
007HI,2024-01-15T18:10:00Z,20.222,30.97,0.54,205.3,191.53,,,0.0,,,,13.33,20.74,0.0,0.0,,SSW,,2.48
007HI,2024-01-15T18:15:00Z,19.322,43.04,1.121,266.3,206.76,,,0.0,,,,,17.41,0.0,0.0,,W,,6.38
007HI,2024-01-15T18:20:00Z,18.061,44.22,1.116,279.8,227.62,,,0.0,,,,14.11,20.13,0.0,0.0,,W,,5.62
007HI,2024-01-15T18:25:00Z,18.244,39.18,1.013,297.1,249.69,,,0.0,,,,,24.53,0.0,0.0,,WNW,,4.05
007HI,2024-01-15T18:30:00Z,18.533,40.97,1.178,232.1,268.82,,,0.0,,,,14.1,27.97,0.0,0.0,,SW,,4.95
007HI,2024-01-15T18:35:00Z,18.789,41.19,1.302,206.5,289.78,,,0.0,,,,,31.65,0.0,0.0,,SSW,,5.26
007HI,2024-01-15T18:40:00Z,19.539,37.13,0.849,187.6,310.23,,,0.0,,,,14.09,34.67,0.0,0.0,,S,,4.44
007HI,2024-01-15T18:45:00Z,20.5,36.43,0.17,178.2,329.07,,,0.0,,,,,36.27,0.0,0.0,,S,,5.03
007HI,2024-01-15T18:50:00Z,21.45,31.76,0.731,118.7,347.9,,,0.0,,,,14.07,37.55,0.0,0.0,,ESE,,3.91
007HI,2024-01-15T18:55:00Z,21.561,31.75,1.199,95.7,367.34,,,0.0,,,,,39.14,0.0,0.0,,E,,4.01
007HI,2024-01-15T19:00:00Z,21.4,31.9,1.317,93.8,386.92,,,0.0,,,,14.06,40.82,0.0,0.0,,E,,3.93
007HI,2024-01-15T19:05:00Z,21.617,33.55,0.988,91.9,405.38,,,0.0,,,,,42.5,0.0,0.0,,E,,4.84
007HI,2024-01-15T19:10:00Z,21.606,33.58,0.689,89.0,424.01,,,0.0,,,,14.05,44.47,0.0,0.0,,E,,4.85
007HI,2024-01-15T19:15:00Z,21.906,34.42,0.545,74.26,441.93,,,0.0,,,,,45.43,0.0,0.0,,ENE,,5.47
007HI,2024-01-15T19:20:00Z,22.072,,0.432,95.9,460.14,,,0.0,,,,13.93,46.8,0.0,0.0,,E,,
007HI,2024-01-15T19:25:00Z,22.344,33.34,0.396,64.1,477.56,,,0.0,,,,,48.17,0.0,0.0,,ENE,,5.4
007HI,2024-01-15T19:30:00Z,22.422,32.95,0.154,75.33,494.24,,,0.0,,,,14.01,50.01,0.0,0.0,,ENE,,5.29
007HI,2024-01-15T19:35:00Z,22.794,33.19,0.345,23.91,511.4,,,0.0,,,,,50.64,0.0,0.0,,NNE,,5.73
007HI,2024-01-15T19:40:00Z,22.583,36.61,0.777,0.99,530.62,,,0.0,,,,13.98,50.66,0.0,0.0,,N,,6.96
007HI,2024-01-15T19:45:00Z,22.144,35.88,1.111,356.4,547.46,,,0.0,,,,,51.46,0.0,0.0,,N,,6.28
007HI,2024-01-15T19:50:00Z,21.972,36.37,0.818,9.84,564.28,,,0.0,,,,13.96,55.74,0.0,0.0,,N,,6.32
007HI,2024-01-15T19:55:00Z,21.733,37.28,1.26,353.6,581.64,,,0.0,,,,,58.38,0.0,0.0,,N,,6.47
007HI,2024-01-15T20:00:00Z,21.639,39.65,1.487,6.35,597.84,,,0.0,,,,13.94,62.86,0.0,0.0,,N,,7.28
007HI,2024-01-15T20:05:00Z,21.306,43.16,1.471,28.46,612.98,,,0.0,,,,,67.4,0.0,0.0,,NNE,,8.23
007HI,2024-01-15T20:10:00Z,21.289,44.87,1.276,2.84,628.46,,,0.0,,,,13.61,69.99,0.0,0.0,,N,,8.79
007HI,2024-01-15T20:15:00Z,21.472,44.38,1.096,355.1,643.75,,,0.0,,,,,68.73,0.0,0.0,,N,,8.79
007HI,2024-01-15T20:20:00Z,21.7,42.18,0.664,352.9,659.05,,,0.0,,,,13.21,67.2,0.0,0.0,,N,,8.25
007HI,2024-01-15T20:25:00Z,21.822,42.26,0.448,342.7,673.09,,,0.0,,,,,65.83,0.0,0.0,,NNW,,8.39
007HI,2024-01-15T20:30:00Z,21.628,42.47,0.772,331.3,685.62,,,0.0,,,,13.14,64.76,0.0,0.0,,NNW,,8.28
007HI,2024-01-15T20:35:00Z,21.578,39.67,0.653,347.1,698.16,,,0.0,,,,,65.38,0.0,0.0,,NNW,,7.23
007HI,2024-01-15T20:40:00Z,21.778,36.94,0.268,333.7,710.32,,,0.0,,,,13.02,66.01,0.0,0.0,,NNW,,6.37
007HI,2024-01-15T20:45:00Z,21.989,38.93,1.152,20.09,723.08,,,0.0,,,,,65.57,0.0,0.0,,NNE,,7.33
007HI,2024-01-15T20:50:00Z,21.978,38.26,0.787,0.51,735.44,,,0.0,,,,13.1,66.7,0.0,0.0,,N,,7.07
007HI,2024-01-15T20:55:00Z,22.128,39.04,0.689,50.69,746.9,,,0.0,,,,,68.29,0.0,0.0,,NE,,7.5
007HI,2024-01-15T21:00:00Z,22.139,39.48,1.111,3.15,758.61,,,0.0,,,,13.08,69.5,0.0,0.0,,N,,7.67
007HI,2024-01-15T21:05:00Z,22.05,39.41,1.61,343.8,769.96,,,0.0,,,,,68.75,0.0,0.0,,NNW,,7.56
007HI,2024-01-15T21:10:00Z,21.75,42.41,1.271,338.8,779.06,,,0.0,,,,13.06,69.1,0.0,0.0,,NNW,,8.37
007HI,2024-01-15T21:15:00Z,21.806,43.3,0.89,338.0,788.85,,,0.0,,,,,70.65,0.0,0.0,,NNW,,8.73
007HI,2024-01-15T21:20:00Z,22.028,44.31,1.121,338.9,798.38,,,0.0,,,,13.05,70.99,0.0,0.0,,NNW,,9.28
007HI,2024-01-15T21:25:00Z,21.833,41.25,1.749,345.6,806.21,,,0.0,,,,,70.88,0.0,0.0,,NNW,,8.04
007HI,2024-01-15T21:30:00Z,21.733,46.93,1.307,342.7,814.68,,,0.0,,,,13.04,71.96,0.0,0.0,,NNW,,9.86
007HI,2024-01-15T21:35:00Z,21.833,46.45,1.533,10.3,822.86,,,0.0,,,,,73.68,0.0,0.0,,N,,9.8
007HI,2024-01-15T21:40:00Z,21.861,43.72,1.266,13.12,830.26,,,0.0,,,,13.04,74.3,0.0,0.0,,NNE,,8.92
007HI,2024-01-15T21:45:00Z,21.967,46.79,1.137,17.43,836.24,,,0.0,,,,,74.32,0.0,0.0,,NNE,,10.03
007HI,2024-01-15T21:50:00Z,21.817,52.68,0.54,49.26,841.13,,,0.0,,,,13.03,74.56,0.0,0.0,,NE,,11.68
007HI,2024-01-15T21:55:00Z,21.922,48.93,1.374,3.17,845.96,,,0.0,,,,,73.74,0.0,0.0,,N,,10.66
007HI,2024-01-15T22:00:00Z,21.667,51.99,1.039,7.36,850.42,,,0.0,,,,12.89,73.21,0.0,0.0,,N,,11.34
007HI,2024-01-15T22:05:00Z,21.583,55.35,1.523,7.66,854.89,,,0.0,,,,,73.48,0.0,0.0,,N,,12.22
007HI,2024-01-15T22:10:00Z,21.233,63.1,2.078,24.33,857.91,,,0.0,,,,13.03,73.55,0.0,0.0,,NNE,,13.9
007HI,2024-01-15T22:15:00Z,20.911,70.98,1.548,35.03,861.02,,,0.0,,,,,74.24,0.0,0.0,,NE,,15.42
007HI,2024-01-15T22:20:00Z,20.922,72.05,1.842,357.6,863.73,,,0.0,,,,13.04,74.82,0.0,0.0,,N,,15.67
007HI,2024-01-15T22:25:00Z,20.75,73.3,1.286,21.94,863.87,,,0.0,,,,,74.46,0.0,0.0,,NNE,,15.77
007HI,2024-01-15T22:30:00Z,21.194,72.56,0.916,350.2,867.25,,,0.0,,,,13.04,75.21,0.0,0.0,,N,,16.04
007HI,2024-01-15T22:35:00Z,21.139,72.08,1.734,356.3,868.3,,,0.0,,,,,73.03,0.0,0.0,,N,,15.89
007HI,2024-01-15T22:40:00Z,20.989,72.36,1.209,5.59,866.67,,,0.0,,,,13.02,72.38,0.0,0.0,,N,,15.8
007HI,2024-01-15T22:45:00Z,20.689,75.09,1.919,351.8,865.21,,,0.0,,,,,70.8,0.0,0.0,,N,,16.09
007HI,2024-01-15T22:50:00Z,20.611,76.95,1.975,12.52,864.14,,,0.0,,,,13.0,71.75,0.0,0.0,,NNE,,16.4
007HI,2024-01-15T22:55:00Z,20.711,78.99,1.909,21.69,861.91,,,0.0,,,,,73.28,0.0,0.0,,NNE,,16.92
007HI,2024-01-15T23:00:00Z,20.644,83.43,2.032,6.31,840.62,,,0.0,,,,12.97,70.96,0.0,0.0,,N,,17.72
007HI,2024-01-15T23:05:00Z,20.689,81.88,1.729,354.3,883.97,,,0.0,,,,,75.4,0.0,0.0,,N,,17.47
007HI,2024-01-15T23:10:00Z,20.906,82.73,1.518,17.24,906.48,,,0.0,,,,12.96,78.28,0.0,0.0,,NNE,,17.84
007HI,2024-01-15T23:15:00Z,20.6,81.7,1.466,14.85,725.53,,,0.0,,,,,60.51,0.0,0.0,,NNE,,17.34
007HI,2024-01-15T23:20:00Z,20.706,80.56,0.926,30.3,778.35,,,0.0,,,,12.89,65.73,0.0,0.0,,NNE,,17.22
007HI,2024-01-15T23:25:00Z,20.628,81.07,1.605,22.34,893.77,,,0.0,,,,,77.13,0.0,0.0,,NNE,,17.25
007HI,2024-01-15T23:30:00Z,20.556,77.34,0.895,24.57,858.38,,,0.0,,,,12.98,74.33,0.0,0.0,,NNE,,16.43
007HI,2024-01-15T23:35:00Z,20.85,75.74,1.183,328.4,839.91,,,0.0,,,,,71.23,0.0,0.0,,NNW,,16.39
007HI,2024-01-15T23:40:00Z,21.222,71.59,0.931,0.33,834.84,,,0.0,,,,13.01,71.38,0.0,0.0,,N,,15.86
007HI,2024-01-15T23:45:00Z,21.511,74.08,1.718,353.5,827.57,,,0.0,,,,,69.74,0.0,0.0,,N,,16.68
007HI,2024-01-15T23:50:00Z,21.278,78.15,1.754,7.33,831.21,,,0.0,,,,13.01,69.68,0.0,0.0,,N,,17.3
007HI,2024-01-15T23:55:00Z,20.939,81.23,2.577,15.49,828.95,,,0.0,,,,,70.63,0.0,0.0,,NNE,,17.58
007HI,2024-01-16T00:00:00Z,20.539,81.23,1.765,37.88,853.58,,,0.0,,,,12.98,74.9,0.0,0.0,,NE,,17.19
007HI,2024-01-16T00:05:00Z,20.661,80.86,2.269,22.83,868.58,,,0.0,,,,,76.6,0.0,0.0,,NNE,,17.24
007HI,2024-01-16T00:10:00Z,20.439,83.98,1.826,12.73,772.83,,,0.0,,,,13.01,66.04,0.0,0.0,,NNE,,17.62
007HI,2024-01-16T00:15:00Z,20.633,83.12,1.584,344.1,840.37,,,0.0,,,,,73.85,0.0,0.0,,NNW,,17.65
007HI,2024-01-16T00:20:00Z,20.956,81.74,0.674,344.6,807.2,,,0.0,,,,13.0,69.43,0.0,0.0,,NNW,,17.7
007HI,2024-01-16T00:25:00Z,21.206,80.23,0.916,346.2,774.81,,,0.0,,,,,65.87,0.0,0.0,,NNW,,17.65
007HI,2024-01-16T00:30:00Z,21.139,77.68,0.962,12.56,754.02,,,0.0,,,,12.99,63.82,0.0,0.0,,NNE,,17.07
007HI,2024-01-16T00:35:00Z,20.817,78.99,1.394,2.59,740.45,,,0.0,,,,,62.17,0.0,0.0,,N,,17.02
007HI,2024-01-16T00:40:00Z,20.583,81.02,1.595,21.79,728.14,,,0.0,,,,12.91,62.01,0.0,0.0,,NNE,,17.19
007HI,2024-01-16T00:45:00Z,20.739,82.45,1.152,15.48,717.19,,,0.0,,,,,62.69,0.0,0.0,,NNE,,17.62
007HI,2024-01-16T00:50:00Z,20.978,81.56,1.07,349.0,702.78,,,0.0,,,,12.97,61.39,0.0,0.0,,N,,17.69
007HI,2024-01-16T00:55:00Z,20.478,78.5,1.466,319.4,688.97,,,0.0,,,,,58.76,0.0,0.0,,NW,,16.59
007HI,2024-01-16T01:00:00Z,20.533,81.29,1.363,342.5,676.4,,,0.0,,,,12.97,58.85,0.0,0.0,,NNW,,17.2
007HI,2024-01-16T01:05:00Z,20.372,83.65,1.924,1.26,662.75,,,0.0,,,,,57.28,0.0,0.0,,N,,17.5
007HI,2024-01-16T01:10:00Z,20.156,85.94,1.826,19.0,674.93,,,0.0,,,,12.97,59.6,0.0,0.0,,NNE,,17.71
007HI,2024-01-16T01:15:00Z,20.139,86.9,1.317,27.08,702.53,,,0.0,,,,,62.9,0.0,0.0,,NNE,,17.88
007HI,2024-01-16T01:20:00Z,19.683,85.95,1.914,19.04,617.83,,,0.0,,,,12.99,54.4,0.0,0.0,,NNE,,17.25
007HI,2024-01-16T01:25:00Z,19.45,87.25,1.178,6.17,606.37,,,0.0,,,,,54.61,0.0,0.0,,N,,17.26
007HI,2024-01-16T01:30:00Z,19.4,84.27,1.801,344.0,592.89,,,0.0,,,,13.01,52.02,0.0,0.0,,NNW,,16.66
007HI,2024-01-16T01:35:00Z,19.478,86.69,1.317,346.3,577.85,,,0.0,,,,,51.03,0.0,0.0,,NNW,,17.19
007HI,2024-01-16T01:40:00Z,19.894,86.21,0.859,28.03,553.49,,,0.0,,,,13.01,49.02,0.0,0.0,,NNE,,17.51
007HI,2024-01-16T01:45:00Z,19.983,84.62,0.828,338.8,536.45,,,0.0,,,,,47.26,0.0,0.0,,NNW,,17.3
007HI,2024-01-16T01:50:00Z,20.217,83.55,0.622,339.7,518.02,,,0.0,,,,13.0,45.23,0.0,0.0,,NNW,,17.32
007HI,2024-01-16T01:55:00Z,19.911,82.88,1.055,332.0,499.2,,,0.0,,,,,42.25,0.0,0.0,,NNW,,16.9
007HI,2024-01-16T02:00:00Z,19.7,84.32,0.957,340.8,481.43,,,0.0,,,,12.91,40.85,0.0,0.0,,NNW,,16.96
007HI,2024-01-16T02:05:00Z,19.567,84.98,0.777,26.5,462.57,,,0.0,,,,,39.41,0.0,0.0,,NNE,,16.96
007HI,2024-01-16T02:10:00Z,19.567,85.31,0.89,352.0,443.4,,,0.0,,,,12.98,38.12,0.0,0.0,,N,,17.02
007HI,2024-01-16T02:15:00Z,19.606,85.4,0.679,342.9,422.33,,,0.0,,,,,36.29,0.0,0.0,,NNW,,17.07
007HI,2024-01-16T02:20:00Z,19.728,85.3,0.293,32.42,401.06,,,0.0,,,,13.05,35.1,0.0,0.0,,NNE,,17.17
007HI,2024-01-16T02:25:00Z,19.644,84.37,1.116,16.99,381.68,,,0.0,,,,,33.57,0.0,0.0,,NNE,,16.92
007HI,2024-01-16T02:30:00Z,19.472,86.03,0.576,4.68,360.1,,,0.0,,,,13.05,30.8,0.0,0.0,,N,,17.06
007HI,2024-01-16T02:35:00Z,19.511,85.55,0.607,42.56,340.36,,,0.0,,,,,30.58,0.0,0.0,,NE,,17.01
007HI,2024-01-16T02:40:00Z,19.583,85.76,0.237,331.7,318.77,,,0.0,,,,13.05,27.93,0.0,0.0,,NNW,,17.12
007HI,2024-01-16T02:45:00Z,19.889,84.98,0.051,349.5,297.9,,,0.0,,,,,26.46,0.0,0.0,,N,,17.27
007HI,2024-01-16T02:50:00Z,20.433,83.82,0.0,,277.44,,,0.0,,,,13.06,24.53,0.0,0.0,,,,17.59
007HI,2024-01-16T02:55:00Z,20.733,80.93,0.149,131.1,253.85,,,0.0,,,,,22.42,0.0,0.0,,SE,,17.32
007HI,2024-01-16T03:00:00Z,20.8,81.03,0.221,139.2,231.91,,,0.0,,,,13.07,20.28,0.0,0.0,,SE,,17.41
007HI,2024-01-16T03:05:00Z,21.133,80.98,0.067,160.7,210.84,,,0.0,,,,,18.06,0.0,0.0,,SSE,,17.72
007HI,2024-01-16T03:10:00Z,21.328,79.0,0.021,158.5,190.84,,,0.0,,,,13.08,17.45,0.0,0.0,,SSE,,17.52
007HI,2024-01-16T03:15:00Z,21.128,79.63,0.386,356.3,170.06,,,0.0,,,,,12.55,0.0,0.0,,N,,17.45
007HI,2024-01-16T03:20:00Z,20.922,80.91,0.0,,147.21,,,0.0,,,,12.99,9.59,0.0,0.0,,,,17.5
007HI,2024-01-16T03:25:00Z,21.328,78.53,0.0,,121.45,,,0.0,,,,,8.05,0.0,0.0,,,,17.42
007HI,2024-01-16T03:30:00Z,20.95,70.56,0.062,182.4,17.42,,,0.0,,,,13.01,0.0,0.0,0.0,,S,,15.37
007HI,2024-01-16T03:35:00Z,20.3,51.71,0.756,167.4,12.13,,,0.0,,,,,0.0,0.0,0.0,,SSE,,9.99
007HI,2024-01-16T03:40:00Z,20.278,45.13,0.777,160.3,11.39,,,0.0,,,,13.02,0.0,0.0,0.0,,SSE,,7.95
007HI,2024-01-16T03:45:00Z,20.489,35.97,0.777,163.8,10.34,,,0.0,,,,,0.01,0.0,0.0,,SSE,,4.84
007HI,2024-01-16T03:50:00Z,20.656,36.07,0.844,174.0,7.81,,,0.0,,,,12.95,0.22,0.0,0.0,,S,,5.03
007HI,2024-01-16T03:55:00Z,20.528,42.62,0.453,174.9,4.68,,,0.0,,,,,0.37,0.0,0.0,,S,,7.33
007HI,2024-01-16T04:00:00Z,20.383,49.56,0.442,205.2,1.08,,,0.0,,,,12.88,0.4,0.0,0.0,,SSW,,9.43
007HI,2024-01-16T04:05:00Z,19.806,55.51,0.442,190.1,0.0,,,0.0,,,,,0.25,0.0,0.0,,S,,10.6
007HI,2024-01-16T04:10:00Z,19.472,60.98,0.273,75.94,0.0,,,0.0,,,,12.78,0.44,0.0,0.0,,ENE,,11.71
007HI,2024-01-16T04:15:00Z,19.228,64.32,0.005,76.14,0.0,,,0.0,,,,,0.35,0.0,0.0,,ENE,,12.29
007HI,2024-01-16T04:20:00Z,19.089,66.7,0.684,129.4,0.0,,,0.0,,,,12.69,0.68,0.0,0.0,,SE,,12.71
007HI,2024-01-16T04:25:00Z,19.156,72.03,0.581,152.6,0.0,,,0.0,,,,,0.72,0.0,0.0,,SSE,,13.96
007HI,2024-01-16T04:30:00Z,19.011,71.28,1.127,132.0,0.0,,,0.0,,,,12.56,0.71,0.0,0.0,,SE,,13.66
007HI,2024-01-16T04:35:00Z,18.872,73.46,1.106,138.2,0.0,,,0.0,,,,,0.82,0.0,0.0,,SE,,13.99
007HI,2024-01-16T04:40:00Z,18.728,75.34,0.88,154.8,0.0,,,0.0,,,,12.45,0.81,0.0,0.0,,SSE,,14.25
007HI,2024-01-16T04:45:00Z,18.511,75.98,0.993,157.5,0.0,,,0.0,,,,,0.73,0.0,0.0,,SSE,,14.17
007HI,2024-01-16T04:50:00Z,18.5,80.61,1.394,153.6,0.0,,,0.0,,,,12.44,1.24,0.0,0.0,,SSE,,15.08
007HI,2024-01-16T04:55:00Z,18.65,84.19,1.266,175.1,0.0,,,0.0,,,,,1.15,0.0,0.0,,S,,15.91
007HI,2024-01-16T05:00:00Z,18.539,87.81,1.343,170.7,0.0,,,0.0,,,,12.49,0.77,0.0,0.0,,S,,16.46
007HI,2024-01-16T05:05:00Z,18.617,89.3,1.765,176.1,0.0,,,0.0,,,,,0.7,0.0,0.0,,S,,16.81
007HI,2024-01-16T05:10:00Z,18.489,90.24,1.641,180.6,0.0,,,0.0,,,,12.43,0.53,0.0,0.0,,S,,16.85
007HI,2024-01-16T05:15:00Z,18.339,90.84,1.569,180.7,0.0,,,0.0,,,,,0.37,0.0,0.0,,S,,16.81
007HI,2024-01-16T05:20:00Z,18.244,91.24,1.374,174.2,0.0,,,0.0,,,,12.35,0.42,0.0,0.0,,S,,16.78
007HI,2024-01-16T05:25:00Z,18.183,90.97,1.245,171.3,0.0,,,0.0,,,,,0.52,0.0,0.0,,S,,16.67
007HI,2024-01-16T05:30:00Z,18.228,90.6,1.219,160.0,0.0,,,0.0,,,,12.34,0.87,0.0,0.0,,SSE,,16.65
007HI,2024-01-16T05:35:00Z,18.178,87.95,1.394,153.5,0.0,,,0.0,,,,,0.99,0.0,0.0,,SSE,,16.13
007HI,2024-01-16T05:40:00Z,18.333,84.01,1.446,156.9,0.0,,,0.0,,,,12.34,1.16,0.0,0.0,,SSE,,15.56
007HI,2024-01-16T05:45:00Z,18.35,81.7,1.24,159.3,0.0,,,0.0,,,,,0.86,0.0,0.0,,SSE,,15.14
007HI,2024-01-16T05:50:00Z,18.233,79.01,1.291,154.4,0.0,,,0.0,,,,12.33,0.72,0.0,0.0,,SSE,,14.51
007HI,2024-01-16T05:55:00Z,18.194,73.78,1.235,157.7,0.0,,,0.0,,,,,1.17,0.0,0.0,,SSE,,13.41
007HI,2024-01-16T06:00:00Z,17.956,73.24,1.188,160.0,0.0,,,0.0,,,,12.33,0.62,0.0,0.0,,SSE,,13.06
007HI,2024-01-16T06:05:00Z,17.883,71.43,1.394,167.3,0.0,,,0.0,,,,,0.85,0.0,0.0,,SSE,,12.61
007HI,2024-01-16T06:10:00Z,17.922,69.81,1.245,154.2,0.0,,,0.0,,,,12.34,1.03,0.0,0.0,,SSE,,12.29
007HI,2024-01-16T06:15:00Z,17.983,68.42,1.209,172.1,0.0,,,0.0,,,,,1.03,0.0,0.0,,S,,12.04
007HI,2024-01-16T06:20:00Z,17.794,69.95,1.358,177.8,0.0,,,0.0,,,,12.43,0.57,0.0,0.0,,S,,12.2
007HI,2024-01-16T06:25:00Z,17.606,68.58,1.199,171.1,0.0,,,0.0,,,,,0.8,0.0,0.0,,S,,11.72
007HI,2024-01-16T06:30:00Z,17.594,66.46,1.384,170.2,0.0,,,0.0,,,,12.43,1.07,0.0,0.0,,S,,11.23
007HI,2024-01-16T06:35:00Z,17.617,65.71,1.332,177.2,0.0,,,0.0,,,,,1.01,0.0,0.0,,S,,11.08
007HI,2024-01-16T06:40:00Z,17.294,68.19,1.507,178.7,0.0,,,0.0,,,,12.42,0.46,0.0,0.0,,S,,11.33
007HI,2024-01-16T06:45:00Z,17.25,67.69,1.06,178.7,0.0,,,0.0,,,,,1.12,0.0,0.0,,S,,11.18
007HI,2024-01-16T06:50:00Z,17.028,69.26,1.317,191.0,0.0,,,0.0,,,,12.42,0.22,0.0,0.0,,S,,11.31
007HI,2024-01-16T06:55:00Z,16.4,72.59,0.756,158.0,0.0,,,0.0,,,,,0.0,0.0,0.0,,SSE,,11.42
007HI,2024-01-16T07:00:00Z,16.233,73.92,0.643,184.3,0.0,,,0.0,,,,12.42,0.0,0.0,0.0,,S,,11.54
007HI,2024-01-16T07:05:00Z,16.011,74.47,1.183,145.9,0.0,,,0.0,,,,,0.55,0.0,0.0,,SE,,11.44
007HI,2024-01-16T07:10:00Z,16.228,73.76,1.168,151.3,0.0,,,0.0,,,,12.31,1.16,0.0,0.0,,SSE,,11.5
007HI,2024-01-16T07:15:00Z,16.311,71.78,1.07,156.7,0.0,,,0.0,,,,,1.13,0.0,0.0,,SSE,,11.17
007HI,2024-01-16T07:20:00Z,16.233,69.38,1.188,156.7,0.0,,,0.0,,,,12.31,1.38,0.0,0.0,,SSE,,10.58
007HI,2024-01-16T07:25:00Z,16.306,65.81,0.957,164.4,0.0,,,0.0,,,,,1.35,0.0,0.0,,SSE,,9.85
007HI,2024-01-16T07:30:00Z,16.072,66.93,1.168,176.6,0.0,,,0.0,,,,12.31,0.51,0.0,0.0,,S,,9.88
007HI,2024-01-16T07:35:00Z,15.956,67.57,1.132,178.5,0.0,,,0.0,,,,,0.78,0.0,0.0,,S,,9.91
007HI,2024-01-16T07:40:00Z,15.9,66.9,1.394,157.1,0.0,,,0.0,,,,12.4,1.07,0.0,0.0,,SSE,,9.71
007HI,2024-01-16T07:45:00Z,16.056,65.14,1.07,160.6,0.0,,,0.0,,,,,1.2,0.0,0.0,,SSE,,9.46
007HI,2024-01-16T07:50:00Z,15.756,64.13,1.847,187.8,0.0,,,0.0,,,,12.4,0.35,0.0,0.0,,S,,8.94
007HI,2024-01-16T07:55:00Z,15.611,60.01,1.559,183.2,0.0,,,0.0,,,,,0.54,0.0,0.0,,S,,7.82
007HI,2024-01-16T08:00:00Z,15.706,57.22,1.338,173.8,0.0,,,0.0,,,,12.4,1.27,0.0,0.0,,S,,7.2
007HI,2024-01-16T08:05:00Z,16.072,54.24,0.725,170.3,0.0,,,0.0,,,,,1.77,0.0,0.0,,S,,6.76
007HI,2024-01-16T08:10:00Z,16.45,54.18,1.302,170.3,0.0,,,0.0,,,,12.39,2.2,0.0,0.0,,S,,7.1
007HI,2024-01-16T08:15:00Z,16.789,53.72,0.756,146.5,0.0,,,0.0,,,,,1.76,0.0,0.0,,SSE,,7.29
007HI,2024-01-16T08:20:00Z,16.911,51.22,0.772,158.9,0.0,,,0.0,,,,12.39,1.32,0.0,0.0,,SSE,,6.7
007HI,2024-01-16T08:25:00Z,17.094,50.78,0.782,154.7,0.0,,,0.0,,,,,1.47,0.0,0.0,,SSE,,6.75
007HI,2024-01-16T08:30:00Z,17.072,50.55,1.188,155.9,0.0,,,0.0,,,,12.39,1.33,0.0,0.0,,SSE,,6.66
007HI,2024-01-16T08:35:00Z,17.311,48.28,1.425,174.3,0.0,,,0.0,,,,,2.12,0.0,0.0,,S,,6.21
007HI,2024-01-16T08:40:00Z,17.289,47.16,1.929,171.4,0.0,,,0.0,,,,12.35,1.69,0.0,0.0,,S,,5.85
007HI,2024-01-16T08:45:00Z,17.433,45.5,1.79,173.4,0.0,,,0.0,,,,,1.77,0.0,0.0,,S,,5.46
007HI,2024-01-16T08:50:00Z,17.483,46.17,1.903,174.0,0.0,,,0.0,,,,12.29,1.39,0.0,0.0,,S,,5.72
007HI,2024-01-16T08:55:00Z,17.467,45.46,1.626,175.6,0.0,,,0.0,,,,,1.18,0.0,0.0,,S,,5.48
007HI,2024-01-16T09:00:00Z,17.411,45.87,1.415,165.5,0.0,,,0.0,,,,12.38,0.91,0.0,0.0,,SSE,,5.56
007HI,2024-01-16T09:05:00Z,17.2,47.0,1.41,179.6,0.0,,,0.0,,,,,0.78,0.0,0.0,,S,,5.72
007HI,2024-01-16T09:10:00Z,17.233,48.43,1.163,176.6,0.0,,,0.0,,,,12.38,0.8,0.0,0.0,,S,,6.18
007HI,2024-01-16T09:15:00Z,16.961,50.16,0.319,168.9,0.0,,,0.0,,,,,0.69,0.0,0.0,,S,,6.45
007HI,2024-01-16T09:20:00Z,16.678,55.74,0.622,20.46,0.0,,,0.0,,,,12.38,0.67,0.0,0.0,,NNE,,7.73
007HI,2024-01-16T09:25:00Z,16.333,56.6,0.314,132.7,0.0,,,0.0,,,,,0.14,0.0,0.0,,SE,,7.63
007HI,2024-01-16T09:30:00Z,16.444,51.8,0.947,187.3,0.0,,,0.0,,,,12.38,1.17,0.0,0.0,,S,,6.44
007HI,2024-01-16T09:35:00Z,16.939,47.05,1.569,185.9,0.0,,,0.0,,,,,2.42,0.0,0.0,,S,,5.49
007HI,2024-01-16T09:40:00Z,17.233,47.58,1.137,179.4,0.0,,,0.0,,,,12.37,1.82,0.0,0.0,,S,,5.93
007HI,2024-01-16T09:45:00Z,16.906,50.11,0.936,22.81,0.0,,,0.0,,,,,0.84,0.0,0.0,,NNE,,6.38
007HI,2024-01-16T09:50:00Z,16.906,51.36,0.206,325.8,0.0,,,0.0,,,,12.37,1.53,0.0,0.0,,NW,,6.74
007HI,2024-01-16T09:55:00Z,16.683,57.2,1.528,216.6,0.0,,,0.0,,,,,0.91,0.0,0.0,,SW,,8.12
