# STATION: 009HI
# STATION NAME: Mamalahoa
# LATITUDE: 19.80300
# LONGITUDE: -155.85100
# ELEVATION [ft]: 1978.0
# STATE: HI
Station_ID,Date_Time,air_temp_set_1,relative_humidity_set_1,wind_speed_set_1,wind_direction_set_1,solar_radiation_set_1,precip_accum_five_minute_set_1,soil_moisture_set_1,volt_set_1,net_radiation_set_1,net_radiation_sw_set_1,net_radiation_lw_set_1,outgoing_radiation_sw_set_1,incoming_radiation_lw_set_1,outgoing_radiation_lw_set_1,wind_chill_set_1d,wind_cardinal_direction_set_1d,heat_index_set_1d,dew_point_temperature_set_1d
,,Celsius,%,m/s,Degrees,W/m**2,Millimeters,%,volts,W/m**2,W/m**2,W/m**2,W/m**2,W/m**2,W/m**2,Celsius,code,Celsius,Celsius
009HI,2024-01-15T10:05:00Z,12.95,93.41,0.221,114.4,0.0,0.0,34.9,,-51.39,-0.7,-50.69,0.05,329.14,378.63,,ESE,,11.9
009HI,2024-01-15T10:10:00Z,12.828,93.75,0.432,122.0,0.0,0.0,34.9,12.76,-48.47,-0.6,-47.87,0.06,332.08,378.77,,ESE,,11.84
009HI,2024-01-15T10:15:00Z,12.783,94.03,0.391,127.9,0.0,0.0,34.9,,-46.33,-0.58,-45.75,0.06,334.33,378.93,,SE,,11.84
009HI,2024-01-15T10:20:00Z,12.689,94.22,0.432,129.8,0.0,0.0,34.9,12.75,-41.84,-0.55,-41.29,0.05,338.5,378.62,,SE,,11.77
009HI,2024-01-15T10:25:00Z,12.622,94.43,0.499,127.3,0.0,0.0,34.9,,-34.16,-0.46,-33.7,0.06,347.06,379.47,,SE,,11.74
009HI,2024-01-15T10:30:00Z,12.7,94.78,0.514,101.6,0.0,0.0,34.9,12.75,-29.17,-0.43,-28.73,0.06,352.64,380.08,,ESE,,11.88
009HI,2024-01-15T10:35:00Z,12.806,94.76,0.607,106.4,0.0,0.0,34.9,,-27.07,-0.39,-26.68,0.05,355.4,380.8,,ESE,,11.98
009HI,2024-01-15T10:40:00Z,12.739,94.6,0.391,120.8,0.0,0.0,34.9,12.74,-29.61,-0.45,-29.16,0.04,352.65,380.54,,ESE,,11.89
009HI,2024-01-15T10:45:00Z,12.689,94.71,0.34,121.7,0.0,0.0,34.9,,-39.35,-0.59,-38.76,0.05,342.0,379.47,,ESE,,11.85
009HI,2024-01-15T10:50:00Z,12.683,94.89,0.669,129.9,0.0,0.0,34.9,12.74,-41.91,-0.5,-41.41,0.05,339.26,379.41,,SE,,11.88
009HI,2024-01-15T10:55:00Z,12.739,94.91,0.612,130.3,0.0,0.0,34.9,,-44.48,-0.59,-43.9,0.06,336.43,379.15,,SE,,11.94
009HI,2024-01-15T11:00:00Z,12.744,94.76,0.586,127.5,0.0,0.0,34.9,12.74,-45.36,-0.63,-44.73,0.07,335.18,378.81,,SE,,11.92
009HI,2024-01-15T11:05:00Z,12.628,94.47,0.581,127.2,0.0,0.0,34.9,,-45.54,-0.64,-44.89,0.06,333.85,377.71,,SE,,11.75
009HI,2024-01-15T11:10:00Z,12.528,94.55,0.556,121.3,0.0,0.0,34.9,12.73,-45.44,-0.68,-44.77,0.07,333.58,377.23,,ESE,,11.67
009HI,2024-01-15T11:15:00Z,12.478,94.54,0.453,123.7,0.0,0.0,34.9,,-45.24,-0.68,-44.56,0.08,333.2,376.72,,ESE,,11.62
009HI,2024-01-15T11:20:00Z,12.411,94.5,0.304,122.7,0.0,0.0,34.9,12.73,-44.34,-0.68,-43.66,0.07,333.26,375.73,,ESE,,11.54
009HI,2024-01-15T11:25:00Z,12.306,94.47,0.525,109.8,0.0,0.0,34.9,,-43.13,-0.69,-42.45,0.05,333.57,374.8,,ESE,,11.43
009HI,2024-01-15T11:30:00Z,12.206,94.51,0.556,108.6,0.0,0.0,34.9,12.72,-42.24,-0.67,-41.57,0.05,334.32,374.5,,ESE,,11.34
009HI,2024-01-15T11:35:00Z,12.033,94.48,0.566,116.8,0.0,0.0,34.9,,-41.68,-0.68,,0.06,334.66,374.2,,ESE,,11.16
009HI,2024-01-15T11:40:00Z,11.928,94.66,0.586,124.8,0.0,0.0,34.9,12.72,-40.72,-0.65,-40.08,0.07,335.73,374.22,,SE,,11.09
009HI,2024-01-15T11:45:00Z,11.883,94.93,0.504,120.4,0.0,0.0,34.9,,-39.35,-0.59,-38.77,0.07,337.24,374.4,,ESE,,11.09
009HI,2024-01-15T11:50:00Z,11.906,95.03,0.52,121.0,0.0,0.0,34.9,12.71,-38.2,-0.62,-37.58,0.07,338.33,374.3,,ESE,,11.13
009HI,2024-01-15T11:55:00Z,11.839,95.0,0.643,117.5,0.0,0.0,34.9,,-36.92,-0.63,-36.29,0.06,339.16,374.06,,ESE,,11.06
009HI,2024-01-15T12:00:00Z,11.817,95.18,0.612,121.5,0.0,0.0,34.9,12.71,-36.02,-0.61,-35.41,0.08,340.2,374.06,,ESE,,11.06
009HI,2024-01-15T12:05:00Z,11.789,95.24,0.576,120.9,0.0,0.0,34.9,,-35.42,-0.66,-34.76,0.07,341.0,374.09,,ESE,,11.04
009HI,2024-01-15T12:10:00Z,11.778,95.32,0.586,120.2,0.0,0.0,34.9,12.7,-34.55,-0.63,-33.93,0.06,341.54,373.89,,ESE,,11.05
009HI,2024-01-15T12:15:00Z,11.733,95.41,0.535,122.5,0.0,0.0,34.9,,-33.72,-0.61,-33.11,0.07,342.12,373.76,,ESE,,11.02
009HI,2024-01-15T12:20:00Z,11.728,95.55,0.54,121.5,0.0,0.0,34.9,12.7,-32.47,-0.6,-31.86,0.08,342.94,373.47,,ESE,,11.03
009HI,2024-01-15T12:25:00Z,11.783,95.7,0.514,112.4,0.0,0.0,34.9,,-31.53,-0.59,-30.94,0.04,343.47,373.13,,ESE,,11.11
009HI,2024-01-15T12:30:00Z,11.883,95.84,0.628,111.0,0.0,0.0,34.9,12.7,-30.87,-0.59,-30.28,0.05,344.46,373.38,,ESE,,11.23
009HI,2024-01-15T12:35:00Z,11.956,95.81,0.592,109.4,0.0,0.0,34.9,,-30.14,-0.61,-29.52,0.04,345.25,373.46,,ESE,,11.3
009HI,2024-01-15T12:40:00Z,12.022,95.87,0.653,106.4,0.0,0.0,34.9,12.69,-29.69,-0.6,-29.1,0.04,345.94,373.58,,ESE,,11.38
009HI,2024-01-15T12:45:00Z,12.028,95.71,0.638,108.0,0.0,0.0,34.9,,-29.43,-0.6,-28.83,0.02,345.96,373.41,,ESE,,11.36
009HI,2024-01-15T12:50:00Z,12.089,95.78,0.586,106.7,0.0,0.0,34.9,12.69,-29.08,-0.6,-28.48,0.03,346.04,373.19,,ESE,,11.43
009HI,2024-01-15T12:55:00Z,12.128,95.63,0.489,98.7,0.0,0.0,34.9,,-29.01,-0.62,-28.39,0.02,345.61,372.79,,E,,11.44
009HI,2024-01-15T13:00:00Z,12.028,95.38,0.617,106.9,0.0,0.0,34.9,12.69,-29.01,-0.6,-28.41,0.0,345.29,372.29,,ESE,,11.3
009HI,2024-01-15T13:05:00Z,11.9,95.32,0.442,114.7,0.0,0.0,34.9,,-29.07,-0.58,-28.49,0.0,344.8,372.08,,ESE,,11.17
009HI,2024-01-15T13:10:00Z,11.828,95.25,0.514,129.2,0.0,0.0,34.9,12.68,-29.26,-0.59,-28.66,0.0,344.54,371.79,,SE,,11.08
009HI,2024-01-15T13:15:00Z,11.728,95.21,0.638,107.7,0.0,0.0,34.9,,-29.58,-0.66,-28.93,0.03,343.59,371.05,,ESE,,10.98
009HI,2024-01-15T13:20:00Z,11.667,95.14,0.653,128.2,0.0,0.0,34.9,12.68,-30.17,-0.6,-29.57,0.05,343.51,371.56,,SE,,10.91
009HI,2024-01-15T13:25:00Z,11.544,94.93,0.463,113.3,0.0,0.0,34.9,,-30.62,-0.65,-29.98,0.05,342.45,370.79,,ESE,,10.75
009HI,2024-01-15T13:30:00Z,11.422,94.8,0.376,123.6,0.0,0.0,34.9,12.68,-31.07,-0.67,-30.41,0.06,341.45,370.27,,ESE,,10.61
009HI,2024-01-15T13:35:00Z,11.283,94.75,0.484,137.9,0.0,0.0,34.9,,-31.85,-0.63,-31.22,0.06,340.81,370.22,,SE,,10.46
009HI,2024-01-15T13:40:00Z,11.306,94.63,0.55,133.2,0.0,0.0,34.9,12.67,-33.05,-0.65,-32.4,0.07,339.59,370.48,,SE,,10.47
009HI,2024-01-15T13:45:00Z,11.456,94.06,0.381,131.9,0.0,0.0,34.9,,-35.37,-0.7,-34.67,0.1,337.16,370.11,,SE,,10.52
009HI,2024-01-15T13:50:00Z,11.4,93.57,0.432,123.1,0.0,0.0,34.9,12.67,-36.36,-0.66,-35.7,0.06,335.28,369.49,,ESE,,10.39
009HI,2024-01-15T13:55:00Z,11.272,93.54,0.478,120.9,0.0,0.0,34.9,,-36.97,-0.67,-36.3,0.06,334.58,369.32,,ESE,,10.26
009HI,2024-01-15T14:00:00Z,11.211,93.57,0.52,118.1,0.0,0.0,34.9,12.67,-37.88,-0.64,-37.24,0.06,333.68,369.29,,ESE,,10.2
009HI,2024-01-15T14:05:00Z,11.144,93.49,0.412,118.1,0.0,0.0,34.9,,-38.12,-0.64,-37.48,0.06,332.87,368.62,,ESE,,10.12
009HI,2024-01-15T14:10:00Z,11.111,93.59,0.55,118.0,0.0,0.0,34.9,12.66,-38.38,-0.6,-37.77,0.04,332.68,368.7,,ESE,,10.1
009HI,2024-01-15T14:15:00Z,11.128,93.56,0.509,111.9,0.0,0.0,34.9,,-38.33,-0.62,-37.71,0.05,332.46,368.18,,ESE,,10.12
009HI,2024-01-15T14:20:00Z,11.083,93.6,0.53,116.0,0.0,0.0,34.9,12.66,-38.01,-0.6,-37.42,0.04,332.73,368.27,,ESE,,10.08
009HI,2024-01-15T14:25:00Z,11.017,93.77,0.576,128.5,0.0,0.0,34.9,,-37.74,-0.54,-37.2,0.04,333.15,368.74,,SE,,10.04
009HI,2024-01-15T14:30:00Z,11.033,94.12,0.442,123.2,0.0,0.0,34.9,12.65,-36.9,-0.55,-36.36,0.04,333.74,368.55,,ESE,,10.11
009HI,2024-01-15T14:35:00Z,11.106,94.38,0.509,111.2,0.0,0.0,34.9,,-35.83,-0.58,-35.25,0.04,334.43,368.33,,ESE,,10.23
009HI,2024-01-15T14:40:00Z,11.194,94.45,0.417,117.6,0.0,0.0,34.9,12.65,-35.4,-0.53,-34.88,0.03,335.25,368.75,,ESE,,10.33
009HI,2024-01-15T14:45:00Z,11.178,94.53,0.432,123.1,0.0,0.0,34.8,,-34.67,-0.5,-34.17,0.03,336.01,368.74,,ESE,,10.32
009HI,2024-01-15T14:50:00Z,11.272,94.82,0.566,126.8,0.0,0.0,34.8,12.65,-34.08,-0.5,-33.57,0.01,337.01,369.14,,SE,,10.46
009HI,2024-01-15T14:55:00Z,11.339,94.84,0.53,105.6,0.0,0.0,34.9,,-34.31,-0.55,-33.76,0.02,336.44,368.84,,ESE,,10.53
009HI,2024-01-15T15:00:00Z,11.306,94.78,0.586,106.0,0.0,0.0,34.9,12.65,-34.56,-0.58,-33.98,0.02,335.75,368.45,,ESE,,10.49
009HI,2024-01-15T15:05:00Z,11.189,94.73,0.607,110.6,0.0,0.0,34.9,,-34.7,-0.6,-34.1,0.02,335.48,368.2,,ESE,,10.37
009HI,2024-01-15T15:10:00Z,11.056,94.77,0.37,122.8,0.0,0.0,34.9,12.65,-34.0,-0.59,-33.41,0.02,335.84,367.75,,ESE,,10.24
009HI,2024-01-15T15:15:00Z,11.039,95.13,0.376,121.8,0.0,0.0,34.9,,-32.72,-0.51,-32.22,0.01,337.18,367.78,,ESE,,10.28
009HI,2024-01-15T15:20:00Z,11.044,95.12,0.509,119.5,0.0,0.0,34.9,12.65,-32.06,-0.54,-31.53,0.01,337.92,368.01,,ESE,,10.28
009HI,2024-01-15T15:25:00Z,11.15,95.37,0.694,118.6,0.0,0.0,34.9,,-31.79,-0.5,-31.29,0.01,338.73,368.72,,ESE,,10.43
009HI,2024-01-15T15:30:00Z,11.417,95.2,0.586,89.5,0.0,0.0,34.9,12.64,-32.16,-0.63,-31.53,0.05,338.22,368.45,,E,,10.67
009HI,2024-01-15T15:35:00Z,11.378,94.49,0.602,103.7,0.0,0.0,34.9,,-32.32,-0.61,-31.71,0.01,337.5,367.97,,ESE,,10.52
009HI,2024-01-15T15:40:00Z,11.35,94.51,0.478,99.5,0.0,0.0,34.9,12.64,-32.47,-0.63,-31.84,0.02,336.96,367.38,,E,,10.49
009HI,2024-01-15T15:45:00Z,11.45,94.46,0.365,78.17,0.0,0.0,34.8,,-32.66,-0.65,-32.0,0.09,336.87,367.42,,ENE,,10.58
009HI,2024-01-15T15:50:00Z,11.461,93.97,0.484,80.4,0.0,0.0,34.8,12.64,-33.14,-0.7,-32.44,0.07,336.2,367.34,,E,,10.51
009HI,2024-01-15T15:55:00Z,11.333,93.79,0.401,97.8,0.0,0.0,34.8,,-32.98,-0.62,-32.36,0.02,335.78,366.86,,E,,10.36
009HI,2024-01-15T16:00:00Z,11.217,93.87,0.55,126.0,0.0,0.0,34.8,12.64,-32.77,-0.56,-32.21,0.0,336.24,367.2,,SE,,10.26
009HI,2024-01-15T16:05:00Z,11.15,93.86,0.52,136.0,0.0,0.0,34.8,,-33.42,-0.58,-32.85,0.02,335.74,367.27,,SE,,10.19
009HI,2024-01-15T16:10:00Z,11.011,93.83,0.674,134.0,0.0,0.0,34.8,12.63,-34.26,-0.6,-33.66,0.03,334.94,367.31,,SE,,10.04
009HI,2024-01-15T16:15:00Z,11.011,93.79,0.669,133.6,0.0,0.0,34.8,,-35.59,-0.63,-34.95,0.04,333.76,367.37,,SE,,10.04
009HI,2024-01-15T16:20:00Z,11.111,93.61,0.622,131.8,0.0,0.0,34.9,12.63,-37.37,-0.69,-36.68,0.11,332.43,367.97,,SE,,10.11
009HI,2024-01-15T16:25:00Z,11.283,93.08,0.586,117.7,0.0,0.0,34.9,,-39.35,-0.68,-38.68,0.05,330.27,367.65,,ESE,,10.19
009HI,2024-01-15T16:30:00Z,11.35,92.54,0.597,112.4,0.0,0.0,34.8,12.63,-40.73,-0.75,-39.98,0.05,328.32,367.03,,ESE,,10.17
009HI,2024-01-15T16:35:00Z,11.317,92.15,0.694,97.8,0.0,0.0,34.8,,-41.81,-0.8,-41.01,0.04,326.66,366.46,,E,,10.07
009HI,2024-01-15T16:40:00Z,11.067,92.27,0.658,80.9,0.0,0.0,34.8,12.63,-42.04,-0.75,-41.28,0.05,325.68,365.58,,E,,9.85
009HI,2024-01-15T16:45:00Z,10.817,92.75,0.803,94.3,0.0,0.0,34.8,,,-0.5,-40.5,0.06,325.63,364.93,,E,,9.68
009HI,2024-01-15T16:50:00Z,10.617,93.07,0.71,101.9,0.04,0.0,34.9,12.63,-40.37,-0.05,-40.33,0.1,325.67,364.39,,ESE,,9.53
009HI,2024-01-15T16:55:00Z,10.428,93.19,0.401,109.5,0.99,0.0,34.8,,-39.54,0.81,-40.35,0.19,325.37,364.05,,ESE,,9.36
009HI,2024-01-15T17:00:00Z,10.233,93.47,0.561,120.7,2.52,0.0,34.8,12.63,-37.87,2.19,-40.06,0.33,325.6,364.05,,ESE,,9.21
009HI,2024-01-15T17:05:00Z,10.128,93.89,0.628,125.5,4.46,0.0,34.8,,-35.28,4.03,-39.31,0.44,326.62,364.08,,SE,,9.18
009HI,2024-01-15T17:10:00Z,10.094,94.26,0.679,128.9,6.76,0.0,34.8,12.63,-32.56,6.19,-38.76,0.58,327.46,364.41,,SE,,9.2
009HI,2024-01-15T17:15:00Z,10.028,94.44,0.689,130.8,9.14,0.0,34.8,,-30.35,8.47,-38.82,0.69,327.5,364.58,,SE,,9.17
009HI,2024-01-15T17:20:00Z,10.006,94.61,0.597,130.8,11.53,0.0,34.8,12.63,-28.56,10.74,-39.3,0.81,327.23,364.73,,SE,,9.17
009HI,2024-01-15T17:25:00Z,10.0,94.78,0.736,109.7,13.69,0.0,34.8,,-26.35,12.78,-39.12,0.92,327.17,364.44,,ESE,,9.19
009HI,2024-01-15T17:30:00Z,10.089,94.98,0.741,99.4,16.86,0.0,34.8,12.63,-23.36,15.61,-38.97,1.28,327.28,364.54,,E,,9.31
009HI,2024-01-15T17:35:00Z,10.233,95.12,0.653,99.8,22.66,0.0,34.8,,-19.64,19.26,-38.9,3.43,327.76,364.96,,E,,9.48
009HI,2024-01-15T17:40:00Z,10.289,94.87,0.571,109.1,47.48,0.0,34.8,12.74,5.21,44.14,-38.93,3.45,328.45,365.76,,ESE,,9.49
009HI,2024-01-15T17:45:00Z,10.356,94.95,0.35,113.8,45.51,0.0,34.8,,2.5,41.99,-39.49,3.42,328.27,366.31,,ESE,,9.57
009HI,2024-01-15T17:50:00Z,10.439,95.11,0.514,115.1,50.48,0.0,34.8,12.78,7.33,47.44,-40.11,3.2,328.51,367.15,,ESE,,9.68
009HI,2024-01-15T17:55:00Z,10.7,95.34,0.494,111.0,124.56,0.0,34.8,,80.89,121.02,-40.12,4.09,329.76,368.35,,ESE,,9.98
009HI,2024-01-15T18:00:00Z,10.983,95.26,0.484,119.9,191.28,0.0,34.8,13.05,139.73,185.46,-45.73,5.84,325.86,370.26,,ESE,,10.25
009HI,2024-01-15T18:05:00Z,11.433,95.27,0.473,125.1,182.98,0.0,34.8,,109.05,172.99,-63.94,9.37,309.62,372.19,,SE,,10.69
009HI,2024-01-15T18:10:00Z,11.978,94.8,0.55,124.2,63.26,0.0,34.8,13.85,-22.36,50.42,-72.78,12.75,303.13,374.6,,SE,,11.16
009HI,2024-01-15T18:15:00Z,12.561,93.94,0.633,130.8,44.14,0.0,34.8,,-46.27,28.47,-74.74,15.67,304.23,377.74,,SE,,11.6
009HI,2024-01-15T18:20:00Z,13.489,92.07,0.463,125.5,37.37,0.0,34.8,13.4,-59.32,18.14,-77.46,19.12,305.27,381.54,,SE,,12.21
009HI,2024-01-15T18:25:00Z,14.411,89.92,0.273,119.4,55.58,0.0,34.8,,-43.06,36.79,-79.85,19.04,306.6,385.3,,ESE,,12.76
009HI,2024-01-15T18:30:00Z,15.139,87.3,0.154,118.9,128.88,0.0,34.8,13.4,32.83,111.74,-78.92,17.33,310.35,388.11,,ESE,,13.02
009HI,2024-01-15T18:35:00Z,15.872,84.91,0.046,119.4,116.64,0.0,34.8,,19.95,100.96,-81.01,15.31,310.52,390.61,,ESE,,13.32
009HI,2024-01-15T18:40:00Z,16.667,82.9,0.005,115.0,60.55,0.0,34.8,13.38,-37.28,45.97,-83.25,14.42,309.97,392.44,,ESE,,13.72
009HI,2024-01-15T18:45:00Z,17.356,78.04,0.0,,63.28,0.0,34.8,,-35.66,48.23,-83.89,15.1,310.83,393.88,,,,13.46
009HI,2024-01-15T18:50:00Z,17.689,71.59,0.139,349.3,67.8,0.0,34.8,13.52,-34.13,51.2,-85.33,16.53,310.82,395.21,,N,,12.45
009HI,2024-01-15T18:55:00Z,17.972,68.32,0.484,342.2,46.94,0.0,34.8,,-58.59,29.15,-87.74,17.77,309.97,396.77,,NNW,,12.01
009HI,2024-01-15T19:00:00Z,18.267,65.11,0.653,329.0,75.02,0.0,34.8,13.47,-31.59,56.51,-88.11,18.77,310.43,397.62,,NNW,,11.56
009HI,2024-01-15T19:05:00Z,18.517,64.38,0.319,8.52,94.35,0.0,34.8,,-14.04,74.8,-88.84,19.56,310.72,398.79,,N,,11.63
009HI,2024-01-15T19:10:00Z,18.672,62.36,0.257,11.9,287.15,0.0,34.8,13.38,183.26,267.97,-84.71,20.49,316.45,400.46,,NNE,,11.29
009HI,2024-01-15T19:15:00Z,18.856,62.04,0.051,30.55,379.42,0.0,34.8,,273.64,357.91,-84.28,22.04,319.39,403.09,,NNE,,11.38
009HI,2024-01-15T19:20:00Z,19.144,60.92,0.087,103.7,456.95,0.0,34.8,13.35,348.1,432.25,-84.14,24.86,322.73,406.23,,ESE,,11.38
009HI,2024-01-15T19:25:00Z,19.311,58.34,0.355,24.15,474.81,0.0,34.8,,358.76,445.04,-86.28,29.9,323.24,408.71,,NNE,,10.88
009HI,2024-01-15T19:30:00Z,19.656,58.31,0.0,,490.85,0.0,34.8,13.53,367.21,454.56,-87.35,36.38,326.77,413.42,,,,11.2
009HI,2024-01-15T19:35:00Z,20.1,57.29,0.319,200.5,505.64,0.0,34.8,,370.56,461.74,-91.17,44.06,327.06,417.69,,SSW,,11.35
009HI,2024-01-15T19:40:00Z,20.394,56.45,0.288,218.1,521.76,0.0,34.8,13.94,377.54,470.73,-93.19,51.14,329.06,421.63,,SW,,11.4
009HI,2024-01-15T19:45:00Z,20.711,55.84,0.278,228.7,537.53,0.0,34.8,,382.73,479.14,-96.41,58.36,330.79,426.64,,SW,,11.53
009HI,2024-01-15T19:50:00Z,21.022,53.94,0.391,192.5,552.41,0.0,34.8,14.0,387.98,487.82,-99.84,64.64,330.61,430.09,,SSW,,11.3
009HI,2024-01-15T19:55:00Z,21.15,55.6,0.237,275.8,566.41,0.0,34.8,,394.41,497.24,-102.83,69.27,331.56,433.99,,W,,11.88
009HI,2024-01-15T20:00:00Z,21.344,58.2,0.216,303.1,580.73,0.0,34.8,13.82,401.88,508.5,-106.62,72.36,333.2,439.32,,WNW,,12.76
009HI,2024-01-15T20:05:00Z,21.511,55.3,0.463,240.7,594.64,0.0,34.8,,410.43,519.63,-109.2,74.98,333.0,441.8,,WSW,,12.14
009HI,2024-01-15T20:10:00Z,21.583,55.7,0.576,319.8,609.05,0.0,34.7,13.4,421.25,532.34,-111.08,76.82,335.04,445.57,,NW,,12.31
009HI,2024-01-15T20:15:00Z,21.55,57.97,0.458,320.5,621.89,0.0,34.8,,430.43,543.45,-113.02,78.54,336.21,448.37,,NW,,12.89
009HI,2024-01-15T20:20:00Z,21.578,59.56,0.9,354.2,634.41,0.0,34.7,13.34,439.35,554.92,-115.57,79.58,335.85,450.93,,N,,13.34
009HI,2024-01-15T20:25:00Z,21.394,61.14,1.163,5.28,647.22,0.0,34.7,,448.83,566.37,-117.54,80.94,336.26,453.04,,N,,13.56
009HI,2024-01-15T20:30:00Z,21.467,60.83,1.23,330.9,658.78,0.0,34.7,13.33,459.23,577.14,-117.91,81.8,336.66,454.1,,NNW,,13.56
009HI,2024-01-15T20:35:00Z,21.878,59.15,0.324,262.5,669.48,0.0,34.7,,463.84,585.87,-122.03,83.71,338.77,460.3,,W,,13.51
009HI,2024-01-15T20:40:00Z,22.183,58.74,0.88,336.3,682.0,0.0,34.7,13.34,475.26,597.79,-122.53,84.14,339.85,461.57,,NNW,,13.69
009HI,2024-01-15T20:45:00Z,22.183,59.89,0.957,330.8,694.07,0.0,34.7,,484.5,608.6,-124.09,85.2,340.67,464.15,,NNW,,13.99
009HI,2024-01-15T20:50:00Z,22.167,58.65,0.833,348.9,704.68,0.0,34.7,13.33,492.49,618.56,-126.07,86.2,340.22,465.39,,N,,13.65
009HI,2024-01-15T20:55:00Z,21.833,60.89,1.276,328.5,713.56,0.0,34.7,,501.71,627.48,-125.77,86.22,339.3,464.47,,NNW,,13.92
009HI,2024-01-15T21:00:00Z,21.7,61.25,1.245,345.1,725.02,0.0,34.6,13.33,509.82,637.49,-127.67,87.77,340.49,467.58,,NNW,,13.88
009HI,2024-01-15T21:05:00Z,21.9,60.72,1.281,327.0,733.27,0.0,34.6,,516.56,645.26,-128.7,88.1,340.71,468.97,,NNW,,13.94
009HI,2024-01-15T21:10:00Z,21.872,60.1,1.013,353.7,742.78,0.0,34.6,13.31,523.99,653.7,-129.71,89.26,340.1,469.23,,N,,13.75
009HI,2024-01-15T21:15:00Z,21.956,59.67,1.132,331.4,751.94,0.0,34.6,,529.67,662.36,-132.69,89.82,341.43,473.43,,NNW,,13.72
009HI,2024-01-15T21:20:00Z,21.972,59.73,1.055,349.3,760.64,0.0,34.6,13.31,536.79,670.08,-133.29,90.5,342.33,474.77,,N,,13.75
009HI,2024-01-15T21:25:00Z,22.483,60.31,0.71,335.1,769.44,0.0,34.6,,543.72,678.14,-134.42,91.3,344.62,478.37,,NNW,,14.38
009HI,2024-01-15T21:30:00Z,22.889,58.79,0.859,304.2,775.15,0.0,34.5,13.31,547.65,683.72,-136.07,91.37,344.84,480.54,,NW,,14.37
009HI,2024-01-15T21:35:00Z,22.667,59.49,1.497,356.8,781.25,0.0,34.5,,554.58,690.19,-135.61,91.18,344.3,479.22,,N,,14.34
009HI,2024-01-15T21:40:00Z,22.544,61.39,1.013,333.5,786.49,0.0,34.5,13.31,557.09,694.65,-137.56,92.12,346.5,483.46,,NNW,,14.72
009HI,2024-01-15T21:45:00Z,22.739,60.43,1.194,354.2,792.8,0.0,34.5,,562.06,700.21,-138.15,92.65,345.05,482.73,,N,,14.66
009HI,2024-01-15T21:50:00Z,22.572,61.15,1.271,330.6,796.72,0.0,34.5,13.31,566.3,704.25,-137.95,92.46,345.39,482.83,,NNW,,14.68
009HI,2024-01-15T21:55:00Z,22.639,61.05,0.643,344.8,802.77,0.0,34.5,,570.3,709.02,-138.72,93.78,346.72,484.74,,NNW,,14.72
009HI,2024-01-15T22:00:00Z,22.772,62.17,1.312,329.9,805.94,0.0,34.4,13.32,573.95,713.05,-139.1,93.07,346.45,485.14,,NNW,,15.13
009HI,2024-01-15T22:05:00Z,22.522,63.35,1.358,337.4,807.61,0.0,34.4,,577.01,715.07,-138.05,92.81,345.53,483.06,,NNW,,15.19
009HI,2024-01-15T22:10:00Z,22.383,63.92,0.962,350.2,812.41,0.0,34.4,13.3,579.36,718.85,-139.49,93.54,348.18,486.88,,N,,15.19
009HI,2024-01-15T22:15:00Z,22.311,63.98,1.332,25.95,814.85,0.0,34.4,,582.37,721.34,-138.97,93.43,346.12,484.51,,NNE,,15.14
009HI,2024-01-15T22:20:00Z,22.428,66.93,1.055,347.4,817.1,0.0,34.4,13.29,582.32,723.22,-140.9,93.89,348.92,489.37,,NNW,,15.96
009HI,2024-01-15T22:25:00Z,23.033,66.17,0.633,306.3,819.46,0.0,34.4,,583.66,724.98,-141.32,94.48,351.04,491.6,,NW,,16.36
009HI,2024-01-15T22:30:00Z,23.456,64.76,1.06,305.3,819.82,0.0,34.3,13.29,582.81,725.58,-142.77,94.16,351.41,493.57,,NW,,16.42
009HI,2024-01-15T22:35:00Z,23.044,65.81,2.053,331.0,818.64,0.0,34.3,,587.87,726.2,-138.33,92.32,349.51,487.37,,NNW,,16.28
009HI,2024-01-15T22:40:00Z,22.378,69.49,1.878,329.6,819.72,0.0,34.3,13.28,589.25,727.33,-138.08,92.72,348.79,486.01,,NNW,,16.5
009HI,2024-01-15T22:45:00Z,22.056,70.65,1.374,341.3,820.84,0.0,34.3,,589.26,726.98,-137.73,93.96,350.68,487.93,,NNW,,16.45
009HI,2024-01-15T22:50:00Z,22.422,69.22,2.099,358.6,818.13,0.0,34.2,13.29,585.56,725.17,-139.61,92.96,349.74,488.34,,N,,16.48
009HI,2024-01-15T22:55:00Z,22.417,68.97,1.981,337.3,823.09,0.0,34.2,,591.8,730.0,-138.2,93.52,349.88,487.5,,NNW,,16.42
009HI,2024-01-15T23:00:00Z,22.239,70.01,1.903,342.5,847.91,0.0,34.2,13.28,618.21,751.52,-133.32,96.97,355.6,488.14,,NNW,,16.48
009HI,2024-01-15T23:05:00Z,22.278,69.21,1.512,338.7,751.88,0.0,34.2,,533.36,667.89,-134.54,85.55,353.08,486.95,,NNW,,16.34
009HI,2024-01-15T23:10:00Z,22.206,69.75,1.62,340.9,827.26,0.0,34.2,13.29,596.2,732.61,-136.41,94.69,352.72,488.48,,NNW,,16.39
009HI,2024-01-15T23:15:00Z,22.394,69.92,1.528,344.0,837.76,0.0,34.2,,605.88,741.48,-135.6,96.64,356.93,491.85,,NNW,,16.61
009HI,2024-01-15T23:20:00Z,22.728,68.49,1.399,329.8,754.58,0.0,34.1,13.28,535.71,663.82,-128.12,86.69,363.76,491.26,,NNW,,16.61
009HI,2024-01-15T23:25:00Z,22.528,68.65,1.538,342.8,557.73,0.0,34.1,,388.46,501.38,-112.92,62.54,367.71,480.36,,NNW,,16.45
009HI,2024-01-15T23:30:00Z,21.933,70.4,1.657,329.6,464.46,0.0,34.1,13.32,306.88,414.3,-107.42,51.58,364.56,471.29,,NNW,,16.28
009HI,2024-01-15T23:35:00Z,22.167,71.58,1.127,327.5,732.14,0.0,34.1,,524.08,643.61,-119.53,85.47,367.27,486.18,,NNW,,16.77
009HI,2024-01-15T23:40:00Z,22.044,70.99,1.41,341.2,651.9,0.0,34.1,13.29,459.12,581.89,-122.77,75.15,353.34,475.6,,NNW,,16.52
009HI,2024-01-15T23:45:00Z,22.211,71.28,1.574,351.6,776.69,0.0,34.0,,555.6,684.56,-128.95,90.53,357.73,485.94,,N,,16.74
009HI,2024-01-15T23:50:00Z,22.533,70.08,1.307,355.2,844.71,0.0,34.0,13.28,617.23,745.78,-128.55,99.39,363.06,491.0,,N,,16.78
009HI,2024-01-15T23:55:00Z,22.456,69.16,1.327,11.29,365.03,0.0,34.0,,197.94,324.24,-126.31,40.42,348.05,473.85,,NNE,,16.5
009HI,2024-01-16T00:00:00Z,22.217,70.76,0.967,303.0,758.66,0.0,33.9,13.31,540.47,669.35,-128.88,89.72,355.15,483.61,,WNW,,16.63
009HI,2024-01-16T00:05:00Z,22.361,70.23,1.548,343.3,762.16,0.0,33.9,,542.64,672.8,-130.15,89.81,356.0,485.83,,NNW,,16.65
009HI,2024-01-16T00:10:00Z,22.483,69.95,1.739,344.6,774.83,0.0,33.9,13.28,552.15,683.01,-130.86,91.67,,487.4,,NNW,,16.71
009HI,2024-01-16T00:15:00Z,22.439,69.95,1.353,316.8,734.21,0.0,33.9,,513.26,646.73,-133.48,87.59,354.38,487.46,,NW,,16.66
009HI,2024-01-16T00:20:00Z,22.472,69.93,1.157,324.6,716.72,0.0,33.8,13.29,498.35,631.34,-132.98,85.36,354.45,486.91,,NW,,16.69
009HI,2024-01-16T00:25:00Z,22.867,69.07,1.101,315.2,700.66,0.0,33.8,,482.47,616.2,-133.73,84.02,354.88,488.11,,NW,,16.87
009HI,2024-01-16T00:30:00Z,23.217,67.61,1.019,304.8,692.37,0.0,33.8,13.28,473.64,608.78,-135.14,83.72,355.25,489.99,,NW,,16.87
009HI,2024-01-16T00:35:00Z,23.061,68.66,0.792,322.9,681.53,0.0,33.7,,465.74,598.94,-133.2,82.65,356.52,489.17,,NW,,16.97
009HI,2024-01-16T00:40:00Z,23.094,67.9,1.338,343.6,676.92,0.0,33.7,13.28,464.33,595.22,-130.89,81.8,356.09,486.58,,NNW,,16.82
009HI,2024-01-16T00:45:00Z,22.956,68.88,1.353,341.7,669.11,0.0,33.6,,456.55,587.97,-131.42,81.32,354.71,485.62,,NNW,,16.92
009HI,2024-01-16T00:50:00Z,22.839,69.04,0.952,316.2,643.37,0.0,33.5,13.29,432.7,564.22,-131.52,79.26,354.86,485.7,,NW,,16.84
009HI,2024-01-16T00:55:00Z,23.106,68.14,1.168,354.2,626.36,0.0,33.4,,417.45,549.07,-131.61,77.29,354.1,484.74,,N,,16.89
009HI,2024-01-16T01:00:00Z,22.722,69.31,1.662,355.5,603.02,0.0,33.4,13.32,401.87,529.74,-127.88,73.64,352.81,480.27,,N,,16.79
009HI,2024-01-16T01:05:00Z,22.622,70.42,1.765,321.2,604.31,0.0,33.3,,402.62,528.92,-126.3,75.33,353.45,479.28,,NW,,16.95
009HI,2024-01-16T01:10:00Z,22.594,71.24,0.854,324.5,584.57,0.0,33.3,13.32,384.0,510.92,-126.92,73.69,354.7,481.06,,NW,,17.1
009HI,2024-01-16T01:15:00Z,22.944,69.28,1.26,339.0,568.44,0.0,33.3,,370.46,496.67,-126.21,71.73,354.55,480.48,,NNW,,17.0
009HI,2024-01-16T01:20:00Z,22.672,69.22,1.744,352.5,554.32,0.0,33.2,13.34,360.29,484.45,-124.16,69.94,352.28,475.88,,N,,16.72
009HI,2024-01-16T01:25:00Z,22.5,71.18,1.512,348.1,546.67,0.0,33.2,,354.18,476.89,-122.71,69.73,354.84,477.04,,NNW,,17.0
009HI,2024-01-16T01:30:00Z,22.867,69.89,1.08,335.3,527.66,0.0,33.2,13.34,336.07,459.26,-123.19,68.2,355.37,478.11,,NNW,,17.06
009HI,2024-01-16T01:35:00Z,22.672,70.52,1.224,320.9,474.85,0.0,33.2,,291.04,411.74,-120.7,61.08,352.97,472.86,,NW,,17.02
009HI,2024-01-16T01:40:00Z,22.556,71.31,1.368,349.8,511.57,0.0,33.1,13.34,325.5,444.2,-118.7,67.34,355.76,473.72,,N,,17.08
009HI,2024-01-16T01:45:00Z,22.567,71.35,1.147,333.0,362.71,0.0,33.1,,203.64,316.85,-113.21,46.48,354.45,466.96,,NNW,,17.1
009HI,2024-01-16T01:50:00Z,22.256,72.19,1.497,328.5,247.98,0.0,33.1,13.5,104.55,215.06,-110.51,30.43,350.12,460.09,,NNW,,16.99
009HI,2024-01-16T01:55:00Z,21.733,74.41,0.705,321.2,356.43,0.0,33.1,,204.92,310.09,-105.17,47.54,353.86,458.15,,NW,,16.96
009HI,2024-01-16T02:00:00Z,22.372,73.26,1.091,340.2,366.46,0.0,33.1,13.38,211.93,316.41,-104.47,48.76,362.51,466.62,,NNW,,17.33
009HI,2024-01-16T02:05:00Z,21.778,74.49,1.374,310.2,274.5,0.0,33.1,,140.45,240.41,-99.96,35.57,353.69,453.01,,NW,,17.02
009HI,2024-01-16T02:10:00Z,21.722,75.32,1.363,330.6,452.48,0.0,33.1,13.36,291.71,389.88,-98.17,62.65,364.73,462.64,,NNW,,17.14
009HI,2024-01-16T02:15:00Z,21.511,75.96,1.348,331.8,261.2,0.0,33.0,,129.21,225.67,-96.46,34.48,358.38,454.39,,NNW,,17.07
009HI,2024-01-16T02:20:00Z,21.411,77.03,1.147,332.3,343.81,0.0,33.0,13.38,216.3,296.36,-80.06,46.33,377.31,456.68,,NNW,,17.2
009HI,2024-01-16T02:25:00Z,21.75,76.17,0.849,0.59,414.25,0.0,33.0,,273.6,357.18,-83.58,58.41,379.39,462.37,,N,,17.35
009HI,2024-01-16T02:30:00Z,21.839,75.63,0.962,7.48,363.63,0.0,33.0,13.34,228.23,312.65,-84.41,51.08,377.24,460.87,,N,,17.32
009HI,2024-01-16T02:35:00Z,21.917,75.68,0.941,341.8,267.21,0.0,33.0,,148.02,232.14,-84.13,35.12,372.24,455.89,,NNW,,17.41
009HI,2024-01-16T02:40:00Z,21.772,76.76,0.7,321.9,350.51,0.0,33.0,13.37,218.78,303.03,-84.26,47.73,374.53,458.26,,NW,,17.49
009HI,2024-01-16T02:45:00Z,21.811,76.58,1.389,342.6,292.79,0.0,33.0,,160.85,253.52,-92.67,38.52,361.43,453.62,,NNW,,17.49
009HI,2024-01-16T02:50:00Z,21.75,77.3,0.952,345.6,262.74,0.0,33.0,13.36,133.6,228.62,-95.02,34.36,356.94,451.39,,NNW,,17.58
009HI,2024-01-16T02:55:00Z,21.783,77.12,0.911,328.7,241.12,0.0,33.0,,110.63,208.87,-98.24,31.89,351.13,449.04,,NNW,,17.58
009HI,2024-01-16T03:00:00Z,21.7,77.42,0.921,320.9,149.87,0.0,33.0,13.38,25.06,123.2,-98.14,26.38,348.32,446.04,,NW,,17.56
009HI,2024-01-16T03:05:00Z,21.539,78.13,0.89,334.5,112.81,0.0,32.9,,-2.88,93.57,-96.45,18.87,346.8,442.44,,NNW,,17.55
009HI,2024-01-16T03:10:00Z,21.272,79.07,1.245,326.1,63.76,0.0,32.9,13.46,-39.59,55.64,-95.23,7.93,342.87,437.27,,NW,,17.48
009HI,2024-01-16T03:15:00Z,20.85,81.05,0.947,341.1,56.1,0.0,32.9,,-43.72,49.2,-92.92,7.14,341.74,433.87,,NNW,,17.46
009HI,2024-01-16T03:20:00Z,20.756,81.67,0.309,325.8,55.61,0.0,32.9,13.35,-44.04,47.71,-91.76,7.66,341.92,433.08,,NW,,17.49
009HI,2024-01-16T03:25:00Z,20.683,81.92,0.257,337.9,28.24,0.0,32.9,,-63.73,25.87,-89.6,2.37,340.7,429.69,,NNW,,17.47
009HI,2024-01-16T03:30:00Z,20.583,82.3,0.036,310.8,24.58,0.0,32.9,13.16,-65.32,22.53,-87.86,2.02,339.98,427.28,,NW,,17.44
009HI,2024-01-16T03:35:00Z,20.417,82.52,0.494,327.7,24.42,0.0,32.9,,-64.97,22.2,-87.17,2.26,339.73,426.33,,NNW,,17.32
009HI,2024-01-16T03:40:00Z,20.339,82.52,0.607,0.15,31.84,0.0,32.9,13.13,-57.98,28.31,-86.29,3.51,340.3,426.0,,N,,17.25
009HI,2024-01-16T03:45:00Z,20.317,82.83,0.365,327.4,17.31,0.0,32.9,,-69.06,15.7,-84.75,1.58,340.46,424.58,,NNW,,17.28
009HI,2024-01-16T03:50:00Z,20.211,83.22,0.19,349.7,12.93,0.0,32.9,13.08,-70.1,11.7,-81.8,1.21,341.69,422.87,,N,,17.26
009HI,2024-01-16T03:55:00Z,20.117,83.67,0.211,326.8,9.91,0.0,32.9,,-69.61,8.89,-78.5,0.99,343.31,421.09,,NNW,,17.25
009HI,2024-01-16T04:00:00Z,19.983,84.39,0.288,332.9,7.54,0.0,32.9,13.0,-52.63,6.71,-59.34,0.82,362.63,421.27,,NNW,,17.25
009HI,2024-01-16T04:05:00Z,19.883,84.83,0.0,,4.85,0.0,32.9,,-34.53,4.24,-38.78,0.59,383.76,421.77,,,,17.24
009HI,2024-01-16T04:10:00Z,19.817,85.15,0.175,332.0,2.56,0.0,32.9,12.97,-28.6,2.16,-30.76,0.39,392.53,422.48,,NNW,,17.23
009HI,2024-01-16T04:15:00Z,19.8,85.67,0.201,25.0,1.13,0.0,32.9,,-16.77,0.88,-17.65,0.24,406.91,423.74,,NNE,,17.31
009HI,2024-01-16T04:20:00Z,19.789,85.93,0.021,349.8,0.43,0.0,32.9,12.95,-16.46,0.28,-16.74,0.15,408.13,424.06,,N,,17.35
009HI,2024-01-16T04:25:00Z,19.772,86.16,0.134,16.76,0.0,0.0,32.9,,-23.38,-0.14,-23.24,0.1,401.4,423.73,,NNE,,17.38
009HI,2024-01-16T04:30:00Z,19.728,86.41,0.386,68.76,0.0,0.0,32.9,12.94,-38.8,-0.48,-38.33,0.08,385.22,422.65,,ENE,,17.38
009HI,2024-01-16T04:35:00Z,19.644,86.65,0.35,49.7,0.0,0.0,32.9,,-55.58,-0.84,-54.75,0.06,366.56,420.48,,NE,,17.34
009HI,2024-01-16T04:40:00Z,19.539,86.8,0.304,20.73,0.0,0.0,32.9,12.93,-54.8,-0.79,-54.02,0.08,366.28,419.4,,NNE,,17.27
009HI,2024-01-16T04:45:00Z,19.406,86.75,0.211,86.8,0.0,0.0,32.9,,-62.16,-0.89,-61.27,0.09,357.69,418.15,,E,,17.13
009HI,2024-01-16T04:50:00Z,19.294,86.42,0.401,85.6,0.0,0.0,32.9,12.92,-73.06,-1.01,-72.05,0.1,345.26,416.44,,E,,16.96
009HI,2024-01-16T04:55:00Z,19.2,86.16,0.118,84.7,0.0,0.0,32.9,,-75.89,-1.11,-74.78,0.09,340.54,414.51,,E,,16.82
009HI,2024-01-16T05:00:00Z,19.083,86.14,0.159,83.8,0.0,0.0,32.9,12.91,-75.69,-1.12,-74.58,0.1,339.09,412.73,,E,,16.7
009HI,2024-01-16T05:05:00Z,18.983,86.28,0.257,108.3,0.0,0.0,32.9,,-77.47,-1.03,-76.44,0.09,336.16,411.79,,ESE,,16.62
009HI,2024-01-16T05:10:00Z,18.911,86.54,0.514,98.8,0.0,0.0,32.9,12.91,-78.33,-1.01,-77.33,0.14,335.56,412.05,,E,,16.6
009HI,2024-01-16T05:15:00Z,18.894,86.68,0.55,94.9,0.0,0.0,32.9,,-78.41,-1.1,-77.32,0.15,335.23,411.66,,E,,16.61
009HI,2024-01-16T05:20:00Z,18.844,86.65,0.314,104.2,0.0,0.0,32.9,12.9,-77.21,-1.02,-76.19,0.08,334.93,410.26,,ESE,,16.55
009HI,2024-01-16T05:25:00Z,18.756,86.71,0.154,84.7,0.0,0.0,32.9,,-76.15,-1.06,-75.08,0.08,334.64,408.91,,E,,16.48
009HI,2024-01-16T05:30:00Z,18.583,86.9,0.134,109.5,0.0,0.0,32.9,12.89,-75.22,-1.02,-74.2,0.06,334.06,407.54,,ESE,,16.34
009HI,2024-01-16T05:35:00Z,18.467,87.31,0.201,102.3,0.0,0.0,32.9,,-74.55,-1.0,-73.55,0.06,333.73,406.59,,ESE,,16.3
009HI,2024-01-16T05:40:00Z,18.339,87.58,0.026,127.6,0.0,0.0,32.9,12.89,-74.02,-1.04,-72.99,0.09,333.35,405.68,,SE,,16.23
009HI,2024-01-16T05:45:00Z,18.306,88.03,0.123,78.21,0.0,0.0,32.9,,-73.2,-0.95,-72.26,0.1,333.56,405.15,,ENE,,16.27
009HI,2024-01-16T05:50:00Z,18.167,87.9,0.144,156.2,0.0,0.0,32.9,12.88,-72.92,-0.95,-71.97,0.06,332.78,403.99,,SSE,,16.11
009HI,2024-01-16T05:55:00Z,17.772,88.25,0.211,160.7,0.0,0.0,32.9,,-72.54,-0.9,-71.64,0.03,331.88,402.75,,SSE,,15.79
009HI,2024-01-16T06:00:00Z,17.472,88.91,0.201,160.3,0.0,0.0,32.9,12.87,-71.15,-0.83,-70.32,0.03,332.09,401.41,,SSE,,15.61
009HI,2024-01-16T06:05:00Z,17.272,89.55,0.0,,0.0,0.0,32.9,,-69.11,-0.77,-68.34,0.05,332.92,400.35,,,,15.52
009HI,2024-01-16T06:10:00Z,17.072,89.88,0.139,188.5,0.0,0.0,32.9,12.87,-68.5,-0.71,-67.79,0.05,333.08,399.96,,S,,15.38
009HI,2024-01-16T06:15:00Z,16.861,90.35,0.278,117.3,0.0,0.0,32.9,,-67.2,-0.72,-66.47,0.04,333.55,399.08,,ESE,,15.26
009HI,2024-01-16T06:20:00Z,16.722,90.9,0.386,113.8,0.0,0.0,32.9,12.86,-62.11,-0.68,-61.43,0.05,338.36,398.76,,ESE,,15.22
009HI,2024-01-16T06:25:00Z,16.728,91.6,0.453,109.5,0.0,0.0,32.9,,-33.96,-0.37,-33.58,0.06,368.11,400.78,,ESE,,15.34
009HI,2024-01-16T06:30:00Z,16.817,,0.304,109.0,0.0,0.0,32.9,12.86,-30.37,-0.36,-30.01,0.04,373.12,402.12,,ESE,,
009HI,2024-01-16T06:35:00Z,16.956,92.28,0.206,93.4,0.0,0.0,32.9,,-22.77,-0.4,-22.37,0.06,382.01,403.35,,E,,15.68
009HI,2024-01-16T06:40:00Z,16.972,92.16,0.005,108.3,0.0,0.0,32.9,12.85,-20.35,-0.47,-19.88,0.03,385.28,404.17,,ESE,,15.68
009HI,2024-01-16T06:45:00Z,16.95,92.28,0.062,108.5,0.0,0.0,32.9,,-19.38,-0.49,-18.89,0.03,386.68,404.64,,ESE,,15.68
009HI,2024-01-16T06:50:00Z,16.989,92.48,0.381,102.4,0.0,0.0,32.9,12.85,-19.77,-0.5,-19.27,0.04,386.93,405.41,,ESE,,15.75
009HI,2024-01-16T06:55:00Z,17.067,92.48,0.257,103.8,0.0,0.0,32.9,,-19.1,-0.39,-18.7,0.03,387.81,405.81,,ESE,,15.83
009HI,2024-01-16T07:00:00Z,17.122,92.44,0.098,126.6,0.0,0.0,32.9,12.84,-19.19,-0.29,-18.9,0.02,387.8,406.0,,SE,,15.88
009HI,2024-01-16T07:05:00Z,17.133,92.4,0.412,119.0,0.0,0.0,32.9,,-16.56,-0.22,-16.34,0.0,390.89,406.45,,ESE,,15.88
009HI,2024-01-16T07:10:00Z,17.3,92.67,0.535,105.7,0.0,0.0,32.9,12.84,-36.32,-0.47,-35.85,0.04,371.51,406.47,,ESE,,16.09
009HI,2024-01-16T07:15:00Z,17.361,92.3,0.237,137.9,0.0,0.0,32.9,,-64.05,-0.85,-63.2,0.01,341.35,403.77,,SE,,16.09
009HI,2024-01-16T07:20:00Z,17.283,92.13,0.273,84.7,0.0,0.0,32.9,12.84,-69.61,-0.92,-68.69,0.04,333.72,401.72,,E,,15.98
009HI,2024-01-16T07:25:00Z,17.194,92.1,0.381,93.2,0.0,0.0,32.9,,-70.08,-0.93,-69.15,0.02,331.83,400.25,,E,,15.89
009HI,2024-01-16T07:30:00Z,17.039,91.86,0.386,136.5,0.0,0.0,32.9,12.84,-69.64,-0.9,-68.73,0.02,331.38,399.29,,SE,,15.69
009HI,2024-01-16T07:35:00Z,16.856,92.07,0.514,156.4,0.0,0.0,32.9,,-67.46,-0.78,-66.68,0.01,333.33,399.14,,SSE,,15.55
009HI,2024-01-16T07:40:00Z,16.706,92.33,0.36,135.6,0.0,0.0,32.9,12.83,-58.95,-0.7,-58.25,0.02,340.87,398.38,,SE,,15.45
009HI,2024-01-16T07:45:00Z,16.844,93.25,0.592,115.8,0.0,0.0,32.9,,-45.63,-0.47,-45.16,0.1,356.63,400.92,,ESE,,15.74
009HI,2024-01-16T07:50:00Z,17.222,93.56,0.453,116.9,0.0,0.0,32.9,12.83,-63.4,-0.68,-62.72,0.09,339.65,401.6,,ESE,,16.17
009HI,2024-01-16T07:55:00Z,17.389,93.34,0.581,115.1,0.0,0.0,32.9,,-64.87,-0.68,-64.19,0.06,338.17,401.64,,ESE,,16.29
009HI,2024-01-16T08:00:00Z,17.533,93.24,1.302,147.6,0.0,0.0,32.9,12.82,-69.52,-0.81,-68.71,0.15,337.04,404.98,,SSE,,16.42
009HI,2024-01-16T08:05:00Z,17.711,92.54,1.399,167.8,0.0,0.0,32.9,,-72.14,-1.2,-70.94,0.12,335.81,405.87,,SSE,,16.48
009HI,2024-01-16T08:10:00Z,17.689,91.74,1.374,176.0,0.0,0.0,32.8,12.82,-72.78,-1.21,-71.58,0.04,334.4,405.08,,S,,16.32
009HI,2024-01-16T08:15:00Z,17.594,91.3,0.602,150.8,0.0,0.0,32.9,,-70.45,-1.05,-69.4,0.01,334.76,403.34,,SSE,,16.15
009HI,2024-01-16T08:20:00Z,17.456,91.17,0.53,155.0,0.0,0.0,32.8,12.82,-64.47,-0.87,-63.59,0.0,339.5,402.22,,SSE,,15.99
009HI,2024-01-16T08:25:00Z,17.394,91.2,0.381,138.2,0.0,0.0,32.9,,-63.78,-0.82,-62.96,0.0,339.31,401.43,,SE,,15.93
009HI,2024-01-16T08:30:00Z,17.489,91.44,0.72,156.5,0.0,0.0,32.9,12.81,-53.57,-0.66,-52.91,0.04,351.53,403.64,,SSE,,16.07
009HI,2024-01-16T08:35:00Z,17.606,91.16,0.622,161.5,0.0,0.0,32.9,,-41.89,-0.49,-41.4,0.0,363.5,404.05,,SSE,,16.14
009HI,2024-01-16T08:40:00Z,17.544,91.19,0.437,141.9,0.0,0.0,32.8,12.81,-24.6,-0.25,-24.35,0.0,380.15,403.79,,SE,,16.08
009HI,2024-01-16T08:45:00Z,17.611,91.27,0.329,125.5,0.0,0.0,32.9,,-20.98,-0.18,-20.8,0.0,384.97,404.85,,SE,,16.16
009HI,2024-01-16T08:50:00Z,17.55,91.15,0.062,120.5,0.0,0.0,32.8,12.81,-24.84,-0.28,-24.55,0.0,380.43,404.17,,ESE,,16.08
009HI,2024-01-16T08:55:00Z,17.472,91.23,0.221,97.8,0.0,0.0,32.8,,-23.1,-0.27,-22.83,0.0,381.93,403.93,,E,,16.01
009HI,2024-01-16T09:00:00Z,17.467,91.24,0.468,100.0,0.0,0.0,32.9,12.8,-17.39,-0.16,-17.23,0.0,388.38,404.79,,E,,16.01
009HI,2024-01-16T09:05:00Z,17.433,91.14,0.026,89.8,0.0,0.0,32.8,,-15.35,-0.14,-15.21,0.0,390.68,405.06,,E,,15.96
009HI,2024-01-16T09:10:00Z,17.461,91.16,0.0,,0.0,0.0,32.8,12.8,-10.48,-0.08,-10.4,0.0,395.74,405.33,,,,15.99
009HI,2024-01-16T09:15:00Z,17.433,91.08,0.0,,0.0,0.0,32.9,,-17.12,-0.16,-16.96,0.0,389.05,405.06,,,,15.95
009HI,2024-01-16T09:20:00Z,17.35,90.94,0.098,88.4,0.0,0.0,32.8,12.8,-31.7,-0.39,-31.31,0.0,373.23,403.65,,E,,15.84
009HI,2024-01-16T09:25:00Z,17.239,91.05,0.139,113.0,0.0,0.0,32.8,,-42.01,-0.54,-41.47,0.0,361.56,402.13,,ESE,,15.75
009HI,2024-01-16T09:30:00Z,17.167,91.27,0.581,147.0,0.0,0.0,32.8,12.79,-60.59,-0.72,-59.86,0.0,342.97,401.81,,SSE,,15.72
009HI,2024-01-16T09:35:00Z,17.117,91.2,0.586,142.0,0.0,0.0,32.8,,-70.82,-0.84,-69.98,0.0,331.25,400.42,,SE,,15.66
009HI,2024-01-16T09:40:00Z,17.05,91.18,0.473,146.8,0.0,0.0,32.8,12.78,-71.06,-0.88,-70.18,0.0,329.69,399.2,,SSE,,15.59
009HI,2024-01-16T09:45:00Z,16.906,91.11,0.304,109.2,0.0,0.0,32.8,,-70.4,-0.86,-69.54,0.0,328.45,397.25,,ESE,,15.43
009HI,2024-01-16T09:50:00Z,16.722,91.16,0.381,133.9,0.0,0.0,32.8,12.77,-69.16,-0.83,-68.33,0.0,328.4,395.92,,SE,,15.26
009HI,2024-01-16T09:55:00Z,16.5,91.42,0.417,123.7,0.0,0.0,32.8,,-68.42,-0.78,-67.64,0.0,328.16,394.89,,ESE,,15.09
