# STATION: 010HI
# STATION NAME: PuuWaawaa
# LATITUDE: 19.72540
# LONGITUDE: -155.87380
# ELEVATION [ft]: 5427.0
# STATE: HI
Station_ID,Date_Time,air_temp_set_1,relative_humidity_set_1,wind_speed_set_1,wind_direction_set_1,solar_radiation_set_1,soil_temp_set_1,soil_temp_set_2,precip_accum_five_minute_set_1,soil_moisture_set_1,soil_moisture_set_2,soil_moisture_set_3,volt_set_1,outgoing_radiation_sw_set_1,incoming_radiation_lw_set_1,outgoing_radiation_lw_set_1,wind_chill_set_1d,wind_cardinal_direction_set_1d,heat_index_set_1d,dew_point_temperature_set_1d
,,Celsius,%,m/s,Degrees,W/m**2,Celsius,Celsius,Millimeters,%,%,%,volts,W/m**2,W/m**2,W/m**2,Celsius,code,Celsius,Celsius
010HI,2024-01-15T10:05:00Z,16.056,37.68,0.185,216.2,0.0,,,0.0,,,,,0.0,0.0,0.0,,SW,,1.53
010HI,2024-01-15T10:10:00Z,15.944,40.17,0.839,175.4,0.0,,,0.0,,,,12.27,0.0,0.0,0.0,,S,,2.33
010HI,2024-01-15T10:15:00Z,16.011,40.56,0.123,169.3,0.0,,,0.0,,,,,0.0,0.0,0.0,,S,,2.53
010HI,2024-01-15T10:20:00Z,15.983,40.42,0.242,150.3,0.0,,,0.0,,,,12.26,0.0,0.0,0.0,,SSE,,2.45
010HI,2024-01-15T10:25:00Z,16.078,39.89,0.288,139.9,0.0,,,0.0,,,,,0.0,0.0,0.0,,SE,,2.35
010HI,2024-01-15T10:30:00Z,16.056,37.4,0.422,214.6,0.0,,,0.0,,,,12.26,0.0,0.0,0.0,,SW,,1.43
010HI,2024-01-15T10:35:00Z,15.978,37.69,0.556,232.9,0.0,,,0.0,,,,,0.0,0.0,0.0,,SW,,1.47
010HI,2024-01-15T10:40:00Z,15.933,39.42,0.334,322.8,0.0,,,0.0,,,,12.26,0.0,0.0,0.0,,NW,,2.05
010HI,2024-01-15T10:45:00Z,15.872,38.59,0.535,162.4,0.0,,,0.0,,,,,0.0,0.0,0.0,,SSE,,1.7
010HI,2024-01-15T10:50:00Z,15.928,37.91,1.338,158.2,0.0,,,0.0,,,,12.25,0.0,0.0,0.0,,SSE,,1.5
010HI,2024-01-15T10:55:00Z,15.911,36.99,0.633,164.8,0.0,,,0.0,,,,,0.0,0.0,0.0,,SSE,,1.14
010HI,2024-01-15T11:00:00Z,15.828,37.31,0.139,197.1,0.0,,,0.0,,,,12.25,0.0,0.0,0.0,,SSW,,1.19
010HI,2024-01-15T11:05:00Z,15.761,39.24,0.622,196.8,0.0,,,0.0,,,,,0.0,0.0,0.0,,SSW,,1.84
010HI,2024-01-15T11:10:00Z,15.856,37.77,0.098,170.5,0.0,,,0.0,,,,12.25,0.0,0.0,0.0,,S,,1.39
010HI,2024-01-15T11:15:00Z,16.022,35.6,0.376,175.5,0.0,,,0.0,,,,,0.0,0.0,0.0,,S,,0.71
010HI,2024-01-15T11:20:00Z,16.1,34.73,0.17,173.9,0.0,,,0.0,,,,12.25,0.0,0.0,0.0,,S,,0.44
010HI,2024-01-15T11:25:00Z,16.011,35.85,0.406,213.6,0.0,,,0.0,,,,,0.0,0.0,0.0,,SSW,,0.8
010HI,2024-01-15T11:30:00Z,15.839,38.01,0.597,202.4,0.0,,,0.0,,,,12.24,0.0,0.0,0.0,,SSW,,1.46
010HI,2024-01-15T11:35:00Z,15.817,39.53,0.458,198.5,0.0,,,0.0,,,,,0.0,0.0,0.0,,SSW,,1.99
010HI,2024-01-15T11:40:00Z,15.8,37.91,0.345,217.4,0.0,,,0.0,,,,12.24,0.0,0.0,0.0,,SW,,1.39
010HI,2024-01-15T11:45:00Z,15.789,39.82,0.664,217.9,0.0,,,0.0,,,,,0.0,0.0,0.0,,SW,,2.07
010HI,2024-01-15T11:50:00Z,15.772,39.41,1.235,192.9,0.0,,,0.0,,,,12.24,0.0,0.0,0.0,,SSW,,1.91
010HI,2024-01-15T11:55:00Z,15.833,39.21,1.188,191.0,0.0,,,0.0,,,,,0.0,0.0,0.0,,S,,1.89
010HI,2024-01-15T12:00:00Z,15.872,37.57,1.034,202.4,0.0,,,0.0,,,,12.23,0.0,0.0,0.0,,SSW,,1.33
010HI,2024-01-15T12:05:00Z,15.867,36.54,1.446,187.8,0.0,,,0.0,,,,,0.0,0.0,0.0,,S,,0.93
010HI,2024-01-15T12:10:00Z,15.9,35.37,1.368,189.4,0.0,,,0.0,,,,12.23,0.0,0.0,0.0,,S,,0.51
010HI,2024-01-15T12:15:00Z,15.978,34.77,0.787,201.8,0.0,,,0.0,,,,,0.0,0.0,0.0,,SSW,,0.34
010HI,2024-01-15T12:20:00Z,16.028,34.53,0.808,192.6,0.0,,,0.0,,,,12.22,0.0,0.0,0.0,,SSW,,0.29
010HI,2024-01-15T12:25:00Z,16.044,33.59,1.209,202.2,0.0,,,0.0,,,,,0.0,0.0,0.0,,SSW,,-0.07
010HI,2024-01-15T12:30:00Z,16.144,33.38,1.111,219.8,0.0,,,0.0,,,,12.22,0.01,0.0,0.0,,SW,,-0.07
010HI,2024-01-15T12:35:00Z,16.217,33.16,1.23,211.7,0.0,,,0.0,,,,,0.0,0.0,0.0,,SSW,,-0.1
010HI,2024-01-15T12:40:00Z,16.1,34.28,1.106,212.7,0.0,,,0.0,,,,12.22,0.0,0.0,0.0,,SSW,,0.26
010HI,2024-01-15T12:45:00Z,16.022,33.58,1.209,196.3,0.0,,,0.0,,,,,0.0,0.0,0.0,,SSW,,-0.1
010HI,2024-01-15T12:50:00Z,16.033,33.42,1.281,206.7,0.0,,,0.0,,,,12.21,0.0,0.0,0.0,,SSW,,-0.15
010HI,2024-01-15T12:55:00Z,15.989,33.26,1.106,205.6,0.0,,,0.0,,,,,0.0,0.0,0.0,,SSW,,-0.26
010HI,2024-01-15T13:00:00Z,16.083,32.03,1.446,198.2,0.0,,,0.0,,,,12.21,0.0,0.0,0.0,,SSW,,-0.69
010HI,2024-01-15T13:05:00Z,16.378,31.05,1.687,205.3,0.0,,,0.0,,,,,0.34,0.0,0.0,,SSW,,-0.86
010HI,2024-01-15T13:10:00Z,16.411,31.55,1.368,217.9,0.0,,,0.0,,,,12.21,0.03,0.0,0.0,,SW,,-0.61
010HI,2024-01-15T13:15:00Z,16.45,31.36,1.821,197.2,0.0,,,0.0,,,,,0.09,0.0,0.0,,SSW,,-0.66
010HI,2024-01-15T13:20:00Z,16.578,30.72,1.847,197.8,0.0,,,0.0,,,,12.2,0.24,0.0,0.0,,SSW,,-0.83
010HI,2024-01-15T13:25:00Z,16.372,31.19,1.178,210.5,0.0,,,0.0,,,,,0.0,0.0,0.0,,SSW,,-0.8
010HI,2024-01-15T13:30:00Z,16.167,31.74,0.931,230.0,0.0,,,0.0,,,,12.2,0.0,0.0,0.0,,SW,,-0.74
010HI,2024-01-15T13:35:00Z,15.967,33.32,0.782,220.2,0.0,,,0.0,,,,,0.0,0.0,0.0,,SW,,-0.25
010HI,2024-01-15T13:40:00Z,15.828,35.23,1.147,195.0,0.0,,,0.0,,,,12.19,0.0,0.0,0.0,,SSW,,0.39
010HI,2024-01-15T13:45:00Z,16.0,33.52,1.636,184.7,0.0,,,0.0,,,,,0.0,0.0,0.0,,S,,-0.14
010HI,2024-01-15T13:50:00Z,16.372,32.46,1.667,207.0,0.0,,,0.0,,,,12.19,0.25,0.0,0.0,,SSW,,-0.26
010HI,2024-01-15T13:55:00Z,16.294,32.19,1.224,203.5,0.0,,,0.0,,,,,0.0,0.0,0.0,,SSW,,-0.44
010HI,2024-01-15T14:00:00Z,16.133,32.65,0.803,232.8,0.0,,,0.0,,,,12.19,0.0,0.0,0.0,,SW,,-0.39
010HI,2024-01-15T14:05:00Z,15.733,33.27,0.911,204.7,0.0,,,0.0,,,,,0.0,0.0,0.0,,SSW,,-0.48
010HI,2024-01-15T14:10:00Z,15.656,33.09,1.435,173.3,0.0,,,0.0,,,,12.18,0.0,0.0,0.0,,S,,-0.62
010HI,2024-01-15T14:15:00Z,16.061,31.92,0.993,155.2,0.0,,,0.0,,,,,0.0,0.0,0.0,,SSE,,-0.76
010HI,2024-01-15T14:20:00Z,16.089,32.2,0.89,179.3,0.0,,,0.0,,,,12.17,0.0,0.0,0.0,,S,,-0.62
010HI,2024-01-15T14:25:00Z,15.817,34.46,0.427,71.86,0.0,,,0.0,,,,,0.0,0.0,0.0,,ENE,,0.08
010HI,2024-01-15T14:30:00Z,15.672,34.91,0.71,56.62,0.0,,,0.0,,,,12.17,0.0,0.0,0.0,,ENE,,0.13
010HI,2024-01-15T14:35:00Z,15.728,37.22,1.204,78.82,0.0,,,0.0,,,,,0.0,0.0,0.0,,E,,1.07
010HI,2024-01-15T14:40:00Z,15.856,37.16,1.199,92.0,0.0,,,0.0,,,,12.16,0.0,0.0,0.0,,E,,1.16
010HI,2024-01-15T14:45:00Z,15.817,34.47,1.255,114.1,0.0,,,0.0,,,,,0.0,0.0,0.0,,ESE,,0.08
010HI,2024-01-15T14:50:00Z,15.8,33.73,0.772,64.35,0.0,,,0.0,,,,12.16,0.0,0.0,0.0,,ENE,,-0.23
010HI,2024-01-15T14:55:00Z,15.95,33.71,0.386,20.75,0.0,,,0.0,,,,,0.24,0.0,0.0,,NNE,,-0.11
010HI,2024-01-15T15:00:00Z,15.856,33.85,0.226,227.9,0.0,,,0.0,,,,12.15,0.0,0.0,0.0,,SW,,-0.13
010HI,2024-01-15T15:05:00Z,15.911,33.14,0.7,102.7,0.0,,,0.0,,,,,0.3,0.0,0.0,,ESE,,-0.38
010HI,2024-01-15T15:10:00Z,15.828,33.06,0.391,71.86,0.0,,,0.0,,,,12.15,0.0,0.0,0.0,,ENE,,-0.48
010HI,2024-01-15T15:15:00Z,15.556,34.61,0.844,131.7,0.0,,,0.0,,,,,0.0,0.0,0.0,,SE,,-0.09
010HI,2024-01-15T15:20:00Z,15.422,35.03,0.931,132.3,0.0,,,0.0,,,,12.14,0.0,0.0,0.0,,SE,,-0.05
010HI,2024-01-15T15:25:00Z,15.639,37.06,0.885,76.39,0.0,,,0.0,,,,,0.01,0.0,0.0,,ENE,,0.93
010HI,2024-01-15T15:30:00Z,15.506,36.51,1.24,145.3,0.0,,,0.0,,,,12.14,0.0,0.0,0.0,,SE,,0.6
010HI,2024-01-15T15:35:00Z,15.4,36.06,0.859,149.2,0.0,,,0.0,,,,,0.0,0.0,0.0,,SSE,,0.33
010HI,2024-01-15T15:40:00Z,16.022,31.46,1.754,119.7,0.0,,,0.0,,,,12.13,0.78,0.0,0.0,,ESE,,-0.99
010HI,2024-01-15T15:45:00Z,16.567,28.99,1.816,123.4,0.0,,,0.0,,,,,1.13,0.0,0.0,,ESE,,-1.63
010HI,2024-01-15T15:50:00Z,17.222,27.92,1.42,115.3,0.0,,,0.0,,,,12.12,1.88,0.0,0.0,,ESE,,-1.57
010HI,2024-01-15T15:55:00Z,17.289,28.62,1.435,132.3,0.0,,,0.0,,,,,1.24,0.0,0.0,,SE,,-1.18
010HI,2024-01-15T16:00:00Z,17.156,28.34,0.489,356.3,0.0,,,0.0,,,,12.11,0.72,0.0,0.0,,N,,-1.43
010HI,2024-01-15T16:05:00Z,,28.83,0.504,326.5,0.0,,,0.0,,,,,0.5,0.0,0.0,,NNW,,
010HI,2024-01-15T16:10:00Z,16.778,29.96,0.098,113.3,0.0,,,0.0,,,,12.11,0.0,0.0,0.0,,ESE,,-1.0
010HI,2024-01-15T16:15:00Z,16.544,30.84,0.345,153.0,0.0,,,0.0,,,,,0.0,0.0,0.0,,SSE,,-0.81
010HI,2024-01-15T16:20:00Z,16.817,29.01,1.121,152.6,0.0,,,0.0,,,,12.1,0.18,0.0,0.0,,SSE,,-1.4
010HI,2024-01-15T16:25:00Z,17.039,28.25,1.06,172.4,0.0,,,0.0,,,,,0.28,0.0,0.0,,S,,-1.57
010HI,2024-01-15T16:30:00Z,17.222,28.28,1.235,147.0,0.0,,,0.0,,,,12.1,0.51,0.0,0.0,,SSE,,-1.4
010HI,2024-01-15T16:35:00Z,16.761,29.71,2.649,133.6,0.0,,,0.0,,,,,0.0,0.0,0.0,,SE,,-1.13
010HI,2024-01-15T16:40:00Z,16.75,29.92,2.644,154.4,0.0,,,0.0,,,,12.09,0.11,0.0,0.0,,SSE,,-1.04
010HI,2024-01-15T16:45:00Z,17.172,28.74,3.123,161.8,0.0,,,0.0,,,,,0.69,0.0,0.0,,SSE,,-1.22
010HI,2024-01-15T16:50:00Z,17.278,28.69,2.937,160.8,0.0,,,0.0,,,,12.09,0.7,0.0,0.0,,SSE,,-1.15
010HI,2024-01-15T16:55:00Z,17.394,28.13,2.13,168.2,0.0,,,0.0,,,,,0.84,0.0,0.0,,SSE,,-1.32
010HI,2024-01-15T17:00:00Z,17.672,26.46,2.222,172.3,0.0,,,0.0,,,,12.09,1.14,0.0,0.0,,S,,-1.91
010HI,2024-01-15T17:05:00Z,18.161,25.6,1.43,191.3,1.27,,,0.0,,,,,1.97,0.0,0.0,,SSW,,-1.94
010HI,2024-01-15T17:10:00Z,17.85,26.54,0.622,140.2,1.48,,,0.0,,,,12.09,0.73,0.0,0.0,,SE,,-1.72
010HI,2024-01-15T17:15:00Z,17.328,27.92,2.588,162.0,5.8,,,0.0,,,,,0.67,0.0,0.0,,SSE,,-1.48
010HI,2024-01-15T17:20:00Z,17.55,26.59,1.677,170.7,9.47,,,0.0,,,,12.11,1.68,0.0,0.0,,S,,-1.95
010HI,2024-01-15T17:25:00Z,17.372,27.88,2.222,166.1,11.27,,,0.0,,,,,1.17,0.0,0.0,,SSE,,-1.46
010HI,2024-01-15T17:30:00Z,17.256,28.1,2.387,171.2,14.59,,,0.0,,,,12.13,1.69,0.0,0.0,,S,,-1.46
010HI,2024-01-15T17:35:00Z,17.644,26.06,1.939,173.6,19.1,,,0.0,,,,,2.9,0.0,0.0,,S,,-2.14
010HI,2024-01-15T17:40:00Z,18.072,24.68,1.6,160.2,26.16,,,0.0,,,,12.14,4.16,0.0,0.0,,SSE,,-2.51
010HI,2024-01-15T17:45:00Z,18.272,25.14,0.761,96.2,56.04,,,0.0,,,,,6.76,0.0,0.0,,E,,-2.09
010HI,2024-01-15T17:50:00Z,18.094,27.11,0.658,117.6,135.09,,,0.0,,,,12.17,11.36,0.0,0.0,,ESE,,-1.22
010HI,2024-01-15T17:55:00Z,18.267,26.79,0.278,166.7,155.21,,,0.0,,,,,13.82,0.0,0.0,,SSE,,-1.23
010HI,2024-01-15T18:00:00Z,18.472,26.47,0.556,194.4,174.6,,,0.0,,,,12.33,16.8,0.0,0.0,,SSW,,-1.22
010HI,2024-01-15T18:05:00Z,18.967,25.79,0.324,320.5,194.01,,,0.0,,,,,17.44,0.0,0.0,,NW,,-1.15
010HI,2024-01-15T18:10:00Z,18.511,26.8,0.9,265.5,214.72,,,0.0,,,,13.58,18.29,0.0,0.0,,W,,-1.01
010HI,2024-01-15T18:15:00Z,18.339,26.8,0.324,316.0,234.0,,,0.0,,,,,19.6,0.0,0.0,,NW,,-1.16
010HI,2024-01-15T18:20:00Z,18.444,26.97,0.936,185.7,255.04,,,0.0,,,,13.84,21.75,0.0,0.0,,S,,-0.99
010HI,2024-01-15T18:25:00Z,18.594,26.92,0.293,296.8,275.29,,,0.0,,,,,21.8,0.0,0.0,,WNW,,-0.88
010HI,2024-01-15T18:30:00Z,18.728,27.07,0.658,181.2,295.52,,,0.0,,,,13.97,23.17,0.0,0.0,,S,,-0.69
010HI,2024-01-15T18:35:00Z,18.872,26.69,0.36,331.6,316.32,,,0.0,,,,,23.5,0.0,0.0,,NNW,,-0.76
010HI,2024-01-15T18:40:00Z,18.778,28.32,0.412,5.95,337.28,,,0.0,,,,14.04,22.62,0.0,0.0,,N,,-0.03
010HI,2024-01-15T18:45:00Z,18.661,28.92,0.082,15.89,356.53,,,0.0,,,,,23.44,0.0,0.0,,NNE,,0.16
010HI,2024-01-15T18:50:00Z,18.989,29.17,0.19,36.03,377.57,,,0.0,,,,13.98,24.35,0.0,0.0,,NE,,0.56
010HI,2024-01-15T18:55:00Z,19.178,29.47,0.077,290.9,397.94,,,0.0,,,,,24.45,0.0,0.0,,WNW,,0.87
010HI,2024-01-15T19:00:00Z,19.1,30.08,0.139,26.42,417.85,,,0.0,,,,13.99,24.06,0.0,0.0,,NNE,,1.09
010HI,2024-01-15T19:05:00Z,18.911,30.37,0.123,17.28,438.09,,,0.0,,,,,24.5,0.0,0.0,,NNE,,1.05
010HI,2024-01-15T19:10:00Z,18.844,30.87,0.432,33.01,458.76,,,0.0,,,,13.97,27.7,0.0,0.0,,NNE,,1.22
010HI,2024-01-15T19:15:00Z,18.572,32.13,0.406,23.84,478.92,,,0.0,,,,,29.04,0.0,0.0,,NNE,,1.54
010HI,2024-01-15T19:20:00Z,18.789,31.59,0.365,76.03,500.0,,,0.0,,,,13.95,31.42,0.0,0.0,,ENE,,1.5
010HI,2024-01-15T19:25:00Z,19.117,30.82,0.391,45.98,520.94,,,0.0,,,,,32.82,0.0,0.0,,NE,,1.44
010HI,2024-01-15T19:30:00Z,18.994,31.89,0.931,24.35,540.66,,,0.0,,,,13.94,35.1,0.0,0.0,,NNE,,1.81
010HI,2024-01-15T19:35:00Z,18.678,35.02,1.019,351.2,555.84,,,0.0,,,,,35.17,0.0,0.0,,N,,2.84
010HI,2024-01-15T19:40:00Z,18.356,37.08,0.581,5.75,573.14,,,0.0,,,,13.93,36.13,0.0,0.0,,N,,3.37
010HI,2024-01-15T19:45:00Z,18.4,38.45,0.694,9.49,593.14,,,0.0,,,,,38.04,0.0,0.0,,N,,3.92
010HI,2024-01-15T19:50:00Z,18.483,37.76,0.252,338.7,607.38,,,0.0,,,,13.94,39.6,0.0,0.0,,NNW,,3.74
010HI,2024-01-15T19:55:00Z,19.061,36.78,0.283,13.91,622.82,,,0.0,,,,,40.98,0.0,0.0,,NNE,,3.88
010HI,2024-01-15T20:00:00Z,19.111,36.93,0.823,34.5,642.1,,,0.0,,,,13.94,41.35,0.0,0.0,,NE,,3.98
010HI,2024-01-15T20:05:00Z,19.211,34.09,0.803,29.55,660.61,,,0.0,,,,,44.08,0.0,0.0,,NNE,,2.94
010HI,2024-01-15T20:10:00Z,19.244,41.31,0.921,348.8,673.61,,,0.0,,,,13.91,43.65,0.0,0.0,,N,,5.71
010HI,2024-01-15T20:15:00Z,18.744,44.76,0.679,344.3,682.02,,,0.0,,,,,45.41,0.0,0.0,,NNW,,6.42
010HI,2024-01-15T20:20:00Z,18.728,45.32,0.463,57.58,702.67,,,0.0,,,,13.22,46.72,0.0,0.0,,ENE,,6.59
010HI,2024-01-15T20:25:00Z,18.883,46.32,0.962,7.61,717.29,,,0.0,,,,,47.41,0.0,0.18,,N,,7.05
010HI,2024-01-15T20:30:00Z,18.539,47.63,0.556,323.7,725.87,,,0.0,,,,13.13,47.22,0.0,0.0,,NW,,7.14
010HI,2024-01-15T20:35:00Z,18.522,47.27,0.772,0.91,739.12,,,0.0,,,,,48.23,0.0,0.0,,N,,7.02
010HI,2024-01-15T20:40:00Z,18.672,46.25,0.751,16.04,753.34,,,0.0,,,,13.13,49.77,0.0,0.0,,NNE,,6.84
010HI,2024-01-15T20:45:00Z,18.722,51.86,0.725,311.4,763.63,,,0.0,,,,,50.29,0.0,0.0,,NW,,8.57
010HI,2024-01-15T20:50:00Z,18.756,44.46,0.571,28.86,776.26,,,0.0,,,,13.09,53.22,0.0,0.0,,NNE,,6.34
010HI,2024-01-15T20:55:00Z,18.917,48.26,1.399,352.8,788.72,,,0.0,,,,,53.82,0.0,0.0,,N,,7.69
010HI,2024-01-15T21:00:00Z,18.944,42.31,0.88,8.05,799.31,,,0.0,,,,13.09,54.14,0.0,0.0,,N,,5.79
010HI,2024-01-15T21:05:00Z,19.078,43.61,0.679,357.0,809.48,,,0.0,,,,,55.26,0.0,0.0,,N,,6.35
010HI,2024-01-15T21:10:00Z,19.25,44.74,0.71,345.6,818.06,,,0.0,,,,13.05,56.73,0.0,0.0,,NNW,,6.88
010HI,2024-01-15T21:15:00Z,,47.33,0.818,353.5,826.1,,,0.0,,,,,55.03,0.0,0.0,,N,,
010HI,2024-01-15T21:20:00Z,19.25,37.96,0.787,2.63,835.08,,,0.0,,,,13.04,55.59,0.0,0.0,,N,,4.5
010HI,2024-01-15T21:25:00Z,19.5,44.78,0.911,344.9,842.3,,,0.0,,,,,56.25,0.0,0.0,,NNW,,7.12
010HI,2024-01-15T21:30:00Z,19.356,50.41,0.633,7.94,850.48,,,0.0,,,,13.03,56.59,0.0,0.0,,N,,8.74
010HI,2024-01-15T21:35:00Z,19.272,50.22,1.034,338.8,857.53,,,0.0,,,,,57.7,0.0,0.21,,NNW,,8.6
010HI,2024-01-15T21:40:00Z,19.267,45.48,1.06,344.8,864.67,,,0.0,,,,13.02,58.74,0.0,0.0,,NNW,,7.14
010HI,2024-01-15T21:45:00Z,19.306,54.41,0.885,327.4,868.16,,,0.0,,,,,58.16,0.0,0.0,,NNW,,9.83
010HI,2024-01-15T21:50:00Z,19.094,47.75,1.029,346.7,878.01,,,0.0,,,,13.01,60.07,0.0,0.0,,NNW,,7.69
010HI,2024-01-15T21:55:00Z,19.0,52.11,0.931,322.5,880.99,,,0.0,,,,,60.61,0.0,0.0,,NW,,8.9
010HI,2024-01-15T22:00:00Z,19.033,42.56,0.412,31.98,887.38,,,0.0,,,,13.01,60.15,0.0,0.0,,NNE,,5.95
010HI,2024-01-15T22:05:00Z,19.372,38.9,0.967,307.7,889.64,,,0.0,,,,,61.42,0.0,0.11,,NW,,4.96
010HI,2024-01-15T22:10:00Z,19.356,39.64,1.343,342.1,894.08,,,0.0,,,,12.98,62.6,0.0,0.0,,NNW,,5.22
010HI,2024-01-15T22:15:00Z,19.2,35.37,1.204,325.6,895.81,,,0.0,,,,,63.95,0.0,0.89,,NW,,3.45
010HI,2024-01-15T22:20:00Z,19.261,48.03,1.286,336.6,895.92,,,0.0,,,,12.99,63.65,0.0,0.0,,NNW,,7.93
010HI,2024-01-15T22:25:00Z,19.283,42.65,0.679,315.7,898.0,,,0.0,,,,,64.54,0.0,0.0,,NW,,6.21
010HI,2024-01-15T22:30:00Z,19.294,44.62,1.08,349.9,900.33,,,0.0,,,,12.96,64.21,0.0,0.05,,N,,6.88
010HI,2024-01-15T22:35:00Z,19.194,40.77,0.967,2.01,899.01,,,0.0,,,,,63.91,0.0,0.0,,N,,5.48
010HI,2024-01-15T22:40:00Z,19.139,36.06,1.219,358.6,899.82,,,0.0,,,,12.94,65.35,0.0,0.0,,N,,3.67
010HI,2024-01-15T22:45:00Z,19.05,54.1,1.116,348.5,897.61,,,0.0,,,,,63.53,0.0,0.0,,NNW,,9.5
010HI,2024-01-15T22:50:00Z,18.789,47.48,0.844,0.48,896.86,,,0.0,,,,12.91,63.51,0.0,0.06,,N,,7.33
010HI,2024-01-15T22:55:00Z,19.122,48.66,1.461,329.3,896.11,,,0.0,,,,,63.78,0.0,0.0,,NNW,,8.0
010HI,2024-01-15T23:00:00Z,18.772,68.07,1.255,332.0,892.09,,,0.0,,,,12.9,62.67,0.0,0.63,,NNW,,12.72
010HI,2024-01-15T23:05:00Z,18.267,71.86,0.509,6.37,887.41,,,0.0,,,,,60.91,0.0,0.0,,N,,13.07
010HI,2024-01-15T23:10:00Z,18.139,73.97,1.363,350.7,888.56,,,0.0,,,,12.9,62.07,0.0,0.27,,N,,13.39
010HI,2024-01-15T23:15:00Z,18.089,70.37,0.746,338.7,884.1,,,0.0,,,,,61.29,0.0,0.0,,NNW,,12.58
010HI,2024-01-15T23:20:00Z,18.244,69.69,1.266,334.5,879.19,,,0.0,,,,12.91,62.31,0.0,0.0,,NNW,,12.58
010HI,2024-01-15T23:25:00Z,18.083,74.96,1.013,342.9,873.59,,,0.0,,,,,62.46,0.0,0.3,,NNW,,13.54
010HI,2024-01-15T23:30:00Z,17.761,62.85,0.957,323.0,869.26,,,0.0,,,,12.92,62.29,0.0,0.0,,NW,,10.54
010HI,2024-01-15T23:35:00Z,17.939,55.52,1.013,10.09,865.98,,,0.0,,,,,62.93,0.0,0.0,,N,,8.85
010HI,2024-01-15T23:40:00Z,18.094,70.85,0.931,337.9,855.85,,,0.0,,,,12.92,61.18,0.0,0.0,,NNW,,12.69
010HI,2024-01-15T23:45:00Z,18.117,64.76,0.7,354.4,847.91,,,0.0,,,,,60.13,0.0,0.0,,N,,11.33
010HI,2024-01-15T23:50:00Z,18.156,55.43,0.911,332.5,841.76,,,0.0,,,,12.94,59.75,0.0,0.0,,NNW,,9.03
010HI,2024-01-15T23:55:00Z,18.439,58.5,0.782,352.3,835.82,,,0.0,,,,,59.78,0.0,0.0,,N,,10.1
010HI,2024-01-16T00:00:00Z,18.456,62.85,0.741,341.8,827.52,,,0.0,,,,12.96,58.73,0.0,0.87,,NNW,,11.2
010HI,2024-01-16T00:05:00Z,18.444,61.7,1.08,353.7,817.97,,,0.0,,,,,58.16,0.0,0.14,,N,,10.91
010HI,2024-01-16T00:10:00Z,18.328,55.91,0.381,5.17,807.62,,,0.0,,,,12.96,56.99,0.0,0.35,,N,,9.32
010HI,2024-01-16T00:15:00Z,18.494,68.89,1.435,358.5,797.88,,,0.0,,,,,55.82,0.0,0.28,,N,,12.64
010HI,2024-01-16T00:20:00Z,17.889,78.41,1.353,11.86,785.75,,,0.0,,,,12.94,54.55,0.0,0.0,,NNE,,14.05
010HI,2024-01-16T00:25:00Z,17.5,75.0,1.209,354.4,774.55,,,0.0,,,,,54.27,0.0,0.0,,N,,12.99
010HI,2024-01-16T00:30:00Z,17.317,86.82,0.731,332.0,762.24,,,0.0,,,,12.96,51.77,0.0,0.0,,NNW,,15.08
010HI,2024-01-16T00:35:00Z,17.328,77.08,0.869,331.2,752.16,,,0.0,,,,,51.89,0.0,0.0,,NNW,,13.24
010HI,2024-01-16T00:40:00Z,17.478,76.25,1.142,359.5,739.54,,,0.0,,,,12.97,50.54,0.0,0.0,,N,,13.22
010HI,2024-01-16T00:45:00Z,17.422,60.44,0.839,339.7,727.44,,,0.0,,,,,49.44,0.0,0.0,,NNW,,9.63
010HI,2024-01-16T00:50:00Z,17.633,61.36,1.08,349.1,714.2,,,0.0,,,,13.0,48.37,0.0,0.0,,N,,10.06
010HI,2024-01-16T00:55:00Z,17.772,58.89,1.08,14.23,699.36,,,0.0,,,,,47.38,0.0,0.0,,NNE,,9.57
010HI,2024-01-16T01:00:00Z,17.683,70.23,0.911,336.7,683.43,,,0.0,,,,12.99,45.55,0.0,0.0,,NNW,,12.16
010HI,2024-01-16T01:05:00Z,17.533,73.97,0.376,356.0,664.58,,,0.0,,,,,44.91,0.0,0.0,,N,,12.81
010HI,2024-01-16T01:10:00Z,17.6,73.73,1.291,1.47,652.25,,,0.0,,,,13.0,44.31,0.0,0.09,,N,,12.82
010HI,2024-01-16T01:15:00Z,17.489,71.99,0.983,353.0,635.19,,,0.0,,,,,41.74,0.0,0.0,,N,,12.35
010HI,2024-01-16T01:20:00Z,17.5,69.33,0.813,336.2,619.35,,,0.0,,,,12.99,41.11,0.0,0.0,,NNW,,11.78
010HI,2024-01-16T01:25:00Z,17.644,70.8,0.751,1.14,602.07,,,0.0,,,,,40.43,0.0,0.0,,N,,12.24
010HI,2024-01-16T01:30:00Z,17.539,78.45,1.214,341.6,586.19,,,0.0,,,,13.0,38.84,0.0,0.0,,NNW,,13.72
010HI,2024-01-16T01:35:00Z,17.278,81.02,1.111,340.3,567.86,,,0.0,,,,,36.78,0.0,0.0,,NNW,,13.97
010HI,2024-01-16T01:40:00Z,17.078,72.71,0.736,359.1,550.59,,,0.0,,,,12.99,36.52,0.0,0.0,,N,,12.1
010HI,2024-01-16T01:45:00Z,17.111,80.92,0.484,310.0,531.77,,,0.0,,,,,33.9,0.0,0.0,,NW,,13.78
010HI,2024-01-16T01:50:00Z,17.15,86.36,0.458,358.3,512.87,,,0.0,,,,13.0,33.45,0.0,0.0,,N,,14.84
010HI,2024-01-16T01:55:00Z,17.044,92.23,1.019,342.5,495.11,,,0.0,,,,,30.63,0.0,0.0,,NNW,,15.76
010HI,2024-01-16T02:00:00Z,16.556,95.1,0.504,340.5,475.37,,,0.0,,,,13.04,30.53,0.0,0.0,,NNW,,15.76
010HI,2024-01-16T02:05:00Z,16.456,89.71,0.175,325.2,454.8,,,0.0,,,,,33.75,0.0,0.0,,NW,,14.75
010HI,2024-01-16T02:10:00Z,16.7,89.84,0.237,319.1,438.3,,,0.0,,,,13.13,31.08,0.0,0.0,,NW,,15.01
010HI,2024-01-16T02:15:00Z,16.778,80.22,0.55,342.3,419.74,,,0.0,,,,,29.43,0.0,0.12,,NNW,,13.32
010HI,2024-01-16T02:20:00Z,16.811,79.29,0.288,4.1,397.69,,,0.0,,,,13.1,27.86,0.0,0.0,,N,,13.18
010HI,2024-01-16T02:25:00Z,16.839,75.64,0.782,15.49,376.14,,,0.0,,,,,25.03,0.0,0.12,,NNE,,12.48
010HI,2024-01-16T02:30:00Z,16.85,79.86,0.216,348.1,352.37,,,0.0,,,,13.06,22.34,0.0,0.0,,NNW,,13.32
010HI,2024-01-16T02:35:00Z,17.061,78.42,0.211,8.44,330.85,,,0.0,,,,,20.02,0.0,0.0,,N,,13.25
010HI,2024-01-16T02:40:00Z,17.239,77.71,0.35,290.5,310.03,,,0.0,,,,13.06,18.05,0.0,0.0,,WNW,,13.28
010HI,2024-01-16T02:45:00Z,17.378,79.59,0.268,351.5,288.75,,,0.0,,,,,15.07,0.0,0.0,,N,,13.79
010HI,2024-01-16T02:50:00Z,17.211,82.32,0.859,295.2,266.14,,,0.0,,,,13.08,15.65,0.0,0.0,,WNW,,14.15
010HI,2024-01-16T02:55:00Z,16.972,87.77,0.535,301.0,245.2,,,0.0,,,,,11.21,0.0,0.0,,WNW,,14.91
010HI,2024-01-16T03:00:00Z,16.917,92.82,0.37,247.7,223.62,,,0.0,,,,13.08,10.67,0.0,0.0,,WSW,,15.74
010HI,2024-01-16T03:05:00Z,16.922,88.54,0.55,196.1,204.24,,,0.0,,,,,10.27,0.0,0.0,,SSW,,15.0
010HI,2024-01-16T03:10:00Z,16.911,87.31,0.622,291.7,183.9,,,0.0,,,,13.17,5.94,0.0,0.0,,WNW,,14.77
010HI,2024-01-16T03:15:00Z,16.772,97.75,0.242,273.4,161.34,,,0.0,,,,,1.85,0.0,0.0,,W,,16.41
010HI,2024-01-16T03:20:00Z,17.039,88.82,0.051,295.4,127.19,,,0.0,,,,13.02,0.0,0.0,0.0,,WNW,,15.17
010HI,2024-01-16T03:25:00Z,16.878,83.39,0.581,220.1,25.68,,,0.0,,,,,0.0,0.0,0.0,,SW,,14.02
010HI,2024-01-16T03:30:00Z,16.506,94.23,0.406,230.5,9.04,,,0.0,,,,12.73,0.0,0.0,0.0,,SW,,15.57
010HI,2024-01-16T03:35:00Z,16.139,94.67,0.123,287.6,8.39,,,0.0,,,,,0.0,0.0,0.0,,WNW,,15.28
010HI,2024-01-16T03:40:00Z,15.889,95.1,0.123,327.3,9.2,,,0.0,,,,12.82,0.0,0.0,0.0,,NNW,,15.1
010HI,2024-01-16T03:45:00Z,15.644,96.17,0.242,209.3,8.25,,,0.0,,,,,0.03,0.0,0.0,,SSW,,15.03
010HI,2024-01-16T03:50:00Z,15.483,97.34,0.237,321.7,6.88,,,0.0,,,,12.87,1.11,0.0,0.0,,NW,,15.06
010HI,2024-01-16T03:55:00Z,15.333,97.6,0.082,190.4,5.1,,,0.0,,,,,1.72,0.0,0.0,,S,,14.95
010HI,2024-01-16T04:00:00Z,15.267,98.63,0.694,136.7,4.66,,,0.0,,,,12.84,2.46,0.0,0.0,,SE,,15.05
010HI,2024-01-16T04:05:00Z,15.156,98.94,0.864,151.5,2.6,,,0.0,,,,,2.82,0.0,0.0,,SSE,,14.99
010HI,2024-01-16T04:10:00Z,15.144,99.25,0.972,73.11,1.11,,,0.0,,,,12.76,3.21,0.0,0.0,,ENE,,15.03
010HI,2024-01-16T04:15:00Z,15.067,99.0,1.065,93.6,0.0,,,0.0,,,,,3.34,0.0,0.0,,E,,14.91
010HI,2024-01-16T04:20:00Z,14.906,98.96,1.194,103.4,0.0,,,0.0,,,,12.71,3.26,0.0,0.0,,ESE,,14.74
010HI,2024-01-16T04:25:00Z,14.856,98.47,0.473,83.3,0.0,,,0.0,,,,,3.61,0.0,0.0,,E,,14.61
010HI,2024-01-16T04:30:00Z,14.894,96.85,0.453,70.0,0.0,,,0.0,,,,12.69,4.35,0.0,0.0,,ENE,,14.39
010HI,2024-01-16T04:35:00Z,14.839,95.21,0.653,77.39,0.0,,,0.0,,,,,4.3,0.0,0.0,,ENE,,14.07
010HI,2024-01-16T04:40:00Z,14.872,94.73,0.828,92.3,0.0,,,0.0,,,,12.67,4.44,0.0,0.0,,E,,14.03
010HI,2024-01-16T04:45:00Z,14.894,93.78,0.936,102.4,0.0,,,0.0,,,,,4.53,0.0,0.0,,ESE,,13.89
010HI,2024-01-16T04:50:00Z,14.806,92.91,0.741,119.6,0.0,,,0.0,,,,12.65,4.39,0.0,0.0,,ESE,,13.66
010HI,2024-01-16T04:55:00Z,14.822,92.12,0.849,92.0,0.0,,,0.0,,,,,4.57,0.0,0.0,,E,,13.54
010HI,2024-01-16T05:00:00Z,14.894,91.24,0.931,57.36,0.0,,,0.0,,,,12.64,4.9,0.0,0.0,,ENE,,13.47
010HI,2024-01-16T05:05:00Z,14.889,89.56,0.833,95.4,0.0,,,0.0,,,,,4.75,0.0,0.0,,E,,13.17
010HI,2024-01-16T05:10:00Z,14.978,89.62,1.008,109.3,0.0,,,0.0,,,,12.55,3.85,0.0,0.0,,ESE,,13.27
010HI,2024-01-16T05:15:00Z,14.956,91.15,1.132,86.3,0.0,,,0.0,,,,,2.23,0.0,0.0,,E,,13.51
010HI,2024-01-16T05:20:00Z,14.867,90.32,1.085,100.4,0.0,,,0.0,,,,12.42,1.16,0.0,0.0,,E,,13.28
010HI,2024-01-16T05:25:00Z,14.839,93.15,1.523,101.6,0.0,,,0.0,,,,,0.77,0.0,0.0,,ESE,,13.73
010HI,2024-01-16T05:30:00Z,14.75,90.86,1.482,95.5,0.0,,,0.0,,,,12.41,0.34,0.0,0.0,,E,,13.26
010HI,2024-01-16T05:35:00Z,14.739,90.5,1.353,97.0,0.0,,,0.0,,,,,0.16,0.0,0.0,,E,,13.19
010HI,2024-01-16T05:40:00Z,14.744,94.04,1.595,100.3,0.0,,,0.0,,,,12.4,0.05,0.0,0.0,,E,,13.79
010HI,2024-01-16T05:45:00Z,14.622,91.39,1.096,102.5,0.0,,,0.0,,,,,0.0,0.0,0.0,,ESE,,13.22
010HI,2024-01-16T05:50:00Z,14.511,91.91,1.574,98.4,0.0,,,0.0,,,,12.39,0.0,0.0,0.0,,E,,13.2
010HI,2024-01-16T05:55:00Z,14.478,93.98,0.787,89.3,0.0,,,0.0,,,,,0.0,0.0,0.0,,E,,13.51
010HI,2024-01-16T06:00:00Z,14.539,95.02,1.379,102.1,0.0,,,0.0,,,,12.46,0.78,0.0,0.0,,ESE,,13.74
010HI,2024-01-16T06:05:00Z,14.528,95.77,1.363,100.6,0.0,,,0.0,,,,,2.27,0.0,0.0,,E,,13.85
010HI,2024-01-16T06:10:00Z,14.45,96.01,1.096,102.2,0.0,,,0.0,,,,12.56,2.86,0.0,0.0,,ESE,,13.82
010HI,2024-01-16T06:15:00Z,14.411,95.75,0.983,111.2,0.0,,,0.0,,,,,3.36,0.0,0.0,,ESE,,13.73
010HI,2024-01-16T06:20:00Z,14.267,95.79,1.368,111.8,0.0,,,0.0,,,,12.57,3.32,0.0,0.0,,ESE,,13.6
010HI,2024-01-16T06:25:00Z,14.35,97.35,0.941,102.4,0.0,,,0.0,,,,,3.55,0.0,0.0,,ESE,,13.93
010HI,2024-01-16T06:30:00Z,,97.94,1.317,108.3,0.0,,,0.0,,,,12.57,3.84,0.0,0.0,,ESE,,
010HI,2024-01-16T06:35:00Z,14.417,97.94,1.548,107.2,0.0,,,0.0,,,,,3.77,0.0,0.01,,ESE,,14.09
010HI,2024-01-16T06:40:00Z,14.289,98.06,1.543,114.9,0.0,,,0.0,,,,12.57,3.79,0.0,0.0,,ESE,,13.98
010HI,2024-01-16T06:45:00Z,14.111,96.98,1.677,112.4,0.0,,,0.0,,,,,4.06,0.0,0.02,,ESE,,13.63
010HI,2024-01-16T06:50:00Z,14.022,96.69,1.718,109.9,0.0,,,0.0,,,,12.56,3.78,0.0,0.01,,ESE,,13.5
010HI,2024-01-16T06:55:00Z,14.106,97.64,1.929,104.7,0.0,,,0.0,,,,,3.77,0.0,0.0,,ESE,,13.73
010HI,2024-01-16T07:00:00Z,14.156,97.69,1.955,105.2,0.0,,,0.0,,,,12.56,3.73,0.0,2.0,,ESE,,13.79
010HI,2024-01-16T07:05:00Z,14.228,97.8,1.533,112.9,0.0,,,0.0,,,,,3.77,0.0,0.0,,ESE,,13.88
010HI,2024-01-16T07:10:00Z,14.233,97.42,1.538,107.8,0.0,,,0.0,,,,12.56,3.92,0.0,0.0,,ESE,,13.83
010HI,2024-01-16T07:15:00Z,14.25,97.37,1.816,87.3,0.0,,,0.0,,,,,3.8,0.0,0.01,,E,,13.83
010HI,2024-01-16T07:20:00Z,14.25,97.64,1.281,103.9,0.0,,,0.0,,,,12.55,3.8,0.0,0.0,,ESE,,13.88
010HI,2024-01-16T07:25:00Z,14.233,97.52,1.111,116.8,0.0,,,0.0,,,,,3.84,0.0,0.02,,ESE,,13.84
010HI,2024-01-16T07:30:00Z,14.156,97.0,1.029,96.2,0.0,,,0.0,,,,12.55,3.92,0.0,0.01,,E,,13.68
010HI,2024-01-16T07:35:00Z,14.122,97.03,0.89,114.1,0.0,,,0.0,,,,,3.96,0.0,0.01,,ESE,,13.65
010HI,2024-01-16T07:40:00Z,14.039,97.18,1.26,117.4,0.0,,,0.0,,,,12.55,3.84,0.0,0.01,,ESE,,13.59
010HI,2024-01-16T07:45:00Z,14.117,97.39,1.302,104.8,0.0,,,0.0,,,,,4.1,0.0,0.01,,ESE,,13.71
010HI,2024-01-16T07:50:00Z,14.05,97.25,1.116,105.3,0.0,,,0.0,,,,12.55,3.98,0.0,0.0,,ESE,,13.62
010HI,2024-01-16T07:55:00Z,14.1,97.42,1.183,107.5,0.0,,,0.0,,,,,4.08,0.0,0.01,,ESE,,13.69
010HI,2024-01-16T08:00:00Z,14.094,96.96,1.08,98.6,0.0,,,0.0,,,,12.54,4.22,0.0,0.01,,E,,13.61
010HI,2024-01-16T08:05:00Z,14.056,96.81,0.9,84.9,0.0,,,0.0,,,,,4.21,0.0,0.0,,E,,13.55
010HI,2024-01-16T08:10:00Z,14.056,97.13,0.334,80.9,0.0,,,0.0,,,,12.54,4.24,0.0,0.01,,E,,13.6
010HI,2024-01-16T08:15:00Z,14.039,97.49,0.334,128.9,0.0,,,0.0,,,,,3.93,0.0,0.02,,SE,,13.64
010HI,2024-01-16T08:20:00Z,14.044,97.49,0.345,124.8,0.0,,,0.0,,,,12.51,4.11,0.0,0.02,,SE,,13.65
010HI,2024-01-16T08:25:00Z,14.061,97.34,0.129,68.84,0.0,,,0.0,,,,,4.37,0.0,0.01,,ENE,,13.64
010HI,2024-01-16T08:30:00Z,13.956,97.46,0.123,76.53,0.0,,,0.0,,,,12.54,4.02,0.0,0.03,,ENE,,13.56
010HI,2024-01-16T08:35:00Z,13.85,97.85,0.154,125.1,0.0,,,0.0,,,,,3.71,0.0,0.01,,SE,,13.51
010HI,2024-01-16T08:40:00Z,13.861,98.59,0.231,79.8,0.0,,,0.0,,,,12.53,3.83,0.0,0.01,,E,,13.64
010HI,2024-01-16T08:45:00Z,13.872,98.88,0.093,134.4,0.0,,,0.0,,,,,3.68,0.0,0.02,,SE,,13.7
010HI,2024-01-16T08:50:00Z,13.911,98.43,0.628,94.4,0.0,,,0.0,,,,12.53,3.86,0.0,0.03,,E,,13.66
010HI,2024-01-16T08:55:00Z,13.978,97.25,1.353,83.8,0.0,,,0.0,,,,,4.39,0.0,0.02,,E,,13.54
010HI,2024-01-16T09:00:00Z,14.028,96.31,1.718,69.06,0.0,,,0.0,,,,12.53,5.09,0.0,0.02,,ENE,,13.44
010HI,2024-01-16T09:05:00Z,13.967,95.51,1.019,56.24,0.0,,,0.0,,,,,5.59,0.0,0.0,,NE,,13.25
010HI,2024-01-16T09:10:00Z,14.072,91.86,0.859,54.57,0.0,,,0.0,,,,12.53,7.47,0.0,0.01,,NE,,12.76
010HI,2024-01-16T09:15:00Z,14.439,91.79,1.404,33.31,0.0,,,0.0,,,,,7.46,0.0,0.01,,NNE,,13.11
010HI,2024-01-16T09:20:00Z,14.356,92.78,1.137,37.37,0.0,,,0.0,,,,12.52,6.15,0.0,0.0,,NE,,13.19
010HI,2024-01-16T09:25:00Z,14.344,91.86,1.579,47.62,0.0,,,0.0,,,,,5.9,0.0,0.02,,NE,,13.03
010HI,2024-01-16T09:30:00Z,14.556,74.79,1.538,47.49,0.0,,,0.0,,,,12.52,6.84,0.0,0.03,,NE,,10.09
010HI,2024-01-16T09:35:00Z,14.678,59.75,1.085,72.08,0.0,,,0.0,,,,,5.39,0.0,0.0,,ENE,,6.87
010HI,2024-01-16T09:40:00Z,14.956,48.15,0.731,6.38,0.0,,,0.0,,,,12.35,4.04,0.0,0.0,,N,,4.0
010HI,2024-01-16T09:45:00Z,15.383,36.14,1.204,141.8,0.0,,,0.0,,,,,3.53,0.0,0.0,,SE,,0.35
010HI,2024-01-16T09:50:00Z,15.7,33.6,1.554,139.3,0.0,,,0.0,,,,12.33,2.62,0.0,0.0,,SE,,-0.37
010HI,2024-01-16T09:55:00Z,15.906,30.55,1.903,128.2,0.0,,,0.0,,,,,2.05,0.0,0.0,,SE,,-1.5
