# STATION: 011HI
# STATION NAME: Lyon
# LATITUDE: 21.33300
# LONGITUDE: -157.80250
# ELEVATION [ft]: 495.0
# STATE: HI
Station_ID,Date_Time,pressure_set_1,air_temp_set_1,relative_humidity_set_1,wind_speed_set_1,wind_direction_set_1,wind_gust_set_1,solar_radiation_set_1,soil_temp_set_1,precip_accum_five_minute_set_1,soil_moisture_set_1,soil_moisture_set_2,soil_moisture_set_3,volt_set_1,net_radiation_set_1,net_radiation_sw_set_1,net_radiation_lw_set_1,outgoing_radiation_sw_set_1,incoming_radiation_lw_set_1,outgoing_radiation_lw_set_1,wind_chill_set_1d,wind_cardinal_direction_set_1d,heat_index_set_1d,dew_point_temperature_set_1d,altimeter_set_1d,sea_level_pressure_set_1d,wet_bulb_temperature_set_1d
,,Pascals,Celsius,%,m/s,Degrees,m/s,W/m**2,Celsius,Millimeters,%,%,%,volts,W/m**2,W/m**2,W/m**2,W/m**2,W/m**2,W/m**2,Celsius,code,Celsius,Celsius,Pascals,Pascals,Celsius
011HI,2024-01-15T10:05:00Z,99370.0,16.922,100.0,0.309,6.38,0.586,0.0,,0.0,51.4,49.7,56.3,12.49,-64.65,-5.21,-59.44,1.83,336.08,395.52,,N,,16.92,101167.63,101148.31,
011HI,2024-01-15T10:10:00Z,99360.0,16.922,100.0,0.298,4.51,0.622,0.0,,0.0,51.4,49.7,56.3,12.49,-64.84,-5.3,-59.54,1.92,336.09,395.63,,N,,16.92,101157.45,101138.13,
011HI,2024-01-15T10:15:00Z,99350.0,16.961,100.0,0.231,6.06,0.489,0.0,,0.0,51.4,49.7,56.3,12.48,-65.45,-5.38,-60.08,1.93,335.46,395.54,,N,,16.96,101147.26,101127.71,
011HI,2024-01-15T10:20:00Z,99340.0,16.9,100.0,0.165,7.67,0.586,0.0,,0.0,51.4,49.7,56.3,12.48,-65.75,-5.53,-60.22,1.83,335.04,395.27,,N,,16.9,101137.08,101117.9,
011HI,2024-01-15T10:25:00Z,99340.0,16.9,100.0,0.103,3.93,0.458,0.0,,0.0,51.4,49.7,56.3,12.48,-65.65,-5.53,-60.12,1.95,334.98,395.1,,N,,16.9,101137.08,101117.9,
011HI,2024-01-15T10:30:00Z,99330.0,16.9,100.0,0.144,3.62,0.329,0.0,,0.0,51.4,49.7,56.3,12.48,-65.39,-5.42,-59.98,1.84,334.9,394.88,,N,,16.9,101126.9,101107.73,
011HI,2024-01-15T10:35:00Z,99330.0,16.878,100.0,0.391,6.68,0.72,0.0,,0.0,51.4,49.7,56.3,12.48,-65.09,-5.23,-59.87,1.86,335.49,395.36,,N,,16.88,101126.9,101107.86,
011HI,2024-01-15T10:40:00Z,99330.0,16.928,100.0,0.237,1.8,0.36,0.0,,0.0,51.4,49.7,56.3,12.47,-64.9,-5.2,-59.69,1.87,335.77,395.47,,N,,16.93,101126.9,101107.55,
011HI,2024-01-15T10:45:00Z,99340.0,16.922,100.0,0.334,4.05,0.684,0.0,,0.0,51.4,49.7,56.3,12.48,-64.5,-5.23,-59.27,1.77,336.28,395.55,,N,,16.92,101137.08,101117.77,
011HI,2024-01-15T10:50:00Z,99330.0,16.85,100.0,0.139,3.55,0.293,0.0,,0.0,51.4,49.7,56.3,12.47,-64.91,-5.39,-59.52,1.7,335.35,394.87,,N,,16.85,101126.9,101108.03,
011HI,2024-01-15T10:55:00Z,99340.0,16.8,100.0,0.319,6.31,0.684,0.0,,0.0,51.4,49.7,56.3,12.47,-64.97,-5.29,-59.69,1.76,335.23,394.92,,N,,16.8,101137.08,101118.52,
011HI,2024-01-15T11:00:00Z,99340.0,16.739,100.0,0.211,5.93,0.586,0.0,,0.0,51.4,49.7,56.3,12.47,-64.45,-5.31,-59.14,1.76,335.56,394.7,,N,,16.74,101137.08,101118.9,
011HI,2024-01-15T11:05:00Z,99340.0,16.678,100.0,0.134,4.51,0.293,0.0,,0.0,51.4,49.7,56.3,12.47,-64.67,-5.33,-59.34,1.62,334.87,394.21,,N,,16.68,101137.08,101119.28,
011HI,2024-01-15T11:10:00Z,99340.0,16.6,100.0,0.175,4.09,0.293,0.0,,0.0,51.4,49.7,56.3,12.46,-64.28,-5.32,-58.97,1.64,335.04,394.01,,N,,16.6,101137.08,101119.76,
011HI,2024-01-15T11:15:00Z,99340.0,16.628,100.0,0.329,5.51,0.72,0.0,,0.0,51.4,49.7,56.3,12.46,-63.96,-5.19,-58.77,1.9,335.41,394.19,,N,,16.63,101137.08,101119.59,
011HI,2024-01-15T11:20:00Z,99340.0,16.7,100.0,0.231,5.79,0.525,0.0,,0.0,51.4,49.7,56.3,12.46,-63.72,-5.11,-58.62,1.77,335.68,394.29,,N,,16.7,101137.08,101119.14,
011HI,2024-01-15T11:25:00Z,99330.0,16.661,100.0,0.216,5.77,0.556,0.0,,0.0,51.4,49.7,56.3,12.46,-64.04,-5.19,-58.85,1.66,335.44,394.29,,N,,16.66,101126.9,101109.2,
011HI,2024-01-15T11:30:00Z,99330.0,16.511,100.0,0.159,4.0,0.36,0.0,,0.0,51.4,49.6,56.3,12.46,-64.54,-5.37,-59.17,1.65,334.67,393.85,,N,,16.51,101126.9,101110.13,
011HI,2024-01-15T11:35:00Z,99320.0,16.611,100.0,0.391,4.89,0.782,0.0,,0.0,51.4,49.7,56.3,12.45,-64.3,-5.24,-59.06,1.94,335.0,394.06,,N,,16.61,101116.72,101099.34,
011HI,2024-01-15T11:40:00Z,99320.0,16.65,100.0,0.437,5.93,0.782,0.0,,0.0,51.4,49.7,56.3,12.45,-64.26,-5.27,-59.0,1.89,335.28,394.28,,N,,16.65,101116.72,101099.09,
011HI,2024-01-15T11:45:00Z,99310.0,16.639,100.0,0.298,4.71,0.556,0.0,,0.0,51.4,49.7,56.3,12.45,-64.63,-5.31,-59.32,1.83,334.92,394.24,,N,,16.64,101106.54,101088.98,
011HI,2024-01-15T11:50:00Z,99310.0,16.65,100.0,0.175,0.93,0.293,0.0,,0.0,51.4,49.6,56.3,12.45,-64.83,-5.35,-59.48,1.8,334.51,394.0,,N,,16.65,101106.54,101088.91,
011HI,2024-01-15T11:55:00Z,99320.0,16.6,100.0,0.185,1.91,0.293,0.0,,0.0,51.4,49.6,56.3,12.44,-65.1,-5.37,-59.72,1.69,333.93,393.66,,N,,16.6,101116.72,101099.4,
011HI,2024-01-15T12:00:00Z,99320.0,16.561,100.0,0.247,6.19,0.586,0.0,,0.0,51.4,49.6,56.3,12.44,-64.98,-5.36,-59.62,1.75,333.96,393.58,,N,,16.56,101116.72,101099.65,
011HI,2024-01-15T12:05:00Z,99320.0,16.511,100.0,0.396,7.35,0.849,0.0,,0.0,51.4,49.7,56.3,12.44,-64.45,-5.32,-59.13,1.75,334.31,393.44,,N,,16.51,101116.72,101099.96,
011HI,2024-01-15T12:10:00Z,99310.0,16.55,100.0,0.468,4.48,0.818,0.0,,0.0,51.4,49.7,56.3,12.43,-64.41,-5.21,-59.21,1.9,334.56,393.76,,N,,16.55,101106.54,101089.53,
011HI,2024-01-15T12:15:00Z,99300.0,16.528,100.0,0.231,3.98,0.684,0.0,,0.0,51.4,49.6,56.3,12.44,-64.46,-5.42,-59.04,1.74,334.32,393.36,,N,,16.53,101096.36,101079.49,
011HI,2024-01-15T12:20:00Z,99300.0,16.5,100.0,0.046,,0.329,0.0,,0.0,51.4,49.7,56.3,12.43,-64.71,-5.53,-59.17,1.8,333.87,393.04,,,,16.5,101096.36,101079.66,
011HI,2024-01-15T12:25:00Z,99290.0,16.472,100.0,0.252,4.98,0.653,0.0,,0.0,51.4,49.7,56.3,12.43,-64.72,-5.43,-59.29,1.9,333.67,392.95,,N,,16.47,101086.18,101069.66,
011HI,2024-01-15T12:30:00Z,99280.0,16.5,100.0,0.237,7.04,0.586,0.0,,0.0,51.4,49.6,56.3,12.43,-64.78,-5.25,-59.53,1.91,333.6,393.13,,N,,16.5,101076.0,101059.31,
011HI,2024-01-15T12:35:00Z,99270.0,16.522,100.0,0.098,5.81,0.556,0.0,,0.0,51.4,49.7,56.3,12.42,-64.92,-5.38,-59.54,1.77,333.31,392.85,,N,,16.52,101065.82,101048.99,
011HI,2024-01-15T12:40:00Z,99270.0,16.461,100.0,0.247,7.43,0.622,0.0,,0.0,51.4,49.7,56.3,12.43,-64.93,-5.36,-59.57,1.73,333.02,392.6,,N,,16.46,101065.82,101049.37,
011HI,2024-01-15T12:45:00Z,99270.0,16.5,100.0,0.365,3.92,0.751,0.0,,0.0,51.4,49.7,56.3,12.42,-64.47,-5.18,-59.29,1.82,333.82,393.11,,N,,16.5,101065.82,101049.13,
011HI,2024-01-15T12:50:00Z,99270.0,16.522,100.0,0.448,5.22,0.751,0.0,,0.0,51.4,49.7,56.3,12.42,-63.97,-5.15,-58.81,1.77,334.56,393.37,,N,,16.52,101065.82,101048.99,
011HI,2024-01-15T12:55:00Z,99270.0,16.489,100.0,0.257,1.21,0.36,0.0,,0.0,51.4,49.7,56.3,12.42,-64.11,-5.14,-58.97,1.66,334.37,393.34,,N,,16.49,101065.82,101049.2,
011HI,2024-01-15T13:00:00Z,99270.0,16.472,100.0,0.242,6.06,0.782,0.0,,0.0,51.4,49.7,56.3,12.41,-63.69,-5.18,-58.51,1.7,334.75,393.26,,N,,16.47,101065.82,101049.3,
011HI,2024-01-15T13:05:00Z,99270.0,16.45,100.0,0.087,3.64,0.293,0.0,,0.0,51.4,49.7,56.3,12.41,-64.05,-5.33,-58.72,1.76,334.15,392.87,,N,,16.45,101065.82,101049.44,
011HI,2024-01-15T13:10:00Z,99260.0,16.378,100.0,0.087,5.91,0.36,0.0,,0.0,51.4,49.7,56.3,12.41,-64.33,-5.29,-59.04,1.67,333.62,392.66,,N,,16.38,101055.64,101039.7,
011HI,2024-01-15T13:15:00Z,99260.0,16.372,100.0,0.01,0.33,0.195,0.0,,0.0,51.4,49.6,56.3,12.41,-64.2,-5.38,-58.83,1.75,333.52,392.35,,N,,16.37,101055.64,101039.74,
011HI,2024-01-15T13:20:00Z,99260.0,16.311,100.0,0.0,,0.0,0.0,,0.0,51.4,49.6,56.3,12.4,-63.09,-5.29,-57.79,1.58,333.32,391.12,,,,16.31,101055.64,101040.12,
011HI,2024-01-15T13:25:00Z,99260.0,16.272,100.0,0.129,0.33,0.391,0.0,,0.0,51.4,49.7,56.3,12.4,-62.82,-5.33,-57.49,1.76,333.26,390.75,,N,,16.27,101055.64,101040.36,
011HI,2024-01-15T13:30:00Z,99260.0,16.378,100.0,0.123,4.0,0.36,0.0,,0.0,51.4,49.7,56.3,12.4,-63.37,-5.31,-58.06,1.99,333.37,391.43,,N,,16.38,101055.64,101039.7,
011HI,2024-01-15T13:35:00Z,99260.0,16.261,100.0,0.021,2.86,0.165,0.0,,0.0,51.4,49.7,56.3,12.4,-64.14,-5.24,-58.9,1.69,332.52,391.42,,N,,16.26,101055.64,101040.43,
011HI,2024-01-15T13:40:00Z,99260.0,16.25,100.0,0.026,2.3,0.262,0.0,,0.0,51.4,49.7,56.3,12.4,-63.84,-5.18,-58.66,1.7,332.75,391.41,,N,,16.25,101055.64,101040.5,
011HI,2024-01-15T13:45:00Z,99260.0,16.05,100.0,0.082,2.21,0.195,0.0,,0.0,51.4,49.7,56.3,12.39,-64.22,-5.24,-58.99,1.41,332.03,391.02,,N,,16.05,101055.64,101041.74,
011HI,2024-01-15T13:50:00Z,99260.0,16.122,100.0,0.17,3.28,0.36,0.0,,0.0,51.4,49.7,56.3,12.39,-64.05,-4.99,-59.06,1.7,332.19,391.25,,N,,16.12,101055.64,101041.29,
011HI,2024-01-15T13:55:00Z,99270.0,16.139,100.0,0.221,3.15,0.427,0.0,,0.0,51.4,49.6,56.3,12.39,-63.72,-4.99,-58.73,1.6,332.86,391.59,,N,,16.14,101065.82,101051.37,
011HI,2024-01-15T14:00:00Z,99270.0,16.15,100.0,0.278,3.4,0.525,0.0,,0.0,51.4,49.7,56.3,12.38,-63.54,-5.05,-58.49,1.55,332.9,391.39,,N,,16.15,101065.82,101051.3,
011HI,2024-01-15T14:05:00Z,99270.0,16.139,100.0,0.288,5.65,0.684,0.0,,0.0,51.4,49.7,56.3,12.39,-63.88,-5.2,-58.68,1.65,332.75,391.43,,N,,16.14,101065.82,101051.37,
011HI,2024-01-15T14:10:00Z,99270.0,16.139,100.0,0.381,1.56,0.684,0.0,,0.0,51.4,49.7,56.3,12.38,-63.56,-5.21,-58.35,1.68,333.0,391.36,,N,,16.14,101065.82,101051.37,
011HI,2024-01-15T14:15:00Z,99270.0,16.139,100.0,0.442,0.95,0.72,0.0,,0.0,51.4,49.7,56.3,12.38,-63.54,-5.2,-58.34,1.73,333.12,391.46,,N,,16.14,101065.82,101051.37,
011HI,2024-01-15T14:20:00Z,99270.0,16.15,100.0,0.484,1.24,0.586,0.0,,0.0,51.4,49.7,56.3,12.38,-63.46,-5.23,-58.23,1.72,333.13,391.36,,N,,16.15,101065.82,101051.3,
011HI,2024-01-15T14:25:00Z,99270.0,16.139,100.0,0.195,2.05,0.586,0.0,,0.0,51.4,49.7,56.3,12.37,-63.34,-5.13,-58.21,1.66,332.9,391.11,,N,,16.14,101065.82,101051.37,
011HI,2024-01-15T14:30:00Z,99270.0,15.989,100.0,0.046,0.77,0.195,0.0,,0.0,51.4,49.7,56.3,12.37,-63.15,-5.07,-58.08,1.45,332.65,390.73,,N,,15.99,101065.82,101052.3,
011HI,2024-01-15T14:35:00Z,99280.0,15.961,100.0,0.139,1.78,0.262,0.0,,0.0,51.4,49.7,56.3,12.37,-62.51,-5.0,-57.51,1.58,333.26,390.77,,N,,15.96,101076.0,101062.65,
011HI,2024-01-15T14:40:00Z,99270.0,15.939,100.0,0.139,3.16,0.231,0.0,,0.0,51.4,49.7,56.3,12.36,-62.5,-4.94,-57.56,1.5,333.25,390.81,,N,,15.94,101065.82,101052.61,
011HI,2024-01-15T14:45:00Z,99270.0,15.911,100.0,0.118,2.63,0.195,0.0,,0.0,51.4,49.7,56.3,12.36,-62.74,-5.01,-57.73,1.57,332.91,390.63,,N,,15.91,101065.82,101052.79,
011HI,2024-01-15T14:50:00Z,99270.0,15.961,100.0,0.185,2.48,0.458,0.0,,0.0,51.4,49.7,56.3,12.37,-62.34,-4.99,-57.35,1.66,333.26,390.61,,N,,15.96,101065.82,101052.47,
011HI,2024-01-15T14:55:00Z,99260.0,15.961,100.0,0.324,3.67,0.556,0.0,,0.0,51.4,49.7,56.3,12.36,-62.14,-4.91,-57.23,1.59,333.59,390.82,,N,,15.96,101055.64,101042.29,
011HI,2024-01-15T15:00:00Z,99260.0,15.989,100.0,0.216,1.87,0.329,0.0,,0.0,51.4,49.7,56.3,12.36,-62.11,-4.91,-57.21,1.52,333.76,390.97,,N,,15.99,101055.64,101042.12,
011HI,2024-01-15T15:05:00Z,99270.0,15.95,100.0,0.057,0.15,0.195,0.0,,0.0,51.4,49.6,56.3,12.36,-62.12,-5.07,-57.05,1.49,333.38,390.43,,N,,15.95,101065.82,101052.54,
011HI,2024-01-15T15:10:00Z,99270.0,15.939,100.0,0.17,2.58,0.293,0.0,,0.0,51.3,49.6,56.3,12.36,-62.07,-4.83,-57.25,1.59,333.32,390.57,,N,,15.94,101065.82,101052.61,
011HI,2024-01-15T15:15:00Z,99270.0,15.878,100.0,0.005,0.38,0.165,0.0,,0.0,51.4,49.6,56.3,12.35,-62.08,-4.89,-57.19,1.37,333.27,390.46,,N,,15.88,101065.82,101052.99,
011HI,2024-01-15T15:20:00Z,99270.0,15.961,100.0,0.298,2.65,0.586,0.0,,0.0,51.3,49.7,56.3,12.35,-61.61,-4.93,-56.68,1.71,333.87,390.55,,N,,15.96,101065.82,101052.47,
011HI,2024-01-15T15:25:00Z,99270.0,16.022,100.0,0.37,1.48,0.525,0.0,,0.0,51.3,49.7,56.3,12.35,-61.28,-4.93,-56.34,1.68,334.57,390.91,,N,,16.02,101065.82,101052.09,
011HI,2024-01-15T15:30:00Z,99270.0,16.05,100.0,0.206,5.55,0.427,0.0,,0.0,51.3,49.7,56.3,12.35,-60.94,-4.71,-56.23,1.54,334.87,391.1,,N,,16.05,101065.82,101051.92,
011HI,2024-01-15T15:35:00Z,99270.0,16.05,100.0,0.154,4.95,0.391,0.0,,0.0,51.3,49.7,56.3,12.35,-60.77,-4.9,-55.87,1.48,335.12,390.99,,N,,16.05,101065.82,101051.92,
011HI,2024-01-15T15:40:00Z,99270.0,15.889,100.0,0.216,6.35,0.72,0.0,,0.0,51.3,49.7,56.3,12.35,-60.96,-4.68,-56.28,1.23,334.56,390.84,,N,,15.89,101065.82,101052.92,
011HI,2024-01-15T15:45:00Z,99270.0,15.978,100.0,0.545,3.42,0.751,0.0,,0.0,51.3,49.7,56.3,12.35,-60.28,-4.63,-55.65,1.48,335.38,391.03,,N,,15.98,101065.82,101052.37,
011HI,2024-01-15T15:50:00Z,99260.0,16.011,100.0,0.319,3.68,0.72,0.0,,0.0,51.3,49.6,56.3,12.34,-60.06,-4.62,-55.45,1.43,335.69,391.13,,N,,16.01,101055.64,101041.98,
011HI,2024-01-15T15:55:00Z,99260.0,16.039,100.0,0.437,3.25,0.751,0.0,,0.0,51.3,49.7,56.3,12.34,-59.64,-4.61,-55.04,1.54,336.36,391.39,,N,,16.04,101055.64,101041.81,
011HI,2024-01-15T16:00:00Z,99260.0,15.972,100.0,0.072,0.59,0.231,0.0,,0.0,51.3,49.7,56.3,12.34,-58.91,-4.53,-54.38,1.08,336.79,391.16,,N,,15.97,101055.64,101042.23,
011HI,2024-01-15T16:05:00Z,99260.0,15.85,100.0,0.134,0.76,0.231,0.0,,0.0,51.3,49.6,56.3,12.34,-46.05,-4.15,-41.9,1.27,349.19,391.1,,N,,15.85,101055.64,101042.99,
011HI,2024-01-15T16:10:00Z,99270.0,15.928,100.0,0.221,4.5,0.489,0.0,,0.0,51.3,49.7,56.3,12.35,-26.76,-2.66,-24.1,1.27,368.04,392.14,,N,,15.93,101065.82,101052.68,
011HI,2024-01-15T16:15:00Z,99270.0,16.061,100.0,0.185,3.89,0.427,0.0,,0.0,51.4,49.7,56.3,12.34,-42.86,-3.15,-39.71,1.25,352.98,392.69,,N,,16.06,101065.82,101051.85,
011HI,2024-01-15T16:20:00Z,99280.0,16.061,100.0,0.098,3.8,0.262,0.0,,0.0,51.4,49.7,56.2,12.34,-37.28,-3.27,-34.01,1.2,358.77,392.79,,N,,16.06,101076.0,101062.03,
011HI,2024-01-15T16:25:00Z,99280.0,16.178,100.0,0.391,1.65,0.653,0.0,,0.0,51.4,49.7,56.2,12.34,-48.19,-3.72,-44.47,1.48,348.58,393.05,,N,,16.18,101076.0,101061.3,
011HI,2024-01-15T16:30:00Z,99280.0,16.261,100.0,0.35,2.48,0.556,0.0,,0.0,51.4,49.7,56.2,12.33,-54.65,-4.28,-50.37,1.46,342.64,393.01,,N,,16.26,101076.0,101060.79,
011HI,2024-01-15T16:35:00Z,99280.0,16.25,100.0,0.067,1.25,0.231,0.0,,0.0,51.4,49.7,56.3,12.34,-57.82,-4.56,-53.26,1.39,339.63,392.89,,N,,16.25,101076.0,101060.86,
011HI,2024-01-15T16:40:00Z,99280.0,16.228,100.0,0.046,0.57,0.165,0.0,,0.0,51.4,49.7,56.3,12.34,-54.87,-4.41,-50.46,1.34,342.1,392.56,,N,,16.23,101076.0,101060.99,
011HI,2024-01-15T16:45:00Z,99280.0,15.878,100.0,0.0,,0.0,0.0,,0.0,51.4,49.7,56.2,12.34,-54.96,-4.49,-50.47,0.54,340.82,391.29,,,,15.88,101076.0,101063.17,
011HI,2024-01-15T16:50:00Z,99280.0,15.828,100.0,0.0,,0.0,0.0,,0.0,51.4,49.7,56.2,12.34,-55.84,-4.57,-51.27,1.16,339.0,390.27,,,,15.83,101076.0,101063.48,
011HI,2024-01-15T16:55:00Z,99280.0,15.961,100.0,0.0,,0.031,0.0,,0.0,51.4,49.7,56.3,12.34,-56.0,-4.62,-51.39,1.95,339.33,390.71,,,,15.96,101076.0,101062.65,
011HI,2024-01-15T17:00:00Z,99280.0,16.011,100.0,0.062,1.18,0.231,0.0,,0.0,51.4,49.7,56.2,12.34,-53.98,-4.01,-49.97,1.88,340.91,390.87,,N,,16.01,101076.0,101062.34,
011HI,2024-01-15T17:05:00Z,99280.0,15.972,100.0,0.01,0.78,0.195,0.0,,0.0,51.4,49.7,56.2,12.33,-54.84,-3.38,-51.46,1.57,339.48,390.94,,N,,15.97,101076.0,101062.59,
011HI,2024-01-15T17:10:00Z,99270.0,16.05,100.0,0.067,3.42,0.458,0.0,,0.0,51.4,49.7,56.2,12.33,-53.55,-2.1,-51.45,1.94,339.65,391.1,,N,,16.05,101065.82,101051.92,
011HI,2024-01-15T17:15:00Z,99270.0,16.05,100.0,0.051,3.07,0.36,1.81,,0.0,51.4,49.7,56.2,12.34,-50.05,0.07,-50.13,1.74,340.49,390.62,,N,,16.05,101065.82,101051.92,
011HI,2024-01-15T17:20:00Z,99270.0,16.022,100.0,0.01,2.86,0.195,5.72,,0.0,51.4,49.7,56.2,12.34,-43.95,3.25,-47.2,2.48,344.13,391.33,,N,,16.02,101065.82,101052.09,
011HI,2024-01-15T17:25:00Z,99270.0,16.1,100.0,0.01,0.25,0.165,8.96,,0.0,51.4,49.7,56.2,12.34,-42.99,6.27,-49.27,2.69,342.33,391.59,,N,,16.1,101065.82,101051.61,
011HI,2024-01-15T17:30:00Z,99270.0,16.061,100.0,0.0,,0.0,11.34,,0.0,51.4,49.7,56.2,12.35,-42.21,8.71,-50.92,2.63,341.03,391.95,,,,16.06,101065.82,101051.85,
011HI,2024-01-15T17:35:00Z,99270.0,16.139,100.0,0.0,,0.0,14.61,,0.0,51.4,49.7,56.2,12.36,-39.02,11.64,-50.67,2.97,341.15,391.82,,,,16.14,101065.82,101051.37,
011HI,2024-01-15T17:40:00Z,99270.0,16.089,100.0,0.0,,0.0,17.38,,0.0,51.4,49.7,56.2,12.35,-36.29,14.36,-50.65,3.02,341.07,391.72,,,,16.09,101065.82,101051.68,
011HI,2024-01-15T17:45:00Z,99270.0,16.128,100.0,0.0,,0.031,21.19,,0.0,51.4,49.7,56.2,12.35,-32.94,17.55,-50.49,3.63,341.55,392.04,,,,16.13,101065.82,101051.44,
011HI,2024-01-15T17:50:00Z,99270.0,16.322,100.0,0.201,17.54,0.72,24.66,,0.0,51.4,49.7,56.2,12.37,-29.86,20.84,-50.7,3.82,342.28,392.98,,NNE,,16.32,101065.82,101050.23,
011HI,2024-01-15T17:55:00Z,99280.0,16.439,100.0,0.231,2.76,0.622,27.85,,0.0,51.4,49.7,56.2,12.36,-26.83,23.88,-50.71,3.97,343.43,394.14,,N,,16.44,101076.0,101059.68,
011HI,2024-01-15T18:00:00Z,99280.0,16.639,100.0,0.473,3.05,0.684,32.29,,0.0,51.4,49.7,56.2,12.4,-22.06,27.77,-49.84,4.52,345.43,395.26,,N,,16.64,101076.0,101058.45,
011HI,2024-01-15T18:05:00Z,99280.0,16.689,100.0,0.021,0.16,0.262,40.72,,0.0,51.4,49.7,56.2,12.4,-11.92,35.24,-47.16,5.47,348.63,395.8,,N,,16.69,101076.0,101058.14,
011HI,2024-01-15T18:10:00Z,99290.0,16.65,100.0,0.005,0.0,0.165,45.22,,0.0,51.4,49.7,56.2,12.78,-11.93,36.04,-47.97,9.18,348.13,396.1,,N,,16.65,101086.18,101068.56,
011HI,2024-01-15T18:15:00Z,99290.0,16.928,100.0,0.087,0.86,0.556,52.2,,0.0,51.4,49.7,56.2,13.48,-10.82,35.66,-46.48,16.54,351.52,398.0,,N,,16.93,101086.18,101066.84,
011HI,2024-01-15T18:20:00Z,99290.0,17.389,100.0,0.015,1.04,0.231,53.95,,0.0,51.4,49.7,56.2,13.5,-14.22,36.54,-50.76,17.42,350.89,401.65,,N,,17.39,101086.18,101063.99,
011HI,2024-01-15T18:25:00Z,99290.0,17.611,100.0,0.0,,0.0,57.19,,0.0,51.4,49.7,56.2,13.48,-13.3,38.56,-51.86,18.63,352.51,404.37,,,,17.61,101086.18,101062.62,
011HI,2024-01-15T18:30:00Z,99290.0,17.789,100.0,0.0,,0.0,54.43,,0.0,51.4,49.7,56.2,13.45,-24.31,35.65,-59.96,18.78,345.84,405.8,,,,17.79,101086.18,101061.53,
011HI,2024-01-15T18:35:00Z,99300.0,18.278,100.0,0.0,,0.0,82.2,,0.0,51.4,49.7,56.2,13.47,0.92,60.69,-59.77,21.5,347.76,407.53,,,,18.28,101096.36,101068.71,
011HI,2024-01-15T18:40:00Z,99300.0,18.45,100.0,0.0,,0.0,113.52,,0.0,51.4,49.7,56.2,13.13,41.4,91.61,-50.2,21.92,360.06,410.26,,,,18.45,101096.36,101067.66,
011HI,2024-01-15T18:45:00Z,99300.0,18.411,100.0,0.0,,0.0,243.14,,0.0,51.4,49.7,56.2,13.41,181.95,214.35,-32.4,28.79,378.98,411.38,,,,18.41,101096.36,101067.89,
011HI,2024-01-15T18:50:00Z,99300.0,18.761,100.0,0.026,0.29,0.293,213.27,,0.0,51.4,49.7,56.2,13.41,130.18,183.44,-53.26,29.83,360.62,413.88,,N,,18.76,101096.36,101065.76,
011HI,2024-01-15T18:55:00Z,99300.0,19.0,100.0,0.0,,0.0,304.5,,0.0,51.4,49.7,56.2,13.42,211.43,275.35,-63.93,29.14,349.65,413.57,,,,19.0,101096.36,101064.3,
011HI,2024-01-15T19:00:00Z,99300.0,19.378,100.0,0.0,,0.0,235.02,,0.0,51.4,49.7,56.2,13.21,157.08,211.49,-54.42,23.53,360.76,415.17,,,,19.38,101096.36,101062.0,
011HI,2024-01-15T19:05:00Z,99310.0,19.522,100.0,0.0,,0.0,238.11,,0.0,51.4,49.7,56.2,13.39,170.44,209.56,-39.12,28.55,377.08,416.2,,,,19.52,101106.54,101071.3,
011HI,2024-01-15T19:10:00Z,99310.0,19.789,100.0,0.0,,0.0,319.92,,0.0,51.4,49.7,56.2,13.39,234.31,285.01,-50.7,34.91,368.11,418.81,,,,19.79,101106.54,101069.68,
011HI,2024-01-15T19:15:00Z,99310.0,19.889,99.9,0.0,,0.0,233.35,,0.0,51.4,49.7,56.2,13.39,165.17,205.98,-40.81,27.37,378.45,419.26,,,,19.87,101106.54,101069.07,
011HI,2024-01-15T19:20:00Z,99310.0,20.089,99.8,0.0,,0.0,183.51,,0.0,51.4,49.7,56.2,13.32,128.64,159.8,-31.16,23.71,389.46,420.63,,,,20.06,101106.54,101067.86,
011HI,2024-01-15T19:25:00Z,99310.0,20.289,98.7,0.0,,0.0,351.74,,0.0,51.4,49.7,56.2,13.36,280.96,310.5,-29.54,41.24,395.19,424.73,,,,20.08,101106.54,101066.65,
011HI,2024-01-15T19:30:00Z,99300.0,20.628,93.4,0.123,13.05,0.751,541.76,,0.0,51.4,49.7,56.2,13.37,429.12,486.09,-56.97,55.67,371.54,428.51,,NNE,,19.52,101096.36,101054.44,
011HI,2024-01-15T19:35:00Z,99300.0,21.322,84.3,0.201,18.95,0.684,309.85,,0.0,51.4,49.7,56.2,13.33,213.69,276.99,-63.3,32.86,362.61,425.91,,NNE,,18.55,101096.36,101050.29,
011HI,2024-01-15T19:40:00Z,99300.0,21.561,78.42,0.159,10.99,0.586,286.79,,0.0,51.4,49.7,56.2,13.27,192.2,255.4,-63.21,31.39,361.37,424.58,,N,,17.63,101096.36,101048.87,
011HI,2024-01-15T19:45:00Z,99300.0,21.772,79.14,0.031,5.9,0.329,227.51,,0.0,51.4,49.7,56.2,13.31,143.57,202.74,-59.16,24.78,364.09,423.26,,N,,17.98,101096.36,101047.61,
011HI,2024-01-15T19:50:00Z,99300.0,21.872,80.4,0.062,9.14,0.489,359.18,,0.0,51.4,49.7,56.2,13.31,258.03,321.66,-63.63,37.51,361.52,425.15,,N,,18.33,101096.36,101047.01,
011HI,2024-01-15T19:55:00Z,99290.0,22.378,79.13,0.309,22.38,1.08,586.45,,0.0,51.4,49.7,56.2,13.31,458.37,527.87,-69.5,58.58,361.0,430.5,,NNE,,18.57,101086.18,101033.82,
011HI,2024-01-15T20:00:00Z,99290.0,22.689,76.0,0.525,18.84,1.338,561.93,,0.0,51.4,49.7,56.2,13.29,444.96,504.81,-59.85,57.11,373.93,433.78,,NNE,,18.22,101086.18,101031.98,
011HI,2024-01-15T20:05:00Z,99280.0,22.522,74.79,0.448,19.72,1.24,485.49,,0.0,51.4,49.7,56.2,13.29,383.66,434.02,-50.36,51.47,382.98,433.33,,NNE,,17.81,101076.0,101022.8,
011HI,2024-01-15T20:10:00Z,99270.0,22.95,75.48,0.417,25.72,1.178,697.38,,0.0,51.4,49.7,56.2,13.26,563.47,624.24,-60.77,73.14,378.98,439.75,,NNE,,18.37,101065.82,101010.08,
011HI,2024-01-15T20:15:00Z,99270.0,23.678,74.99,0.34,26.89,1.338,600.0,,0.0,51.4,49.7,56.2,13.26,473.22,540.75,-67.53,59.25,373.86,441.39,,NNE,,18.97,101065.82,101005.77,
011HI,2024-01-15T20:20:00Z,99270.0,23.511,72.69,0.298,50.13,1.044,446.41,,0.0,51.4,49.7,56.2,13.23,332.13,406.44,-74.31,39.97,362.81,437.12,,NE,,18.31,101065.82,101006.76,
011HI,2024-01-15T20:25:00Z,99260.0,23.228,72.73,0.154,48.2,0.653,395.98,,0.0,51.4,49.7,56.2,13.23,289.28,362.1,-72.82,33.88,362.75,435.57,,NE,,18.04,101055.64,100998.26,
011HI,2024-01-15T20:30:00Z,99250.0,23.1,73.12,0.165,32.35,0.586,307.37,,0.0,51.4,49.7,56.2,13.21,217.22,279.52,-62.3,27.85,371.13,433.43,,NNE,,18.0,101045.46,100988.84,
011HI,2024-01-15T20:35:00Z,99250.0,22.911,74.09,0.268,47.11,0.751,374.16,,0.0,51.4,49.7,56.2,13.2,270.63,338.85,-68.22,35.31,367.03,435.25,,NE,,18.03,101045.46,100989.96,
011HI,2024-01-15T20:40:00Z,99250.0,22.7,74.66,0.273,36.58,1.013,379.22,,0.0,51.4,49.7,56.2,13.21,278.14,341.07,-62.92,38.16,371.16,434.08,,NE,,17.95,101045.46,100991.21,
011HI,2024-01-15T20:45:00Z,99240.0,22.711,75.11,0.206,54.61,0.977,399.5,,0.0,51.4,49.7,56.2,13.21,288.84,359.63,-70.79,39.86,364.38,435.17,,NE,,18.06,101035.27,100980.97,
011HI,2024-01-15T20:50:00Z,99240.0,22.839,73.26,0.278,41.75,1.044,504.12,,0.0,51.4,49.7,56.2,13.21,380.63,453.15,-72.53,50.96,364.18,436.71,,NE,,17.78,101035.27,100980.22,
011HI,2024-01-15T20:55:00Z,99220.0,23.122,72.33,0.34,53.82,1.178,621.15,,0.0,51.4,49.7,56.2,13.21,486.17,555.79,-69.62,65.36,371.39,441.01,,NE,,17.85,101014.91,100958.19,
011HI,2024-01-15T21:00:00Z,99210.0,23.339,72.89,0.396,40.82,1.209,765.26,,0.0,51.4,49.7,56.2,13.21,605.48,684.39,-78.91,80.88,366.35,445.26,,NE,,18.18,101004.73,100946.73,
011HI,2024-01-15T21:05:00Z,99200.0,23.689,71.64,0.211,50.18,1.24,726.43,,0.0,51.4,49.7,56.2,13.18,573.84,652.17,-78.33,74.26,369.86,448.19,,NE,,18.25,100994.55,100934.49,
011HI,2024-01-15T21:10:00Z,99200.0,23.489,68.92,0.365,38.26,1.24,508.06,,0.0,51.4,49.7,56.2,13.18,389.48,457.49,-68.01,50.57,375.86,443.87,,NE,,17.44,100994.55,100935.68,
011HI,2024-01-15T21:15:00Z,99190.0,23.422,70.47,0.298,42.04,0.818,442.26,,0.0,51.4,49.6,56.2,13.15,324.87,400.92,-76.05,41.34,367.41,443.46,,NE,,17.73,100984.37,100925.9,
011HI,2024-01-15T21:20:00Z,99190.0,23.428,70.2,0.355,39.08,1.435,804.92,,0.0,51.4,49.6,56.2,13.15,637.5,719.18,-81.68,85.75,367.23,448.91,,NE,,17.67,100984.37,100925.86,
011HI,2024-01-15T21:25:00Z,99170.0,23.8,68.32,0.576,26.11,2.058,824.95,,0.0,51.4,49.6,56.2,13.15,659.26,737.65,-78.4,87.29,373.9,452.3,,NNE,,17.6,100964.01,100903.32,
011HI,2024-01-15T21:30:00Z,99160.0,23.822,68.22,0.514,28.55,1.729,842.41,,0.0,51.4,49.6,56.2,13.16,676.99,753.12,-76.13,89.29,376.17,452.29,,NNE,,17.59,100953.83,100893.02,
011HI,2024-01-15T21:35:00Z,99160.0,24.1,69.22,0.19,30.29,0.818,817.67,,0.0,51.4,49.6,56.2,13.12,652.53,730.9,-78.37,86.77,376.87,455.24,,NNE,,18.09,100953.83,100891.38,
011HI,2024-01-15T21:40:00Z,99140.0,24.178,68.28,0.34,41.92,1.276,676.79,,0.0,51.4,49.6,56.2,13.12,539.28,605.09,-65.81,71.69,389.42,455.23,,NE,,17.95,100933.47,100870.58,
011HI,2024-01-15T21:45:00Z,99140.0,23.972,69.85,0.401,50.65,1.24,362.49,,0.0,51.4,49.6,56.2,13.13,272.06,325.98,-53.92,36.51,396.01,449.93,,NE,,18.11,100933.47,100871.78,
011HI,2024-01-15T21:50:00Z,99130.0,23.628,68.99,0.525,40.67,1.893,821.3,,0.0,51.4,49.6,56.2,13.13,664.24,726.4,-62.15,94.91,393.75,455.9,,NE,,17.59,100923.28,100863.63,
011HI,2024-01-15T21:55:00Z,99120.0,24.178,67.82,0.432,51.72,1.533,574.76,,0.0,51.4,49.6,56.2,13.13,438.33,515.88,-77.55,58.88,375.28,452.83,,NE,,17.84,100913.1,100850.23,
011HI,2024-01-15T22:00:00Z,99110.0,24.25,67.79,0.334,43.83,1.209,658.33,,0.0,51.4,49.6,56.2,13.13,513.68,586.83,-73.15,71.5,381.58,454.72,,NE,,17.9,100902.92,100839.63,
011HI,2024-01-15T22:05:00Z,99100.0,24.161,68.21,0.355,29.27,1.631,712.2,,0.0,51.4,49.6,56.2,13.1,570.83,632.99,-62.16,79.2,394.94,457.1,,NNE,,17.92,100892.74,100829.98,
011HI,2024-01-15T22:10:00Z,99090.0,24.289,69.97,0.226,48.04,1.338,751.74,,0.0,51.4,49.6,56.2,13.09,601.83,667.84,-66.01,83.9,393.89,459.89,,NE,,18.45,100882.56,100819.05,
011HI,2024-01-15T22:15:00Z,99070.0,24.35,68.34,0.365,33.71,1.6,820.54,,0.0,51.4,49.6,56.2,13.1,657.78,729.31,-71.52,91.24,390.25,461.77,,NNE,,18.13,100862.2,100798.34,
011HI,2024-01-15T22:20:00Z,99070.0,24.622,68.04,0.509,41.21,1.765,831.99,,0.0,51.4,49.6,56.2,13.1,664.78,738.91,-74.13,93.09,388.96,463.09,,NE,,18.32,100862.2,100796.75,
011HI,2024-01-15T22:25:00Z,99050.0,24.711,67.46,0.54,39.56,1.96,793.57,,0.0,51.4,49.5,56.2,13.1,632.67,705.62,-72.95,87.95,389.54,462.49,,NE,,18.27,100841.84,100775.89,
011HI,2024-01-15T22:30:00Z,99040.0,23.839,69.34,0.725,42.05,1.893,701.62,,0.0,51.3,49.5,56.2,13.1,564.99,625.08,-60.09,76.55,399.1,459.19,,NE,,17.87,100831.66,100770.82,
011HI,2024-01-15T22:35:00Z,99030.0,23.628,70.62,0.602,44.4,1.631,507.91,,0.0,51.3,49.5,56.2,13.07,401.18,450.05,-48.88,57.86,405.12,454.0,,NE,,17.96,100821.48,100761.88,
011HI,2024-01-15T22:40:00Z,99020.0,23.722,71.58,0.386,39.55,1.631,376.02,,0.0,51.3,49.5,56.2,13.07,285.68,331.71,-46.03,44.31,406.69,452.72,,NE,,18.26,100811.29,100751.15,
011HI,2024-01-15T22:45:00Z,99000.0,23.478,70.85,0.751,38.51,2.089,524.79,,0.0,51.3,49.5,56.2,13.07,413.85,460.34,-46.49,64.45,406.63,453.12,,NE,,17.87,100790.93,100732.24,
011HI,2024-01-15T22:50:00Z,99000.0,23.6,70.68,0.268,41.77,1.209,444.03,,0.0,51.3,49.5,56.2,13.07,337.48,390.7,-53.22,53.32,399.57,452.79,,NE,,17.94,100790.93,100731.52,
011HI,2024-01-15T22:55:00Z,98980.0,23.55,70.37,0.283,48.79,0.88,381.63,,0.0,51.3,49.5,56.2,13.07,295.37,334.56,-39.19,47.07,412.19,451.38,,NE,,17.83,100770.57,100711.47,
011HI,2024-01-15T23:00:00Z,98970.0,23.461,70.82,0.525,42.78,1.765,469.7,,0.0,51.3,49.5,56.1,13.07,368.36,411.75,-43.39,57.96,409.17,452.56,,NE,,17.84,100760.39,100701.81,
011HI,2024-01-15T23:05:00Z,98960.0,23.361,72.13,0.36,42.5,1.178,379.96,,0.0,51.3,49.5,56.2,13.07,292.32,333.63,-41.3,46.33,408.5,449.81,,NE,,18.04,100750.21,100692.23,
011HI,2024-01-15T23:10:00Z,98960.0,23.1,73.21,0.509,45.11,1.929,444.51,,0.0,51.3,49.5,56.2,13.07,354.15,388.11,-33.97,56.4,416.51,450.48,,NE,,18.02,100750.21,100693.76,
011HI,2024-01-15T23:15:00Z,98950.0,23.128,73.77,0.278,47.11,1.338,458.99,,0.0,51.3,49.5,56.2,13.07,363.18,399.34,-36.16,59.65,416.38,452.54,,NE,,18.17,100740.03,100683.42,
011HI,2024-01-15T23:20:00Z,98940.0,23.089,72.08,0.622,48.0,1.729,461.02,,0.0,51.3,49.5,56.1,13.07,364.45,401.82,-37.37,59.19,414.33,451.7,,NE,,17.76,100729.85,100673.48,
011HI,2024-01-15T23:25:00Z,98930.0,23.372,72.25,0.319,41.79,1.374,758.14,,0.0,51.2,49.5,56.1,13.1,608.2,664.1,-55.9,94.04,403.41,459.31,,NE,,18.08,100719.67,100661.64,
011HI,2024-01-15T23:30:00Z,98920.0,23.728,69.65,0.607,41.38,2.809,482.44,,0.0,51.2,49.5,56.1,13.1,378.39,424.92,-46.53,57.52,408.76,455.29,,NE,,17.83,100709.49,100649.37,
011HI,2024-01-15T23:35:00Z,98920.0,23.422,71.54,0.345,43.42,1.178,514.16,,0.0,51.2,49.4,56.1,13.1,408.45,450.26,-41.81,63.9,414.01,455.82,,NE,,17.97,100709.49,100651.17,
011HI,2024-01-15T23:40:00Z,98910.0,23.522,70.87,0.391,70.75,1.08,561.97,,0.0,51.2,49.4,56.1,13.09,445.2,492.39,-47.19,69.58,409.21,456.4,,ENE,,17.91,100699.3,100640.41,
011HI,2024-01-15T23:45:00Z,98900.0,23.778,71.62,0.247,43.63,1.08,452.27,,0.0,51.2,49.4,56.1,13.09,352.51,397.25,-44.74,55.02,412.93,457.68,,NE,,18.33,100689.12,100628.72,
011HI,2024-01-15T23:50:00Z,98900.0,23.472,72.09,0.525,43.12,1.471,456.31,,0.0,51.2,49.4,56.1,13.1,361.41,400.04,-38.63,56.27,415.85,454.48,,NE,,18.14,100689.12,100630.52,
011HI,2024-01-15T23:55:00Z,98900.0,23.322,72.7,0.592,37.25,1.307,385.86,,0.0,51.1,49.4,56.1,13.1,300.02,337.5,-37.47,48.36,415.59,453.07,,NE,,18.13,100689.12,100631.4,
011HI,2024-01-16T00:00:00Z,98900.0,23.228,72.87,0.257,62.29,1.111,406.8,,0.0,51.1,49.4,56.1,13.1,319.4,354.98,-35.58,51.83,416.2,451.77,,ENE,,18.07,100689.12,100631.96,
011HI,2024-01-16T00:05:00Z,98890.0,23.161,73.41,0.319,56.44,1.24,393.51,,0.0,51.1,49.4,56.1,13.1,304.54,343.2,-38.66,50.31,413.57,452.24,,ENE,,18.13,100678.94,100622.18,
011HI,2024-01-16T00:10:00Z,98900.0,23.339,73.11,0.36,42.25,1.6,391.63,,0.0,51.1,49.4,56.1,13.1,303.9,341.72,-37.82,49.91,414.28,452.1,,NE,,18.23,100689.12,100631.3,
011HI,2024-01-16T00:15:00Z,98900.0,23.222,73.76,0.345,65.43,1.178,373.86,,0.0,51.1,49.4,56.1,13.09,289.7,325.68,-35.98,48.18,415.51,451.49,,ENE,,18.26,100689.12,100631.99,
011HI,2024-01-16T00:20:00Z,98890.0,23.139,73.23,0.478,62.74,1.533,404.22,,0.0,51.1,49.4,56.1,13.1,309.57,352.86,-43.3,51.35,408.0,451.3,,ENE,,18.07,100678.94,100622.31,
011HI,2024-01-16T00:25:00Z,98890.0,23.178,73.31,0.329,48.75,1.502,380.41,,0.0,51.1,49.4,56.1,13.1,295.26,331.38,-36.12,49.04,415.62,451.74,,NE,,18.12,100678.94,100622.08,
011HI,2024-01-16T00:30:00Z,98890.0,23.3,73.59,0.283,32.6,1.404,362.91,,0.0,51.0,49.4,56.1,13.09,280.52,316.1,-35.58,46.82,415.85,451.42,,NNE,,18.3,100678.94,100621.36,
011HI,2024-01-16T00:35:00Z,98900.0,23.472,74.49,0.293,34.65,1.08,370.07,,0.0,51.0,49.4,56.1,13.1,278.82,322.84,-44.02,47.23,408.52,452.55,,NE,,18.66,100689.12,100630.52,
011HI,2024-01-16T00:40:00Z,98900.0,23.278,72.94,0.262,50.75,0.947,282.26,,0.0,51.0,49.4,56.1,13.1,214.54,246.32,-31.78,35.94,417.77,449.54,,NE,,18.14,100689.12,100631.66,
011HI,2024-01-16T00:45:00Z,98890.0,23.128,74.77,0.37,32.36,1.533,281.53,,0.0,51.0,49.4,56.1,13.1,216.65,244.57,-27.92,36.96,420.62,448.53,,NNE,,18.39,100678.94,100622.37,
011HI,2024-01-16T00:50:00Z,98890.0,23.128,75.1,0.19,47.5,1.013,367.83,,0.0,51.0,49.3,56.1,13.1,286.8,320.32,-33.52,47.51,416.72,450.24,,NE,,18.46,100678.94,100622.37,
011HI,2024-01-16T00:55:00Z,98900.0,23.211,73.39,0.226,30.51,0.977,286.01,,0.0,51.0,49.3,56.1,13.1,215.99,248.46,-32.47,37.55,415.92,448.39,,NNE,,18.17,100689.12,100632.06,
011HI,2024-01-16T01:00:00Z,98890.0,23.2,73.29,0.35,52.61,1.209,585.15,,0.0,51.0,49.3,56.1,13.1,452.93,516.43,-63.49,68.72,387.96,451.45,,NE,,18.14,100678.94,100621.95,
011HI,2024-01-16T01:05:00Z,98890.0,23.878,71.77,0.247,37.27,0.977,573.52,,0.0,50.9,49.3,56.1,13.1,428.21,515.04,-86.83,58.48,364.28,451.11,,NE,,18.46,100678.94,100617.96,
011HI,2024-01-16T01:10:00Z,98890.0,23.928,68.86,0.432,35.11,1.631,389.44,,0.0,50.9,49.3,56.1,13.1,284.76,352.12,-67.37,37.32,380.31,447.68,,NE,,17.84,100678.94,100617.68,
011HI,2024-01-16T01:15:00Z,98890.0,23.572,71.02,0.268,49.48,0.977,385.55,,0.0,50.9,49.3,56.1,13.1,288.75,342.76,-54.01,42.79,395.12,449.13,,NE,,17.99,100678.94,100619.76,
011HI,2024-01-16T01:20:00Z,98900.0,23.322,72.22,0.442,68.27,1.111,332.21,,0.0,50.9,49.3,56.1,13.1,244.82,293.69,-48.87,38.52,398.63,447.49,,ENE,,18.02,100689.12,100631.4,
011HI,2024-01-16T01:25:00Z,98900.0,23.289,71.86,0.406,35.05,0.849,306.44,,0.0,50.9,49.3,56.1,13.1,218.5,270.68,-52.18,35.77,394.77,446.95,,NE,,17.91,100689.12,100631.6,
011HI,2024-01-16T01:30:00Z,98900.0,23.122,73.43,0.386,57.52,1.533,375.89,,0.0,50.9,49.3,56.1,13.1,285.83,331.49,-45.66,44.41,400.42,446.08,,ENE,,18.09,100689.12,100632.58,
011HI,2024-01-16T01:35:00Z,98910.0,23.472,74.38,0.221,45.77,1.08,257.31,,0.0,50.9,49.3,56.1,13.1,177.46,227.47,-50.01,29.84,396.51,446.53,,NE,,18.64,100699.3,100640.69,
011HI,2024-01-16T01:40:00Z,98910.0,23.022,73.89,0.34,39.43,1.533,225.17,,0.0,50.9,49.3,56.1,13.1,159.81,197.61,-37.79,27.56,405.71,443.5,,NE,,18.1,100699.3,100643.35,
011HI,2024-01-16T01:45:00Z,98910.0,22.972,75.97,0.386,72.36,1.08,182.75,,0.0,50.9,49.3,56.1,13.1,123.32,160.46,-37.13,22.29,405.14,442.27,,ENE,,18.49,100699.3,100643.64,
011HI,2024-01-16T01:50:00Z,98910.0,22.75,75.77,0.427,46.0,2.058,221.62,,0.0,50.8,49.2,56.1,13.1,161.47,193.11,-31.64,28.51,409.79,441.43,,NE,,18.23,100699.3,100644.95,
011HI,2024-01-16T01:55:00Z,98910.0,22.772,77.05,0.283,26.64,1.404,181.57,,0.0,50.8,49.2,56.1,13.1,124.07,158.56,-34.5,23.01,406.45,440.95,,NNE,,18.52,100699.3,100644.81,
011HI,2024-01-16T02:00:00Z,98910.0,22.678,77.43,0.268,38.0,1.276,177.85,,0.0,50.8,49.2,56.1,13.1,126.96,154.61,-27.66,23.24,412.72,440.38,,NE,,18.51,100699.3,100645.37,
011HI,2024-01-16T02:05:00Z,98910.0,22.622,76.59,0.396,25.98,1.24,194.28,,0.0,50.8,49.2,56.1,13.09,141.45,169.02,-27.57,25.26,412.56,440.13,,NNE,,18.28,100699.3,100645.7,
011HI,2024-01-16T02:10:00Z,98920.0,22.65,78.14,0.221,47.78,1.08,136.47,,0.0,50.8,49.2,56.1,13.12,97.13,118.53,-21.4,17.93,417.97,439.38,,NE,,18.63,100709.49,100655.71,
011HI,2024-01-16T02:15:00Z,98920.0,22.528,78.33,0.391,42.8,1.533,128.37,,0.0,50.8,49.2,56.1,13.12,91.4,111.33,-19.93,17.04,418.44,438.37,,NE,,18.55,100709.49,100656.43,
011HI,2024-01-16T02:20:00Z,98930.0,22.428,78.33,0.262,21.33,1.013,129.04,,0.0,50.8,49.2,56.1,13.11,92.58,111.57,-18.99,17.48,418.38,437.37,,NNE,,18.45,100719.67,100667.2,
011HI,2024-01-16T02:25:00Z,98940.0,22.339,78.13,0.36,49.35,1.044,130.13,,0.0,50.8,49.2,56.1,13.12,92.73,112.18,-19.45,17.95,417.82,437.27,,NE,,18.33,100729.85,100677.9,
011HI,2024-01-16T02:30:00Z,98940.0,22.461,78.97,0.293,42.77,1.24,121.76,,0.0,50.7,49.2,56.1,13.12,85.64,105.5,-19.86,16.26,416.95,436.81,,NE,,18.62,100729.85,100677.18,
011HI,2024-01-16T02:35:00Z,98940.0,22.422,79.09,0.077,20.89,0.556,91.3,,0.0,50.7,49.2,56.1,13.15,61.95,79.5,-17.55,11.79,418.2,435.75,,NNE,,18.6,100729.85,100677.41,
011HI,2024-01-16T02:40:00Z,98950.0,22.428,79.02,0.093,36.66,0.653,90.47,,0.0,50.7,49.2,56.1,13.15,60.97,77.86,-16.89,12.61,418.57,435.46,,NE,,18.59,100740.03,100687.55,
011HI,2024-01-16T02:45:00Z,98950.0,22.389,78.82,0.237,50.5,0.818,90.04,,0.0,50.7,49.2,56.1,13.15,60.4,77.7,-17.31,12.33,417.5,434.81,,NE,,18.52,100740.03,100687.78,
011HI,2024-01-16T02:50:00Z,98960.0,22.35,79.66,0.309,59.62,1.013,75.97,,0.0,50.7,49.2,56.1,13.15,49.44,65.84,-16.4,10.12,417.76,434.16,,ENE,,18.65,100750.21,100698.19,
011HI,2024-01-16T02:55:00Z,98960.0,22.228,78.37,0.324,26.11,0.977,75.15,,0.0,50.7,49.2,56.1,13.14,48.91,64.87,-15.96,10.28,417.45,433.41,,NNE,,18.27,100750.21,100698.91,
011HI,2024-01-16T03:00:00Z,98960.0,22.261,79.15,0.278,40.06,0.977,63.54,,0.0,50.7,49.2,56.1,13.05,40.0,55.07,-15.08,8.47,417.67,432.75,,NE,,18.46,100750.21,100698.72,
011HI,2024-01-16T03:05:00Z,98960.0,22.178,79.86,0.226,37.16,0.88,71.3,,0.0,50.7,49.2,56.1,12.92,45.05,61.63,-16.58,9.67,416.1,432.68,,NE,,18.52,100750.21,100699.21,
011HI,2024-01-16T03:10:00Z,98970.0,22.222,79.3,0.113,22.55,0.977,64.41,,0.0,50.7,49.2,56.1,13.07,37.21,55.79,-18.57,8.63,413.65,432.22,,NNE,,18.45,100760.39,100709.12,
011HI,2024-01-16T03:15:00Z,98970.0,22.278,80.6,0.221,31.93,0.977,56.35,,0.0,50.7,49.1,56.1,13.02,31.78,49.02,-17.24,7.34,414.38,431.62,,NNE,,18.77,100760.39,100708.79,
011HI,2024-01-16T03:20:00Z,98970.0,22.2,80.8,0.17,17.74,0.849,32.79,,0.0,50.6,49.1,56.1,12.91,16.14,29.09,-12.94,3.7,417.71,430.66,,NNE,,18.73,100760.39,100709.25,
011HI,2024-01-16T03:25:00Z,98980.0,22.028,82.5,0.057,19.87,0.684,21.43,,0.0,50.6,49.1,56.1,12.8,8.07,19.24,-11.17,2.19,418.34,429.51,,NNE,,18.9,100770.57,100720.44,
011HI,2024-01-16T03:30:00Z,98980.0,21.922,83.4,0.036,3.87,0.293,18.78,,0.0,50.6,49.1,56.1,12.75,6.2,16.84,-10.63,1.94,418.0,428.63,,N,,18.97,100770.57,100721.07,
011HI,2024-01-16T03:35:00Z,98990.0,21.778,84.7,0.139,53.96,0.525,14.33,,0.0,50.6,49.1,56.1,12.73,2.79,13.09,-10.3,1.24,417.66,427.96,,NE,,19.07,100780.75,100732.1,
011HI,2024-01-16T03:40:00Z,99000.0,21.728,84.4,0.242,34.87,1.08,12.52,,0.0,50.6,49.1,56.1,12.71,1.16,11.0,-9.84,1.52,417.95,427.78,,NE,,18.97,100790.93,100742.58,
011HI,2024-01-16T03:45:00Z,99000.0,21.728,83.9,0.293,15.1,1.08,7.82,,0.0,50.6,49.1,56.1,12.71,-2.14,6.86,-9.0,0.95,418.1,427.1,,NNE,,18.87,100790.93,100742.58,
011HI,2024-01-16T03:50:00Z,99000.0,21.761,84.0,0.18,40.32,0.916,7.21,,0.0,50.6,49.1,56.1,12.7,-3.11,6.18,-9.29,1.03,417.65,426.94,,NE,,18.92,100790.93,100742.38,
011HI,2024-01-16T03:55:00Z,99010.0,21.8,84.9,0.18,30.59,0.751,4.41,,0.0,50.6,49.1,56.1,12.69,-4.86,4.02,-8.88,0.39,417.19,426.07,,NNE,,19.13,100801.11,100752.32,
011HI,2024-01-16T04:00:00Z,99010.0,21.639,85.9,0.206,46.49,0.622,3.31,,0.0,50.6,49.1,56.1,12.68,-6.11,3.1,-9.21,0.21,416.68,425.89,,NE,,19.16,100801.11,100753.28,
011HI,2024-01-16T04:05:00Z,99020.0,21.611,83.9,0.288,31.12,1.209,2.53,,0.0,50.6,49.1,56.1,12.68,-6.84,1.9,-8.74,0.63,416.96,425.7,,NNE,,18.76,100811.29,100763.63,
011HI,2024-01-16T04:10:00Z,99030.0,21.761,81.5,0.309,24.1,1.276,1.68,,0.0,50.6,49.1,56.1,12.68,-7.87,1.0,-8.87,0.68,416.79,425.66,,NNE,,18.44,100821.48,100772.92,
011HI,2024-01-16T04:15:00Z,99030.0,21.911,80.4,0.221,28.83,0.88,0.74,,0.0,50.6,49.1,56.1,12.67,-9.47,0.24,-9.71,0.5,415.52,425.23,,NNE,,18.37,100821.48,100772.03,
011HI,2024-01-16T04:20:00Z,99040.0,21.822,81.5,0.159,27.82,0.916,0.0,,0.0,50.6,49.1,56.1,12.67,-9.07,-0.32,-8.75,0.0,416.19,424.94,,NNE,,18.5,100831.66,100782.73,
011HI,2024-01-16T04:25:00Z,99040.0,21.85,80.2,0.432,34.22,1.178,0.0,,0.0,50.6,49.1,56.1,12.67,-9.61,-0.58,-9.03,0.39,415.79,424.82,,NE,,18.27,100831.66,100782.57,
011HI,2024-01-16T04:30:00Z,99050.0,21.828,79.91,0.159,39.83,0.751,0.0,,0.0,50.5,49.1,56.1,12.66,-9.61,-0.55,-9.06,0.24,415.75,424.81,,NE,,18.19,100841.84,100792.87,
011HI,2024-01-16T04:35:00Z,99060.0,21.8,80.0,0.067,30.35,0.391,0.0,,0.0,50.6,49.1,56.1,12.66,-9.64,-0.68,-8.96,0.12,415.51,424.48,,NNE,,18.18,100852.02,100803.22,
011HI,2024-01-16T04:40:00Z,99060.0,21.722,81.8,0.077,5.67,0.458,0.0,,0.0,50.5,49.1,56.1,12.65,-9.81,-0.82,-8.99,0.0,414.82,423.81,,N,,18.46,100852.02,100803.68,
011HI,2024-01-16T04:45:00Z,99070.0,21.511,83.6,0.087,21.75,0.586,0.0,,0.0,50.5,49.1,56.1,12.65,-9.07,-0.74,-8.33,0.0,415.13,423.47,,NNE,,18.6,100862.2,100815.11,
011HI,2024-01-16T04:50:00Z,99070.0,21.361,84.2,0.226,13.85,1.08,0.0,,0.0,50.5,49.1,56.1,12.65,-9.08,-0.68,-8.4,0.0,414.8,423.2,,NNE,,18.57,100862.2,100816.0,
011HI,2024-01-16T04:55:00Z,99080.0,21.361,85.1,0.072,10.02,0.586,0.0,,0.0,50.5,49.1,56.1,12.64,-9.63,-1.11,-8.52,0.0,414.25,422.77,,N,,18.74,100872.38,100826.18,
011HI,2024-01-16T05:00:00Z,99080.0,21.261,85.9,0.134,17.0,0.556,0.0,,0.0,50.5,49.1,56.1,12.64,-9.04,-0.98,-8.06,0.0,414.7,422.76,,NNE,,18.79,100872.38,100826.78,
011HI,2024-01-16T05:05:00Z,99080.0,21.261,87.3,0.165,9.27,0.684,0.0,,0.0,50.5,49.1,56.1,12.63,-9.53,-1.12,-8.42,0.0,413.86,422.28,,N,,19.05,100872.38,100826.77,
011HI,2024-01-16T05:10:00Z,99090.0,21.172,89.1,0.077,15.51,0.489,0.0,,0.0,50.5,49.1,56.1,12.64,-9.49,-0.95,-8.54,0.0,413.55,422.09,,NNE,,19.29,100882.56,100837.48,
011HI,2024-01-16T05:15:00Z,99090.0,21.022,88.9,0.057,15.7,0.525,0.0,,0.0,50.5,49.1,56.1,12.62,-8.57,-0.92,-7.64,0.0,414.27,421.91,,NNE,,19.11,100882.56,100838.38,
011HI,2024-01-16T05:20:00Z,99100.0,20.928,89.9,0.118,11.57,0.391,0.0,,0.0,50.5,49.1,56.1,12.62,-7.79,-1.27,-6.52,0.0,415.05,421.57,,NNE,,19.2,100892.74,100849.12,
011HI,2024-01-16T05:25:00Z,99100.0,20.911,91.1,0.0,,0.129,0.0,,0.0,50.5,49.1,56.1,12.62,-9.44,-3.56,-5.88,0.06,415.27,421.16,,,,19.4,100892.74,100849.21,
011HI,2024-01-16T05:30:00Z,99100.0,20.811,92.3,0.072,13.2,0.458,0.0,,0.0,50.5,49.1,56.1,12.62,-9.94,-4.22,-5.72,0.12,414.81,420.53,,NNE,,19.51,100892.74,100849.81,
011HI,2024-01-16T05:35:00Z,99100.0,20.622,92.8,0.139,17.06,0.72,0.0,,0.0,50.5,49.1,56.1,12.62,-9.73,-3.84,-5.9,0.42,414.41,420.3,,NNE,,19.41,100892.74,100850.95,
011HI,2024-01-16T05:40:00Z,99100.0,20.572,92.0,0.201,11.32,0.622,0.0,,0.0,50.5,49.1,56.1,12.61,-10.72,-3.84,-6.88,0.99,413.22,420.1,,NNE,,19.22,100892.74,100851.25,
011HI,2024-01-16T05:45:00Z,99100.0,20.65,91.6,0.165,11.45,0.525,0.0,,0.0,50.5,49.1,56.1,12.61,-10.06,-2.72,-7.34,1.0,412.84,420.18,,NNE,,19.23,100892.74,100850.78,
011HI,2024-01-16T05:50:00Z,99100.0,20.672,91.9,0.123,13.03,0.458,0.0,,0.0,50.5,49.1,56.1,12.61,-10.51,-1.88,-8.63,0.62,411.04,419.68,,NNE,,19.3,100892.74,100850.65,
011HI,2024-01-16T05:55:00Z,99100.0,20.611,92.8,0.0,,0.0,0.0,,0.0,50.5,49.0,56.1,12.61,-8.63,-1.39,-7.23,0.26,412.3,419.54,,,,19.4,100892.74,100851.01,
011HI,2024-01-16T06:00:00Z,99100.0,20.539,93.9,0.015,1.26,0.293,0.0,,0.0,50.5,49.1,56.1,12.6,-8.36,-1.27,-7.1,0.13,412.39,419.49,,N,,19.52,100892.74,100851.44,
011HI,2024-01-16T06:05:00Z,99100.0,20.439,94.5,0.026,1.25,0.556,0.0,,0.0,50.5,49.0,56.1,12.6,-10.66,-1.46,-9.21,0.2,409.99,419.2,,N,,19.52,100892.74,100852.05,
011HI,2024-01-16T06:10:00Z,99100.0,20.372,95.0,0.031,9.75,0.195,0.0,,0.0,50.5,49.0,56.1,12.59,-13.07,-1.34,-11.72,0.22,407.11,418.83,,N,,19.54,100892.74,100852.45,
011HI,2024-01-16T06:15:00Z,99110.0,20.289,95.5,0.021,0.3,0.262,0.0,,0.0,50.5,49.0,56.1,12.6,-14.46,-1.26,-13.2,0.22,405.25,418.45,,N,,19.54,100902.92,100863.12,
011HI,2024-01-16T06:20:00Z,99110.0,20.311,96.1,0.015,0.23,0.329,0.0,,0.0,50.5,49.0,56.1,12.59,-10.82,-1.13,-9.68,0.28,408.84,418.52,,N,,19.66,100902.92,100862.99,
011HI,2024-01-16T06:25:00Z,99110.0,20.222,95.8,0.159,8.95,0.622,0.0,,0.0,50.4,49.0,56.1,12.59,-8.15,-0.68,-7.47,0.37,411.18,418.65,,N,,19.53,100902.92,100863.53,
011HI,2024-01-16T06:30:00Z,99110.0,20.25,95.9,0.206,5.71,0.72,0.0,,0.0,50.5,49.0,56.1,12.58,-7.56,-0.67,-6.89,0.42,411.77,418.65,,N,,19.57,100902.92,100863.36,
011HI,2024-01-16T06:35:00Z,99110.0,20.25,96.1,0.0,,0.195,0.0,,0.0,50.4,49.0,56.1,12.59,-8.85,-0.79,-8.05,0.33,410.67,418.73,,,,19.6,100902.92,100863.36,
011HI,2024-01-16T06:40:00Z,99110.0,20.239,96.1,0.041,4.89,0.36,0.0,,0.0,50.4,49.0,56.1,12.58,-10.33,-0.89,-9.44,0.37,409.1,418.54,,N,,19.59,100902.92,100863.42,
011HI,2024-01-16T06:45:00Z,99110.0,20.228,96.1,0.046,0.46,0.329,0.0,,0.0,50.4,49.0,56.1,12.58,-10.0,-0.87,-9.13,0.34,409.47,418.59,,N,,19.58,100902.92,100863.49,
011HI,2024-01-16T06:50:00Z,99110.0,20.228,96.4,0.036,0.06,0.391,0.0,,0.0,50.4,49.0,56.1,12.58,-9.28,-0.93,-8.35,0.39,410.14,418.49,,N,,19.63,100902.92,100863.49,
011HI,2024-01-16T06:55:00Z,99100.0,20.261,96.6,0.098,2.59,0.458,0.0,,0.0,50.4,49.0,56.1,12.57,-8.93,-0.77,-8.16,0.32,410.38,418.54,,N,,19.7,100892.74,100853.11,
011HI,2024-01-16T07:00:00Z,99100.0,20.222,96.5,0.057,0.24,0.391,0.0,,0.0,50.4,49.0,56.1,12.57,-10.1,-0.89,-9.21,0.46,409.33,418.54,,N,,19.64,100892.74,100853.35,
011HI,2024-01-16T07:05:00Z,99100.0,20.261,96.7,0.005,0.09,0.195,0.0,,0.0,50.4,49.0,56.1,12.57,-11.72,-1.07,-10.65,0.41,407.73,418.37,,N,,19.72,100892.74,100853.11,
011HI,2024-01-16T07:10:00Z,99100.0,20.272,96.9,0.041,0.1,0.391,0.0,,0.0,50.4,49.0,56.1,12.57,-15.46,-1.33,-14.13,0.24,403.72,417.85,,N,,19.76,100892.74,100853.05,
011HI,2024-01-16T07:15:00Z,99100.0,20.25,97.3,0.0,,0.098,0.0,,0.0,50.4,49.0,56.0,12.57,-11.59,-1.14,-10.45,0.37,407.71,418.16,,,,19.81,100892.74,100853.18,
011HI,2024-01-16T07:20:00Z,99100.0,20.25,97.5,0.015,0.07,0.195,0.0,,0.0,50.4,49.0,56.1,12.57,-11.66,-1.17,-10.49,0.6,407.69,418.18,,N,,19.84,100892.74,100853.18,
011HI,2024-01-16T07:25:00Z,99100.0,20.272,97.7,0.005,1.05,0.129,0.0,,0.0,50.4,49.0,56.1,12.57,-8.45,-0.79,-7.66,0.42,410.75,418.41,,N,,19.89,100892.74,100853.04,
011HI,2024-01-16T07:30:00Z,99110.0,20.25,97.6,0.0,,0.0,0.0,,0.0,50.4,49.0,56.1,12.56,-21.3,-1.56,-19.74,0.69,398.08,417.82,,,,19.86,100902.92,100863.35,
011HI,2024-01-16T07:35:00Z,99110.0,20.25,97.8,0.0,,0.0,0.0,,0.0,50.4,49.0,56.1,12.56,-19.65,-1.89,-17.76,0.49,399.49,417.25,,,,19.89,100902.92,100863.35,
011HI,2024-01-16T07:40:00Z,99100.0,20.25,98.2,0.026,0.12,0.329,0.0,,0.0,50.4,49.0,56.1,12.56,-10.9,-1.35,-9.55,0.38,407.98,417.54,,N,,19.95,100892.74,100853.18,
011HI,2024-01-16T07:45:00Z,99100.0,20.25,98.3,0.031,2.52,0.293,0.0,,0.0,50.4,49.0,56.1,12.56,-15.21,-0.99,-14.22,0.66,403.63,417.85,,N,,19.97,100892.74,100853.18,
011HI,2024-01-16T07:50:00Z,99100.0,20.239,98.1,0.057,0.92,0.293,0.0,,0.0,50.4,49.0,56.0,12.56,-17.73,-1.54,-16.19,0.74,401.31,417.5,,N,,19.93,100892.74,100853.24,
011HI,2024-01-16T07:55:00Z,99100.0,20.289,98.1,0.103,8.66,0.525,0.0,,0.0,50.4,49.0,56.0,12.56,-21.36,-1.13,-20.23,0.79,397.28,417.51,,N,,19.98,100892.74,100852.94,
011HI,2024-01-16T08:00:00Z,99100.0,20.3,98.0,0.118,32.47,0.489,0.0,,0.0,50.4,49.0,56.1,12.55,-31.15,-2.22,-28.93,0.63,387.65,416.58,,NNE,,19.97,100892.74,100852.88,
011HI,2024-01-16T08:05:00Z,99100.0,20.3,97.8,0.057,16.78,0.293,0.0,,0.0,50.4,49.0,56.1,12.55,-28.79,-2.4,-26.39,0.69,389.67,416.06,,NNE,,19.94,100892.74,100852.88,
011HI,2024-01-16T08:10:00Z,99100.0,20.272,98.0,0.103,22.22,0.427,0.0,,0.0,50.4,49.0,56.1,12.55,-32.67,-2.37,-30.29,0.59,385.69,415.98,,NNE,,19.94,100892.74,100853.04,
011HI,2024-01-16T08:15:00Z,99090.0,20.239,98.1,0.247,26.67,0.751,0.0,,0.0,50.4,49.0,56.0,12.55,-42.89,-3.02,-39.87,0.65,375.21,415.08,,NNE,,19.93,100882.56,100843.07,
011HI,2024-01-16T08:20:00Z,99080.0,20.222,97.3,0.036,25.86,0.391,0.0,,0.0,50.4,49.0,56.0,12.55,-34.85,-2.41,-32.44,1.24,383.13,415.58,,NNE,,19.78,100872.38,100832.99,
011HI,2024-01-16T08:25:00Z,99080.0,20.322,95.8,0.077,29.13,0.458,0.0,,0.0,50.4,49.0,56.0,12.55,-23.13,-1.84,-21.29,1.46,395.18,416.47,,NNE,,19.63,100872.38,100832.39,
011HI,2024-01-16T08:30:00Z,99080.0,20.4,95.0,0.057,29.7,0.36,0.0,,0.0,50.4,49.0,56.0,12.55,-20.23,-1.45,-18.77,1.17,398.04,416.81,,NNE,,19.57,100872.38,100831.93,
011HI,2024-01-16T08:35:00Z,99080.0,20.511,94.2,0.123,27.02,1.111,0.0,,0.0,50.4,49.0,56.1,12.54,-18.58,-1.55,-17.03,1.29,400.13,417.16,,NNE,,19.54,100872.38,100831.26,
011HI,2024-01-16T08:40:00Z,99080.0,20.661,93.1,0.165,28.55,0.818,0.51,,0.0,50.4,49.0,56.0,12.54,-6.49,-0.69,-5.8,1.2,412.72,418.52,,NNE,,19.5,100872.38,100830.36,
011HI,2024-01-16T08:45:00Z,99080.0,20.8,92.3,0.231,14.43,0.782,0.63,,0.0,50.4,49.0,56.0,12.54,-3.71,-0.29,-3.42,0.92,415.53,418.95,,NNE,,19.5,100872.38,100829.53,
011HI,2024-01-16T08:50:00Z,99070.0,20.8,92.5,0.226,33.11,0.88,0.0,,0.0,50.4,49.0,56.0,12.54,-9.52,-0.72,-8.79,0.64,410.16,418.95,,NNE,,19.53,100862.2,100819.35,
011HI,2024-01-16T08:55:00Z,99080.0,20.811,93.1,0.149,31.06,0.88,0.0,,0.0,50.4,49.0,56.0,12.54,-11.21,-0.95,-10.26,0.2,408.22,418.49,,NNE,,19.65,100872.38,100829.46,
011HI,2024-01-16T09:00:00Z,99070.0,20.722,94.1,0.108,8.44,0.622,0.0,,0.0,50.4,49.0,56.0,12.54,-6.38,-0.75,-5.63,0.0,412.76,418.39,,N,,19.73,100862.2,100819.81,
011HI,2024-01-16T09:05:00Z,99070.0,20.6,95.1,0.051,5.86,0.391,0.0,,0.0,50.4,49.0,56.0,12.53,-6.05,-0.53,-5.52,0.0,412.92,418.44,,N,,19.78,100862.2,100820.54,
011HI,2024-01-16T09:10:00Z,99070.0,20.478,95.9,0.129,16.2,0.977,0.0,,0.0,50.4,49.0,56.0,12.53,-7.67,-0.56,-7.11,0.0,411.18,418.29,,NNE,,19.8,100862.2,100821.28,
011HI,2024-01-16T09:15:00Z,99070.0,20.461,96.3,0.159,15.65,1.044,0.0,,0.0,50.4,49.0,56.0,12.54,-17.66,-1.2,-16.46,0.01,401.12,417.58,,NNE,,19.85,100862.2,100821.38,
011HI,2024-01-16T09:20:00Z,99070.0,20.411,97.1,0.165,23.56,0.622,0.0,,0.0,50.4,49.0,56.0,12.53,-9.84,-1.05,-8.78,0.06,408.98,417.76,,NNE,,19.93,100862.2,100821.68,
011HI,2024-01-16T09:25:00Z,99080.0,20.389,97.4,0.211,16.5,1.013,0.0,,0.0,50.4,49.0,56.0,12.54,-5.95,-0.46,-5.49,0.34,412.88,418.37,,NNE,,19.96,100872.38,100831.99,
011HI,2024-01-16T09:30:00Z,99070.0,20.428,97.0,0.17,13.6,0.916,0.09,,0.0,50.4,49.0,56.0,12.53,-4.97,-0.33,-4.64,0.42,414.04,418.68,,NNE,,19.93,100862.2,100821.58,
011HI,2024-01-16T09:35:00Z,99080.0,20.489,96.4,0.129,15.25,0.751,0.17,,0.0,50.4,49.0,56.0,12.52,-6.62,-0.4,-6.22,0.57,412.71,418.93,,NNE,,19.89,100872.38,100831.39,
011HI,2024-01-16T09:40:00Z,99080.0,20.539,96.1,0.278,29.56,0.72,0.0,,0.0,50.3,49.0,56.0,12.53,-6.03,-0.89,-5.13,0.42,413.79,418.92,,NNE,,19.89,100872.38,100831.09,
011HI,2024-01-16T09:45:00Z,99080.0,20.622,95.3,0.129,20.96,0.653,0.0,,0.0,50.4,49.0,56.0,12.53,-7.12,-0.84,-6.28,0.72,413.06,419.34,,NNE,,19.84,100872.38,100830.59,
011HI,2024-01-16T09:50:00Z,99080.0,20.672,95.3,0.123,13.59,0.489,0.0,,0.0,50.4,49.0,56.0,12.52,-10.05,-0.9,-9.15,0.28,409.83,418.98,,NNE,,19.89,100872.38,100830.29,
011HI,2024-01-16T09:55:00Z,99080.0,20.65,95.4,0.108,6.68,0.684,0.0,,0.0,50.3,49.0,56.0,12.52,-19.53,-1.44,-18.08,0.17,399.92,,,N,,19.88,100872.38,100830.42,
