# STATION: 012HI
# STATION NAME: Nuuanu Res 1
# LATITUDE: 21.33910
# LONGITUDE: -157.83690
# ELEVATION [ft]: 384.0
# STATE: HI
Station_ID,Date_Time,pressure_set_1,air_temp_set_1,relative_humidity_set_1,wind_speed_set_1,wind_direction_set_1,wind_gust_set_1,solar_radiation_set_1,soil_temp_set_1,soil_temp_set_2,soil_temp_set_3,soil_temp_set_4,precip_accum_five_minute_set_1,soil_moisture_set_1,soil_moisture_set_2,soil_moisture_set_3,volt_set_1,net_radiation_set_1,net_radiation_sw_set_1,net_radiation_lw_set_1,outgoing_radiation_sw_set_1,incoming_radiation_lw_set_1,outgoing_radiation_lw_set_1,wind_chill_set_1d,wind_cardinal_direction_set_1d,heat_index_set_1d,dew_point_temperature_set_1d,altimeter_set_1d,sea_level_pressure_set_1d,wet_bulb_temperature_set_1d
,,Pascals,Celsius,%,m/s,Degrees,m/s,W/m**2,Celsius,Celsius,Celsius,Celsius,Millimeters,%,%,%,volts,W/m**2,W/m**2,W/m**2,W/m**2,W/m**2,W/m**2,Celsius,code,Celsius,Celsius,Pascals,Pascals,Celsius
012HI,2024-01-15T10:05:00Z,99760.0,17.939,85.6,0.869,49.25,1.831,0.0,21.344,22.65,22.95,21.428,0.0,49.3,50.3,49.8,13.12,-75.17,-5.45,-69.73,1.33,333.53,403.25,,NE,,15.47,101156.64,101137.87,
012HI,2024-01-15T10:10:00Z,99760.0,17.9,85.4,1.008,54.2,1.831,0.0,21.317,22.65,22.95,21.428,0.0,49.3,50.3,49.7,13.07,-75.61,-5.62,-69.99,1.27,332.7,402.69,,NE,,15.4,101156.64,101138.06,
012HI,2024-01-15T10:15:00Z,99750.0,17.861,85.5,0.514,47.69,1.276,0.0,21.317,22.65,22.95,21.378,0.0,49.3,50.3,49.7,13.02,-74.91,-5.8,-69.12,1.31,337.31,406.43,,NE,,15.38,101146.5,101128.1,
012HI,2024-01-15T10:20:00Z,99740.0,17.828,85.5,0.751,49.22,1.497,0.0,21.283,22.589,22.939,21.361,0.0,49.2,50.3,49.8,13.1,-76.14,-5.87,-70.28,1.05,333.24,403.52,,NE,,15.35,101136.36,101118.12,
012HI,2024-01-15T10:25:00Z,99740.0,17.811,85.7,0.731,44.69,1.667,0.0,21.222,22.572,22.95,21.328,0.0,49.2,50.3,49.7,13.11,-75.6,-5.73,-69.87,1.25,332.15,402.02,,NE,,15.37,101136.36,101118.2,
012HI,2024-01-15T10:30:00Z,99730.0,17.778,85.7,0.633,53.93,1.775,0.0,21.189,22.55,22.961,21.278,0.0,49.2,50.3,49.8,13.06,-75.23,-5.92,-69.31,1.37,331.94,401.25,,NE,,15.33,101126.22,101108.22,
012HI,2024-01-15T10:35:00Z,99730.0,17.75,85.7,0.628,53.37,1.389,0.0,21.2,22.522,22.972,21.239,0.0,49.2,50.3,49.7,13.01,-73.69,-5.8,-67.89,1.31,337.41,405.3,,NE,,15.31,101126.22,101108.36,
012HI,2024-01-15T10:40:00Z,99730.0,17.722,86.0,0.592,51.05,1.667,0.0,21.167,22.511,22.961,21.222,0.0,49.2,50.3,49.7,13.1,-74.3,-5.79,-68.51,1.2,334.04,402.55,,NE,,15.33,101126.22,101108.49,
012HI,2024-01-15T10:45:00Z,99740.0,17.778,86.1,0.849,54.03,1.945,0.0,21.1,22.5,22.928,21.189,0.0,49.2,50.3,49.8,13.06,-74.14,-5.48,-68.66,1.37,333.11,401.77,,NE,,15.41,101136.36,101118.36,
012HI,2024-01-15T10:50:00Z,99740.0,17.75,85.9,0.988,51.26,2.222,0.0,21.094,22.461,22.961,21.15,0.0,49.2,50.3,49.8,13.01,-73.36,-5.37,-67.99,1.18,337.95,405.94,,NE,,15.34,101136.36,101118.5,
012HI,2024-01-15T10:55:00Z,99740.0,17.661,86.0,0.592,58.19,1.276,0.0,21.061,22.428,22.972,21.128,0.0,49.2,50.3,49.8,13.1,-74.06,-5.87,-68.19,1.0,334.16,402.36,,ENE,,15.27,101136.36,101118.92,
012HI,2024-01-15T11:00:00Z,99740.0,17.65,86.1,1.101,59.54,1.667,0.0,20.994,22.411,22.961,21.1,0.0,49.2,50.3,49.7,13.11,-73.63,-5.36,-68.27,1.07,333.19,401.46,,ENE,,15.28,101136.36,101118.97,
012HI,2024-01-15T11:05:00Z,99740.0,17.622,86.2,0.998,49.39,1.775,0.0,20.961,22.389,22.972,21.072,0.0,49.1,50.3,49.7,13.05,-73.36,-5.39,-67.98,1.16,332.92,400.89,,NE,,15.27,101136.36,101119.11,
012HI,2024-01-15T11:10:00Z,99740.0,17.511,86.2,0.772,52.49,1.446,0.0,20.972,22.372,22.961,21.028,0.0,49.2,50.3,49.7,13.0,-71.82,-5.62,-66.2,1.0,338.33,404.53,,NE,,15.16,101136.36,101119.64,
012HI,2024-01-15T11:15:00Z,99740.0,17.522,86.5,1.163,55.15,1.667,0.0,20.944,22.35,22.961,20.989,0.0,49.1,50.3,49.7,13.09,-73.25,-5.24,-68.01,0.92,334.24,402.25,,NE,,15.23,101136.36,101119.58,
012HI,2024-01-15T11:20:00Z,99740.0,17.472,86.5,1.111,59.33,1.831,0.0,20.878,22.328,22.961,20.978,0.0,49.1,50.3,49.8,13.1,-73.0,-5.18,-67.82,0.93,332.97,400.79,,ENE,,15.18,101136.36,101119.82,
012HI,2024-01-15T11:25:00Z,99730.0,17.478,86.6,1.091,55.56,1.888,0.0,20.844,22.3,22.961,20.939,0.0,49.1,50.3,49.8,13.05,-72.65,-5.11,-67.54,1.09,332.81,400.36,,NE,,15.2,101126.22,101109.66,
012HI,2024-01-15T11:30:00Z,99730.0,17.378,86.6,1.194,52.62,2.053,0.0,20.856,22.3,22.95,20.922,0.0,49.1,50.3,49.7,12.99,-71.61,-5.31,-66.3,0.93,338.02,404.32,,NE,,15.1,101126.22,101110.13,
012HI,2024-01-15T11:35:00Z,99720.0,17.3,86.7,1.471,53.08,2.387,0.0,20.828,22.272,22.978,20.911,0.0,49.1,50.3,49.7,13.09,-73.32,-5.09,-68.23,0.71,333.28,401.51,,NE,,15.04,101116.08,101100.37,
012HI,2024-01-15T11:40:00Z,99720.0,17.3,86.9,1.379,53.28,2.557,0.0,20.756,22.25,22.989,20.878,0.0,49.1,50.3,49.7,13.04,-73.52,-5.11,-68.41,0.95,331.68,400.1,,NE,,15.08,101116.08,101100.37,
012HI,2024-01-15T11:45:00Z,99720.0,17.261,87.0,1.235,53.68,2.222,0.0,20.761,22.211,22.972,20.85,0.0,49.1,50.3,49.7,13.0,-72.76,-5.22,-67.54,0.94,336.49,404.03,,NE,,15.06,101116.08,101100.56,
012HI,2024-01-15T11:50:00Z,99720.0,17.239,87.1,1.034,52.81,,0.0,20.739,22.2,22.972,20.822,0.0,49.0,50.3,49.7,13.08,-73.74,-5.33,-68.4,0.82,332.43,400.83,,NE,,15.06,101116.08,101100.66,
012HI,2024-01-15T11:55:00Z,99720.0,17.3,87.2,1.085,58.11,1.775,0.0,20.683,22.178,22.972,20.772,0.0,49.0,50.3,49.7,13.04,-73.42,-5.2,-68.22,1.05,331.34,399.56,,ENE,,15.13,101116.08,101100.37,
012HI,2024-01-15T12:00:00Z,99730.0,17.3,87.1,1.06,50.68,1.775,0.0,20.694,22.161,22.972,20.772,0.0,49.0,50.3,49.7,12.99,-72.32,-5.34,-66.98,1.07,336.71,403.69,,NE,,15.12,101126.22,101110.51,
012HI,2024-01-15T12:05:00Z,99720.0,17.289,87.1,1.302,56.23,2.665,0.0,20.667,22.111,22.972,20.728,0.0,49.0,50.3,49.7,13.08,-73.46,-5.25,-68.21,0.86,332.71,400.93,,NE,,15.11,101116.08,101100.42,
012HI,2024-01-15T12:10:00Z,99710.0,17.3,87.1,0.988,50.63,,0.0,20.6,22.111,22.961,20.711,0.0,49.0,50.3,49.7,13.03,-73.28,-5.2,-68.08,0.95,331.27,399.36,,NE,,15.12,101105.94,101090.23,
012HI,2024-01-15T12:15:00Z,99700.0,17.278,87.1,0.936,53.14,1.888,0.0,20.617,22.111,23.0,20.7,0.0,49.0,50.3,49.7,12.99,-71.91,-5.38,-66.53,0.98,336.58,403.11,,NE,,15.09,101095.8,101080.2,
012HI,2024-01-15T12:20:00Z,99700.0,17.4,87.1,1.127,57.27,1.775,0.0,20.583,22.078,22.978,20.661,0.0,49.0,50.3,49.8,13.07,-73.23,-5.06,-68.17,1.12,332.8,400.97,,ENE,,15.21,101095.8,101079.61,
012HI,2024-01-15T12:25:00Z,99690.0,17.461,86.8,0.936,53.61,1.775,0.0,20.517,22.039,22.978,20.628,0.0,49.0,50.3,49.7,13.03,-73.36,-5.25,-68.11,1.1,331.24,399.36,,NE,,15.22,101085.66,101069.18,
012HI,2024-01-15T12:30:00Z,99680.0,17.461,86.6,0.864,55.04,1.61,0.0,20.528,22.039,22.961,20.589,0.0,48.9,50.3,49.7,12.98,-72.48,-5.51,-66.97,1.12,336.28,403.25,,NE,,15.18,101075.52,101059.05,
012HI,2024-01-15T12:35:00Z,99670.0,17.439,86.5,1.173,55.16,2.222,0.0,20.5,21.989,22.961,20.578,0.0,48.9,50.3,49.8,13.07,-74.04,-5.22,-68.82,0.75,331.72,400.54,,NE,,15.14,101065.38,101049.01,
012HI,2024-01-15T12:40:00Z,99670.0,17.411,86.4,0.849,52.9,1.667,0.0,20.439,21.989,23.0,20.55,0.0,48.9,50.3,49.7,13.08,-73.6,-5.41,-68.19,0.8,330.35,398.54,,NE,,15.1,101065.38,101049.15,
012HI,2024-01-15T12:45:00Z,99670.0,17.289,86.4,1.374,59.38,2.109,0.0,20.422,21.961,22.978,20.522,0.0,48.9,50.3,49.8,13.03,-73.36,-5.04,-68.32,0.76,329.99,398.31,,ENE,,14.98,101065.38,101049.73,
012HI,2024-01-15T12:50:00Z,99680.0,17.189,86.8,1.163,58.23,2.053,0.0,20.439,21.939,22.978,20.5,0.0,48.9,50.3,49.7,12.98,-71.94,-5.23,-66.72,0.85,335.71,402.43,,ENE,,14.95,101075.52,101060.35,
012HI,2024-01-15T12:55:00Z,99680.0,17.272,87.0,1.271,56.85,2.166,0.0,20.411,21.928,23.011,20.478,0.0,48.9,50.3,49.7,13.07,-73.54,-5.03,-68.51,0.99,331.63,400.15,,ENE,,15.07,101075.52,101059.95,
012HI,2024-01-15T13:00:00Z,99670.0,17.339,87.0,1.266,58.88,2.33,0.0,20.344,21.9,22.989,20.439,0.0,48.9,50.3,49.7,13.02,-73.27,-5.16,-68.12,1.14,330.73,398.85,,ENE,,15.14,101065.38,101049.49,
012HI,2024-01-15T13:05:00Z,99670.0,17.422,86.9,1.101,56.2,1.888,0.0,20.35,21.878,22.989,20.45,0.0,48.9,50.3,49.7,12.97,-72.12,-5.2,-66.92,1.22,336.23,403.16,,NE,,15.2,101065.38,101049.09,
012HI,2024-01-15T13:10:00Z,99670.0,17.539,86.8,0.977,49.5,1.831,0.0,20.317,21.861,23.011,20.428,0.0,48.9,50.3,49.7,13.06,-72.94,-5.02,-67.92,,332.69,400.61,,NE,,15.3,101065.38,101048.53,
012HI,2024-01-15T13:15:00Z,99660.0,17.622,86.2,1.019,53.59,1.831,0.0,20.25,21.839,23.0,20.378,0.0,48.9,50.3,49.8,13.07,-72.62,-5.13,-67.48,1.02,331.33,398.81,,NE,,15.27,101055.24,101038.0,
012HI,2024-01-15T13:20:00Z,99660.0,17.428,85.9,1.24,59.29,1.888,0.0,20.233,21.822,23.0,20.372,0.0,48.9,50.3,49.7,13.02,-72.67,-5.19,-67.48,0.68,330.62,398.1,,ENE,,15.03,101055.24,101038.93,
012HI,2024-01-15T13:25:00Z,99660.0,17.239,86.2,1.173,55.24,2.33,0.0,20.261,21.789,22.972,20.35,0.0,48.9,50.3,49.8,12.97,-71.99,-5.36,-66.63,0.57,335.17,401.8,,NE,,14.89,101055.24,101039.83,
012HI,2024-01-15T13:30:00Z,99660.0,17.05,86.5,1.554,58.91,2.387,0.0,20.244,21.789,23.0,20.322,0.0,48.8,50.3,49.8,13.05,-73.99,-5.15,-68.85,0.36,330.04,398.88,,ENE,,14.76,101055.24,101040.74,
012HI,2024-01-15T13:35:00Z,99660.0,16.839,87.0,1.564,56.88,2.33,0.0,20.2,21.772,23.0,20.311,0.0,48.8,50.3,49.7,13.01,-74.37,-5.18,-69.19,0.38,327.7,396.89,,ENE,,14.64,101055.24,101041.75,
012HI,2024-01-15T13:40:00Z,99660.0,16.672,87.5,1.214,60.84,2.109,0.0,20.222,21.75,23.011,20.289,0.0,48.8,50.3,49.7,12.96,-73.78,-5.35,-68.43,0.5,331.93,400.36,,ENE,,14.57,101055.24,101042.55,
012HI,2024-01-15T13:45:00Z,99660.0,16.589,88.1,1.183,36.5,1.775,0.0,20.211,21.739,22.989,20.261,0.0,48.8,50.3,49.7,13.05,-74.74,-5.54,-69.2,0.63,328.05,397.25,,NE,,14.59,101055.24,101042.95,
012HI,2024-01-15T13:50:00Z,99660.0,16.489,88.7,1.657,7.38,3.056,0.0,20.15,21.711,23.0,20.228,0.0,48.8,50.3,49.7,13.0,-72.91,-5.28,-67.63,0.88,327.42,395.05,,N,,14.6,101055.24,101043.43,
012HI,2024-01-15T13:55:00Z,99670.0,16.678,89.2,1.42,40.08,,0.0,20.144,21.689,23.022,20.211,0.0,48.8,50.3,49.7,12.95,-73.04,-5.17,-67.87,1.44,332.66,400.53,,NE,,14.88,101065.38,101052.66,
012HI,2024-01-15T14:00:00Z,99670.0,16.822,89.1,1.194,44.3,2.222,0.0,20.106,21.678,23.0,20.189,0.0,48.8,50.3,49.8,12.99,-74.22,-5.38,-68.84,1.36,329.03,397.87,,NE,,15.0,101065.38,101051.96,
012HI,2024-01-15T14:05:00Z,99670.0,16.761,88.7,1.194,41.44,1.888,0.0,20.083,21.65,23.0,20.178,0.0,48.8,50.3,49.7,12.95,-72.33,-5.42,-66.91,0.94,333.59,400.5,,NE,,14.87,101065.38,101052.26,
012HI,2024-01-15T14:10:00Z,99670.0,16.65,88.8,1.204,39.2,1.831,0.0,20.056,21.65,23.011,20.139,0.0,48.8,50.3,49.8,12.99,-73.29,-5.4,-67.89,0.63,329.38,397.27,,NE,,14.78,101065.38,101052.79,
012HI,2024-01-15T14:15:00Z,99670.0,16.528,88.9,1.327,30.05,2.166,0.0,20.033,21.628,23.0,20.139,0.0,48.8,50.3,49.7,12.94,-71.96,-5.32,-66.64,0.6,333.34,399.98,,NNE,,14.68,101065.38,101053.38,
012HI,2024-01-15T14:20:00Z,99670.0,16.528,89.2,1.327,27.89,2.279,0.0,20.011,21.578,23.0,20.1,0.0,48.8,50.3,49.7,12.98,-72.63,-5.27,-67.36,0.81,329.45,396.82,,NNE,,14.73,101065.38,101053.38,
012HI,2024-01-15T14:25:00Z,99670.0,16.472,89.3,1.667,34.16,2.665,0.0,19.989,21.578,23.0,20.072,0.0,48.8,50.3,49.7,12.95,-71.91,-5.13,-66.78,0.73,333.34,400.11,,NE,,14.69,101065.38,101053.65,
012HI,2024-01-15T14:30:00Z,99670.0,16.472,89.4,1.384,28.53,2.665,0.0,19.967,21.578,22.989,20.061,0.0,48.8,50.3,49.8,12.98,-72.55,-5.15,-67.39,0.76,329.39,396.78,,NNE,,14.71,101065.38,101053.65,
012HI,2024-01-15T14:35:00Z,99670.0,16.522,89.4,1.564,26.58,2.778,0.0,19.944,21.561,23.011,20.028,0.0,48.8,50.3,49.7,12.94,-71.36,-5.13,-66.22,0.94,333.83,400.05,,NNE,,14.76,101065.38,101053.41,
012HI,2024-01-15T14:40:00Z,99670.0,16.561,89.4,1.605,28.35,3.442,0.0,19.911,21.511,23.011,20.022,0.0,48.8,50.3,49.7,12.97,-72.54,-5.01,-67.54,0.86,329.58,397.11,,NNE,,14.8,101065.38,101053.22,
012HI,2024-01-15T14:45:00Z,99670.0,16.628,89.2,1.461,30.62,2.943,0.0,19.889,21.522,23.0,19.989,0.0,48.8,50.3,49.8,12.94,-71.63,-5.05,-66.57,0.91,333.5,400.07,,NNE,,14.83,101065.38,101052.9,
012HI,2024-01-15T14:50:00Z,99660.0,16.6,89.1,1.518,31.31,2.886,0.0,19.861,21.5,23.011,19.961,0.0,48.8,50.3,49.7,12.97,-72.87,-5.15,-67.72,0.67,329.25,396.97,,NNE,,14.78,101055.24,101042.89,
012HI,2024-01-15T14:55:00Z,99660.0,16.628,89.1,1.302,32.83,2.222,0.0,19.844,21.478,23.022,19.95,0.0,48.8,50.3,49.7,12.93,-71.23,-5.21,-66.02,0.84,333.9,399.92,,NNE,,14.81,101055.24,101042.76,
012HI,2024-01-15T15:00:00Z,99660.0,16.5,88.9,1.157,35.23,1.667,0.0,19.822,21.472,23.028,19.928,0.0,48.8,50.3,49.7,12.96,-71.74,-5.34,-66.4,0.49,329.58,395.98,,NE,,14.65,101055.24,101043.37,
012HI,2024-01-15T15:05:00Z,99660.0,16.478,89.5,1.399,36.14,,0.0,19.817,21.439,23.011,19.9,0.0,48.8,50.3,49.8,12.93,-71.09,-5.29,-65.8,0.77,333.75,399.55,,NE,,14.73,101055.24,101043.48,
012HI,2024-01-15T15:10:00Z,99670.0,16.489,89.5,1.482,28.74,2.222,0.0,19.789,21.422,23.011,19.889,0.0,48.7,50.3,49.7,12.96,-72.42,-5.16,-67.26,0.78,329.36,396.61,,NNE,,14.74,101065.38,101053.56,
012HI,2024-01-15T15:15:00Z,99670.0,16.561,89.6,1.543,27.94,2.557,0.0,19.767,21.4,23.011,19.878,0.0,48.7,50.3,49.7,12.92,-71.51,-5.07,-66.44,0.97,333.35,399.79,,NNE,,14.83,101065.38,101053.22,
012HI,2024-01-15T15:20:00Z,99670.0,16.578,89.3,1.497,35.22,2.444,0.0,19.739,21.389,23.011,19.839,0.0,48.7,50.3,49.7,12.95,-72.39,-5.06,-67.34,0.79,329.32,396.65,,NE,,14.8,101065.38,101053.14,
012HI,2024-01-15T15:25:00Z,99670.0,16.55,89.2,1.646,37.24,,0.0,19.722,21.372,23.011,19.822,0.0,48.7,50.3,49.7,12.92,-71.28,-5.04,-66.24,0.71,333.39,399.62,,NE,,14.75,101065.38,101053.27,
012HI,2024-01-15T15:30:00Z,99670.0,16.611,89.3,1.235,30.19,1.945,0.0,19.7,21.339,23.011,19.789,0.0,48.7,50.3,49.8,12.95,-71.86,-5.18,-66.68,0.8,329.67,396.35,,NNE,,14.83,101065.38,101052.98,
012HI,2024-01-15T15:35:00Z,99660.0,16.628,89.2,1.214,36.51,2.053,0.0,19.683,21.322,23.022,19.789,0.0,48.7,50.3,49.7,12.91,-70.13,-5.27,-64.87,0.85,334.27,399.13,,NE,,14.83,101055.24,101042.76,
012HI,2024-01-15T15:40:00Z,99660.0,16.411,89.1,0.905,23.48,1.554,0.0,19.672,21.3,23.022,19.761,0.0,48.7,50.3,49.7,12.94,-70.05,-5.46,-64.58,0.28,329.89,394.47,,NNE,,14.6,101055.24,101043.8,
012HI,2024-01-15T15:45:00Z,99660.0,16.311,89.7,0.947,31.83,2.053,0.0,19.667,21.289,23.022,19.711,0.0,48.7,50.3,49.8,12.91,-69.3,-5.38,-63.92,0.48,333.83,397.75,,NNE,,14.6,101055.24,101044.28,
012HI,2024-01-15T15:50:00Z,99650.0,16.222,90.0,1.137,33.51,2.33,0.0,19.656,21.272,23.028,19.728,0.0,48.7,50.3,49.7,12.94,-70.7,-5.17,-65.53,0.5,329.44,394.97,,NNE,,14.57,101045.1,101034.57,
012HI,2024-01-15T15:55:00Z,99650.0,16.228,90.0,0.679,23.99,1.775,0.0,19.639,21.261,23.022,19.689,0.0,48.7,50.3,49.7,12.9,-68.16,-5.43,-62.73,0.81,334.2,396.93,,NNE,,14.57,101045.1,101034.54,
012HI,2024-01-15T16:00:00Z,99650.0,16.139,90.1,0.247,31.1,0.833,0.0,19.622,21.25,23.022,19.711,0.0,48.7,50.3,49.7,12.93,-68.81,-5.76,-63.05,0.48,329.91,392.96,,NNE,,14.5,101045.1,101034.97,
012HI,2024-01-15T16:05:00Z,99660.0,15.961,90.1,0.782,8.09,,0.0,19.606,21.239,23.05,19.672,0.0,48.7,50.3,49.7,12.9,-67.24,-5.45,-61.8,0.34,334.29,396.09,,N,,14.32,101055.24,101045.97,
012HI,2024-01-15T16:10:00Z,99660.0,15.861,90.6,0.129,30.08,0.777,0.0,19.583,21.211,23.028,19.65,0.0,48.7,50.3,49.7,12.93,-67.86,-5.7,-62.15,0.54,330.5,392.66,,NNE,,14.31,101055.24,101046.45,
012HI,2024-01-15T16:15:00Z,99670.0,15.822,90.7,0.026,347.1,0.499,0.0,19.572,21.178,23.011,19.639,0.0,48.7,50.3,49.7,12.89,-65.47,-5.8,-59.67,0.74,335.12,394.79,,NNW,,14.29,101065.38,101056.78,
012HI,2024-01-15T16:20:00Z,99670.0,15.728,90.9,0.221,22.43,1.446,0.0,19.556,21.189,23.039,19.561,0.0,48.6,50.3,49.7,12.92,-66.31,-5.63,-60.67,0.6,331.1,391.77,,NNE,,14.23,101065.38,101057.23,
012HI,2024-01-15T16:25:00Z,99670.0,15.739,91.3,0.545,54.63,,0.0,19.533,21.15,23.039,19.6,0.0,48.6,50.3,49.7,12.89,-64.6,-5.25,-59.34,0.73,336.0,395.34,,NE,,14.31,101065.38,101057.18,
012HI,2024-01-15T16:30:00Z,99670.0,15.978,91.6,1.096,45.9,2.387,0.0,19.494,21.15,23.011,19.578,0.0,48.6,50.3,49.7,12.92,-66.64,-4.91,-61.73,1.23,332.17,393.9,,NE,,14.6,101065.38,101056.02,
012HI,2024-01-15T16:35:00Z,99670.0,15.928,91.4,0.545,52.04,1.945,0.0,19.461,21.128,23.028,19.55,0.0,48.6,50.3,49.7,12.89,-64.28,-5.27,-59.02,0.87,336.72,395.74,,NE,,14.52,101065.38,101056.27,
012HI,2024-01-15T16:40:00Z,99670.0,16.2,91.8,1.147,42.09,,0.0,19.428,21.122,23.028,19.5,0.0,48.6,50.3,49.7,12.92,-66.34,-4.89,-61.45,1.4,332.82,394.27,,NE,,14.85,101065.38,101054.95,
012HI,2024-01-15T16:45:00Z,99670.0,16.261,91.7,1.024,38.75,1.888,0.0,19.394,21.111,23.028,19.528,0.0,48.6,50.3,49.7,12.89,-65.71,-5.06,-60.65,1.16,337.04,397.69,,NE,,14.9,101065.38,101054.66,
012HI,2024-01-15T16:50:00Z,99670.0,16.311,91.2,0.602,13.51,1.723,0.0,19.367,21.072,23.039,19.511,0.0,48.6,50.3,49.7,12.92,-65.7,-4.97,-60.73,1.04,333.36,394.09,,NNE,,14.86,101065.38,101054.42,
012HI,2024-01-15T16:55:00Z,99670.0,16.389,91.3,1.224,20.25,2.33,0.0,19.344,21.078,23.039,19.5,0.0,48.6,50.3,49.7,12.88,-64.89,-4.7,-60.19,1.19,337.7,397.89,,NNE,,14.96,101065.38,101054.04,
012HI,2024-01-15T17:00:00Z,99670.0,16.289,91.4,1.152,3.91,2.166,0.0,19.328,21.072,23.05,19.461,0.0,48.6,50.3,49.7,12.91,-64.13,-4.43,-59.7,0.94,334.29,393.99,,N,,14.87,101065.38,101054.52,
012HI,2024-01-15T17:05:00Z,99670.0,16.289,91.5,0.612,61.06,1.276,0.0,19.317,21.022,23.028,19.428,0.0,48.6,50.3,49.7,12.88,-63.38,-3.62,-59.76,0.96,337.57,397.33,,ENE,,14.89,101065.38,101054.52,
012HI,2024-01-15T17:10:00Z,99670.0,16.3,91.5,0.941,24.14,1.667,0.0,19.3,21.011,23.039,19.428,0.0,48.6,50.3,49.7,12.91,-62.86,-2.11,-60.75,1.12,333.59,394.34,,NNE,,14.9,101065.38,101054.47,
012HI,2024-01-15T17:15:00Z,99660.0,16.328,91.6,0.581,33.52,1.389,1.27,19.283,20.989,23.039,19.389,0.0,48.5,50.3,49.7,12.88,-60.44,-0.19,-60.25,1.46,337.6,397.85,,NNE,,14.95,101055.24,101044.2,
012HI,2024-01-15T17:20:00Z,99670.0,16.561,91.9,0.226,346.7,0.941,4.95,19.267,21.0,23.022,19.389,0.0,48.5,50.3,49.7,12.91,-58.17,2.47,-60.63,2.49,334.42,395.06,,NNW,,15.23,101065.38,101053.21,
012HI,2024-01-15T17:25:00Z,99670.0,16.439,91.5,0.427,43.99,1.61,7.85,19.256,20.972,23.0,19.372,0.0,48.5,50.3,49.7,12.88,-53.83,5.59,-59.42,2.26,338.6,398.02,,NE,,15.04,101065.38,101053.8,
012HI,2024-01-15T17:30:00Z,99660.0,16.65,91.7,0.967,6.62,2.557,12.48,19.239,20.95,23.039,19.378,0.0,48.5,50.3,49.7,12.91,-52.22,9.21,-61.44,3.27,334.9,396.34,,N,,15.28,101055.24,101042.65,
012HI,2024-01-15T17:35:00Z,99660.0,16.672,91.6,0.818,23.97,2.279,15.91,19.222,20.939,23.028,19.328,0.0,48.5,50.2,49.7,12.88,-47.86,12.54,-60.39,3.38,339.01,399.4,,NNE,,15.29,101055.24,101042.54,
012HI,2024-01-15T17:40:00Z,99660.0,16.711,91.6,0.669,356.0,1.554,19.56,19.211,20.939,23.039,19.35,0.0,48.5,50.3,49.7,12.91,-45.05,15.79,-60.84,3.77,335.59,396.43,,N,,15.33,101055.24,101042.35,
012HI,2024-01-15T17:45:00Z,99670.0,16.922,91.7,0.653,55.57,1.554,23.68,19.194,20.922,23.028,19.311,0.0,48.5,50.2,49.7,12.88,-41.83,19.32,-61.16,4.35,339.5,400.66,,NE,,15.55,101065.38,101051.48,
012HI,2024-01-15T17:50:00Z,99670.0,16.911,91.4,0.489,23.27,1.224,26.94,19.183,20.911,23.039,19.272,0.0,48.5,50.2,49.7,12.92,-39.81,22.53,-62.34,4.41,335.22,397.56,,NNE,,15.49,101065.38,101051.53,
012HI,2024-01-15T17:55:00Z,99670.0,16.922,91.1,0.746,344.9,1.888,30.83,19.178,20.889,23.022,19.289,0.0,48.5,50.2,49.7,12.89,-35.73,25.96,-61.69,4.87,339.66,401.36,,NNW,,15.45,101065.38,101051.48,
012HI,2024-01-15T18:00:00Z,99670.0,16.828,91.3,0.653,1.49,1.831,35.01,19.172,20.839,23.05,19.3,0.0,48.5,50.3,49.7,12.93,-32.08,29.81,-61.89,5.2,336.57,398.46,,N,,15.39,101065.38,101051.93,
012HI,2024-01-15T18:05:00Z,99680.0,16.811,91.3,0.622,19.45,1.667,40.02,19.167,20.85,23.039,19.278,0.0,48.5,50.2,49.7,12.89,-27.61,33.99,-61.61,6.03,340.58,402.18,,NNE,,15.37,101075.52,101062.15,
012HI,2024-01-15T18:10:00Z,99680.0,16.739,91.3,0.509,55.01,1.224,42.67,19.167,20.828,23.039,19.261,0.0,48.5,50.3,49.7,12.99,-26.29,36.64,-62.94,6.02,336.42,399.35,,NE,,15.3,101075.52,101062.5,
012HI,2024-01-15T18:15:00Z,99690.0,16.889,91.7,0.19,70.63,1.055,48.07,19.133,20.828,23.061,19.3,0.0,48.5,50.3,49.7,12.97,-22.54,40.68,-63.22,7.39,335.38,398.6,,ENE,,15.52,101085.66,101071.92,
012HI,2024-01-15T18:20:00Z,99690.0,16.872,91.5,0.787,345.6,1.389,67.79,19.167,20.822,23.05,19.272,0.0,48.5,50.3,49.7,12.95,2.78,57.91,-55.13,9.88,348.19,403.33,,NNW,,15.47,101085.66,101072.0,
012HI,2024-01-15T18:25:00Z,99690.0,17.022,92.0,0.694,93.0,1.446,211.82,19.156,20.8,23.039,19.278,0.0,48.5,50.3,49.7,13.24,111.79,177.02,-65.23,34.8,339.73,404.96,,E,,15.7,101085.66,101071.28,
012HI,2024-01-15T18:30:00Z,99690.0,17.261,91.7,1.065,351.4,2.109,237.65,19.083,20.761,23.039,19.278,0.0,48.5,50.2,49.7,13.42,126.34,195.65,-69.31,42.0,338.0,407.31,,N,,15.89,101085.66,101070.13,
012HI,2024-01-15T18:35:00Z,99690.0,17.372,92.0,0.859,84.7,1.554,174.75,19.072,20.772,23.039,19.278,0.0,48.4,50.2,49.7,13.46,77.55,146.57,-69.02,28.18,338.91,407.93,,E,,16.05,101085.66,101069.6,
012HI,2024-01-15T18:40:00Z,99690.0,17.711,91.8,0.7,52.6,1.168,105.04,19.089,20.75,23.05,19.3,0.0,48.4,50.2,49.7,13.35,20.31,89.39,-69.08,15.65,338.76,407.84,,NE,,16.35,101085.66,101067.98,
012HI,2024-01-15T18:45:00Z,99700.0,17.639,90.7,0.556,334.9,1.224,80.74,19.122,20.778,23.028,19.322,0.0,48.5,50.2,49.7,13.38,5.33,69.96,-64.63,10.79,340.86,405.49,,NNW,,16.09,101095.8,101078.47,
012HI,2024-01-15T18:50:00Z,99700.0,17.828,91.4,0.293,128.6,2.33,323.96,19.15,20.728,23.061,19.378,0.0,48.4,50.2,49.7,13.66,196.37,266.12,-69.75,57.84,344.02,413.78,,SE,,16.4,101095.8,101077.56,
012HI,2024-01-15T18:55:00Z,99700.0,18.378,91.4,0.581,87.6,2.109,294.01,19.139,20.739,23.028,19.389,0.0,48.4,50.2,49.7,13.61,172.02,243.14,-71.11,50.88,346.59,417.7,,E,,16.94,101095.8,101074.94,
012HI,2024-01-15T19:00:00Z,99710.0,18.628,90.4,0.545,356.7,1.446,280.35,19.15,20.722,23.061,19.428,0.0,48.4,50.2,49.7,13.76,172.76,232.77,-60.0,47.59,359.96,419.96,,N,,17.01,101105.94,101083.9,
012HI,2024-01-15T19:05:00Z,99710.0,19.072,89.8,0.875,19.74,,272.02,19.172,20.7,23.05,19.472,0.0,48.4,50.2,49.7,13.68,179.14,227.0,-47.86,45.02,376.65,424.51,,NNE,,17.35,101105.94,101081.8,
012HI,2024-01-15T19:10:00Z,99710.0,19.411,88.7,0.947,72.53,1.446,392.99,19.222,20.678,23.05,19.561,0.0,48.5,50.2,49.8,13.73,269.32,324.92,-55.6,68.07,372.46,428.06,,ENE,,17.48,101105.94,101080.2,
012HI,2024-01-15T19:15:00Z,99710.0,19.85,87.6,0.705,83.3,1.332,293.37,19.272,20.678,23.05,19.6,0.0,48.5,50.2,49.7,13.68,186.67,244.68,-58.01,48.68,372.85,430.87,,E,,17.72,101105.94,101078.13,
012HI,2024-01-15T19:20:00Z,99710.0,20.3,85.9,0.607,345.9,1.111,338.87,19.344,20.689,23.028,19.672,0.0,48.5,50.2,49.7,13.72,240.13,281.84,-41.71,57.04,392.26,433.97,,NNW,,17.85,101105.94,101076.02,
012HI,2024-01-15T19:25:00Z,99710.0,20.561,85.3,0.149,347.7,0.777,257.55,19.433,20.65,23.039,19.739,0.0,48.5,50.2,49.7,13.72,164.95,215.69,-50.73,41.87,384.53,435.27,,NNW,,17.99,101105.94,101074.8,
012HI,2024-01-15T19:30:00Z,99710.0,20.911,84.2,0.478,338.8,1.055,460.3,19.528,20.661,23.039,19.861,0.0,48.5,50.2,49.7,13.72,311.9,380.36,-68.47,79.93,373.03,441.5,,NNW,,18.13,101105.94,101073.16,
012HI,2024-01-15T19:35:00Z,99700.0,21.189,82.3,0.087,350.8,0.998,466.3,19.611,20.628,23.061,19.928,0.0,48.5,50.2,49.7,13.72,311.98,387.65,-75.67,78.65,369.28,444.95,,N,,18.04,101095.8,101061.73,
012HI,2024-01-15T19:40:00Z,99700.0,21.589,80.4,0.159,12.87,0.941,595.4,19.706,20.678,23.05,20.05,0.0,48.5,50.2,49.7,13.71,414.26,491.52,-77.26,103.88,373.26,450.53,,NNE,,18.05,101095.8,101059.87,
012HI,2024-01-15T19:45:00Z,99700.0,22.361,79.11,0.057,243.8,0.612,566.01,19.794,20.711,23.05,20.161,0.0,48.5,50.2,49.7,13.69,383.88,468.38,-84.49,97.64,370.5,455.0,,WSW,,18.55,101095.8,101056.3,
012HI,2024-01-15T19:50:00Z,99690.0,22.772,76.1,0.36,283.5,1.61,584.03,19.894,20.678,23.061,20.261,0.0,48.5,50.2,49.7,13.68,388.47,484.39,-95.91,99.64,360.73,456.65,,WNW,,18.32,101085.66,101044.27,
012HI,2024-01-15T19:55:00Z,99690.0,22.661,74.33,0.437,325.5,1.055,573.54,19.994,20.661,23.05,20.428,0.0,48.5,50.2,49.7,13.67,377.64,477.74,-100.09,95.8,358.24,458.33,,NW,,17.84,101085.66,101044.78,
012HI,2024-01-15T20:00:00Z,99690.0,22.561,73.65,1.502,223.0,3.334,298.91,20.078,20.65,23.061,20.578,0.0,48.6,50.6,49.7,13.67,171.27,254.79,-83.53,44.11,365.05,448.58,,SW,,17.6,101085.66,101045.25,
012HI,2024-01-15T20:05:00Z,99690.0,22.25,73.54,1.157,203.6,2.557,295.73,20.178,20.678,23.05,20.75,0.0,48.6,50.2,49.7,13.67,180.73,250.04,-69.31,45.69,377.19,446.5,,SSW,,17.27,101085.66,101046.68,
012HI,2024-01-15T20:10:00Z,99680.0,22.322,74.08,0.895,228.8,2.109,568.37,20.267,20.711,23.05,20.9,0.0,48.6,50.2,49.7,13.67,389.9,469.2,-79.3,99.17,376.37,455.67,,SW,,17.46,101075.52,101036.21,
012HI,2024-01-15T20:15:00Z,99680.0,22.572,73.15,1.61,200.0,3.833,565.14,20.317,20.711,23.05,21.039,0.0,48.6,50.2,49.7,13.66,374.94,467.21,-92.26,97.93,365.8,458.07,,SSW,,17.5,101075.52,101035.06,
012HI,2024-01-15T20:20:00Z,99680.0,22.572,72.15,1.615,168.5,3.833,526.52,20.378,20.711,23.039,21.161,0.0,48.6,50.2,49.7,13.66,349.54,435.48,-85.94,91.04,369.37,455.31,,SSE,,17.28,101075.52,101035.06,
012HI,2024-01-15T20:25:00Z,99660.0,22.689,71.91,2.027,158.6,3.776,511.38,20.439,20.728,23.061,21.311,0.0,48.6,50.2,49.7,13.66,325.16,422.42,-97.26,88.96,358.12,455.38,,SSE,,17.34,101055.24,101014.25,
012HI,2024-01-15T20:30:00Z,99660.0,22.789,72.16,1.672,147.0,3.164,399.63,20.539,20.728,23.028,21.411,0.0,48.7,50.2,49.7,13.65,239.85,331.04,-91.19,68.59,360.41,451.6,,SSE,,17.49,101055.24,101013.79,
012HI,2024-01-15T20:35:00Z,99650.0,22.889,72.81,1.538,187.9,2.943,400.91,20.628,20.761,23.039,21.522,0.0,48.7,50.2,49.7,13.66,246.42,332.27,-85.85,68.64,370.69,456.54,,S,,17.73,101045.1,101003.19,
012HI,2024-01-15T20:40:00Z,99650.0,22.678,73.69,1.785,200.6,3.39,654.17,20.717,20.811,23.05,21.622,0.0,48.7,51.8,49.7,13.66,447.48,538.0,-90.51,116.17,370.06,460.57,,SSW,,17.72,101045.1,101004.16,
012HI,2024-01-15T20:45:00Z,99650.0,22.611,73.63,2.042,194.5,5.777,329.11,20.8,20.811,23.061,21.739,0.0,48.7,51.0,49.7,13.66,187.85,272.68,-84.83,56.43,367.53,452.36,,SSW,,17.64,101045.1,101004.47,
012HI,2024-01-15T20:50:00Z,99640.0,22.639,74.21,1.425,170.5,4.275,494.3,20.878,20.878,23.05,21.811,0.0,48.7,51.0,49.7,13.66,317.41,407.55,-90.14,86.75,370.22,460.36,,S,,17.79,101034.96,100994.21,
012HI,2024-01-15T20:55:00Z,99630.0,22.6,73.92,1.765,209.5,3.442,442.68,20.961,20.861,23.061,21.889,0.0,48.6,51.4,49.7,13.67,290.99,365.67,-74.69,77.01,381.98,456.67,,SSW,,17.69,101024.82,100984.25,
012HI,2024-01-15T21:00:00Z,99620.0,22.528,74.66,1.569,186.9,3.498,460.17,21.044,20.9,23.028,21.978,0.0,48.7,51.4,49.7,13.67,303.47,380.53,-77.06,79.64,384.42,461.48,,S,,17.78,101014.68,100974.45,
012HI,2024-01-15T21:05:00Z,99610.0,22.528,74.54,1.394,208.1,2.943,485.06,21.133,20.911,23.061,22.072,0.0,48.7,50.6,49.7,13.67,322.09,399.68,-77.6,85.38,382.94,460.54,,SSW,,17.76,101004.54,100964.31,
012HI,2024-01-15T21:10:00Z,99610.0,22.589,73.55,2.13,214.2,4.831,514.18,21.206,20.922,23.05,22.128,0.0,48.7,51.4,49.7,13.67,336.96,423.7,-86.75,90.48,373.21,459.95,,SW,,17.6,101004.54,100964.03,
012HI,2024-01-15T21:15:00Z,99600.0,22.889,72.92,2.222,197.8,4.332,705.94,21.278,20.972,23.05,22.222,0.0,48.7,52.2,49.7,13.67,486.17,580.42,-94.25,125.52,379.6,473.85,,SSW,,17.76,100994.4,100952.51,
012HI,2024-01-15T21:20:00Z,99590.0,22.728,72.09,2.14,184.0,3.997,533.45,21.378,20.972,23.05,22.3,0.0,48.7,52.2,49.7,13.66,356.67,440.66,-83.99,92.79,382.63,466.61,,S,,17.42,100984.26,100943.12,
012HI,2024-01-15T21:25:00Z,99580.0,22.7,73.25,1.6,189.4,4.609,415.03,21.472,21.0,23.061,22.422,0.0,48.7,52.2,49.7,13.66,264.95,343.18,-78.23,71.84,383.74,461.97,,S,,17.65,100974.12,100933.11,
012HI,2024-01-15T21:30:00Z,99580.0,22.739,72.63,2.372,177.2,5.386,634.87,21.556,21.039,23.028,22.478,0.0,48.7,51.8,49.7,13.66,431.63,522.19,-90.56,112.68,376.38,466.93,,S,,17.55,100974.12,100932.93,
012HI,2024-01-15T21:35:00Z,99560.0,22.85,72.54,2.13,152.9,4.445,445.16,21.628,21.05,23.039,22.578,0.0,48.7,51.8,49.7,13.66,273.55,368.11,-94.57,77.05,371.85,466.41,,SSE,,17.64,100953.84,100912.15,
012HI,2024-01-15T21:40:00Z,99560.0,22.9,72.19,2.3,183.0,4.332,624.82,21.706,21.111,23.05,22.65,0.0,48.7,51.8,49.7,13.66,423.98,514.87,-90.89,109.95,378.54,469.43,,S,,17.61,100953.84,100911.92,
012HI,2024-01-15T21:45:00Z,99550.0,22.972,71.84,1.929,201.9,3.997,317.45,21.778,21.128,23.05,22.711,0.0,48.7,52.1,49.7,13.66,186.61,263.46,-76.86,53.99,385.11,461.96,,SSW,,17.6,100943.7,100901.45,
012HI,2024-01-15T21:50:00Z,99540.0,22.872,72.43,2.526,217.8,4.944,579.66,21.844,21.139,23.05,22.778,0.0,48.7,52.1,49.7,13.66,391.11,477.58,-86.47,102.08,381.79,468.25,,SW,,17.63,100933.56,100891.78,
012HI,2024-01-15T21:55:00Z,99540.0,22.878,72.08,2.197,200.5,3.997,740.36,21.906,21.178,23.028,22.872,0.0,48.8,52.1,49.7,13.66,511.7,606.9,-95.2,133.45,378.14,473.34,,SSW,,17.56,100933.56,100891.75,
012HI,2024-01-15T22:00:00Z,99520.0,23.15,71.67,2.315,197.9,3.719,969.09,21.967,21.189,23.05,22.928,0.0,48.8,52.1,49.7,13.66,682.31,793.77,-111.46,175.32,377.11,488.57,,SSW,,17.73,100913.28,100870.23,
012HI,2024-01-15T22:05:00Z,99510.0,23.261,71.36,2.469,194.2,4.388,988.02,22.072,21.239,23.061,22.978,0.0,48.7,52.1,49.7,13.65,705.66,810.9,-105.25,177.12,389.56,494.81,,SSW,,17.77,100903.14,100859.59,
012HI,2024-01-15T22:10:00Z,99500.0,23.289,71.66,1.955,184.3,5.721,523.85,22.211,21.25,23.05,23.089,0.0,48.7,52.1,49.7,13.65,341.84,433.3,-91.46,90.55,389.76,481.22,,S,,17.86,100893.0,100849.32,
012HI,2024-01-15T22:15:00Z,99490.0,23.139,72.08,2.855,151.0,4.944,439.96,22.333,21.272,23.039,23.211,0.0,48.7,52.1,49.7,13.65,285.62,363.75,-78.14,76.21,394.03,472.17,,SSE,,17.81,100882.86,100839.87,
012HI,2024-01-15T22:20:00Z,99470.0,23.078,73.01,1.996,199.5,4.887,878.24,22.422,21.311,23.05,23.328,0.0,48.8,52.1,49.7,13.65,620.95,719.72,-98.78,158.51,389.06,487.84,,SSW,,17.96,100862.58,100819.88,
012HI,2024-01-15T22:25:00Z,99470.0,23.522,71.26,1.981,156.4,5.386,892.64,22.511,21.361,23.061,23.45,0.0,48.8,52.1,49.7,13.65,628.43,731.66,-103.24,160.98,391.91,495.14,,SSE,,18.0,100862.58,100817.85,
012HI,2024-01-15T22:30:00Z,99450.0,23.511,70.6,2.721,154.4,5.0,616.12,22.628,21.372,23.05,23.528,0.0,48.8,52.1,49.7,13.63,424.5,507.79,-83.29,108.32,402.9,486.18,,SSE,,17.84,100842.3,100797.63,
012HI,2024-01-15T22:35:00Z,99440.0,23.339,71.12,2.017,190.5,4.944,425.03,22.756,21.411,23.05,23.639,0.0,48.8,52.1,49.6,13.63,281.82,351.98,-70.16,73.05,407.57,477.74,,S,,17.79,100832.16,100788.28,
012HI,2024-01-15T22:40:00Z,99430.0,23.178,73.1,1.693,226.1,3.39,578.42,22.839,21.428,23.011,23.739,0.0,48.8,52.1,49.6,13.63,403.56,476.61,-73.05,101.81,408.74,481.78,,SW,,18.07,100822.02,100778.88,
012HI,2024-01-15T22:45:00Z,99420.0,23.45,71.72,2.171,162.6,4.609,722.16,22.906,21.478,23.05,23.828,0.0,48.8,52.1,49.6,13.63,509.0,591.4,-82.4,130.76,404.68,487.08,,SSE,,18.03,100811.88,100767.5,
012HI,2024-01-15T22:50:00Z,99410.0,23.289,70.72,1.862,199.4,3.889,420.22,22.983,21.511,23.039,23.911,0.0,48.8,52.1,49.6,13.63,269.94,347.54,-77.6,72.68,401.36,478.96,,SSW,,17.65,100801.74,100758.1,
012HI,2024-01-15T22:55:00Z,99400.0,22.9,72.39,2.161,187.0,3.997,431.36,23.067,21.572,23.05,23.978,0.0,48.8,52.1,49.6,13.63,297.16,356.45,-59.3,74.91,416.07,475.37,,S,,17.65,100791.6,100749.75,
012HI,2024-01-15T23:00:00Z,99380.0,23.011,73.53,1.636,182.7,3.277,432.74,23.128,21.6,23.061,24.072,0.0,48.8,52.1,49.7,13.63,297.74,356.45,-58.72,76.29,417.24,475.95,,S,,18.01,100771.32,100728.96,
012HI,2024-01-15T23:05:00Z,99380.0,23.022,73.33,1.945,185.5,4.332,742.18,23.167,21.622,23.039,24.128,0.0,48.8,52.1,49.6,13.63,538.21,606.43,-68.22,135.75,415.15,483.36,,S,,17.97,100771.32,100728.91,
012HI,2024-01-15T23:10:00Z,99360.0,23.239,71.89,1.862,194.2,4.388,511.29,23.211,21.661,23.05,24.178,0.0,48.8,52.1,49.6,13.63,341.75,421.83,-80.08,89.46,405.6,485.67,,SSW,,17.87,100751.04,100707.65,
012HI,2024-01-15T23:15:00Z,99350.0,23.15,72.32,1.08,162.4,4.717,498.99,23.289,21.711,23.039,24.211,0.0,48.8,52.1,49.7,13.62,343.02,410.65,-67.63,88.34,414.15,481.78,,SSE,,17.88,100740.9,100697.92,
012HI,2024-01-15T23:20:00Z,99350.0,23.2,71.97,2.567,167.6,4.831,455.77,23.356,21.739,23.039,24.25,0.0,48.7,52.1,49.6,13.64,313.23,375.9,-62.67,79.87,414.93,477.59,,SSE,,17.85,100740.9,100697.69,
012HI,2024-01-15T23:25:00Z,99330.0,23.1,72.76,1.842,164.4,4.054,490.21,23.411,21.75,23.028,24.328,0.0,48.8,52.1,49.6,13.64,342.66,403.64,-60.98,86.57,417.04,478.02,,SSE,,17.93,100720.62,100677.88,
012HI,2024-01-15T23:30:00Z,99330.0,23.2,72.42,2.145,178.9,4.388,442.71,23.456,21.822,23.039,24.372,0.0,48.8,52.1,49.7,13.64,302.53,364.27,-61.74,78.44,415.06,476.81,,S,,17.95,100720.62,100677.42,
012HI,2024-01-15T23:35:00Z,99330.0,23.072,72.69,1.991,210.5,4.609,505.79,23.494,21.811,23.039,24.411,0.0,48.8,52.1,49.7,13.64,353.75,416.24,-62.49,89.55,415.27,477.76,,SSW,,17.88,100720.62,100678.01,
012HI,2024-01-15T23:40:00Z,99320.0,23.278,72.04,2.032,191.6,4.218,565.82,23.528,21.889,23.028,24.439,0.0,48.8,52.1,49.6,13.64,388.72,464.93,-76.21,100.89,405.71,481.92,,SSW,,17.94,100710.48,100666.93,
012HI,2024-01-15T23:45:00Z,99320.0,23.322,71.22,1.672,203.5,3.663,500.15,23.572,21.928,23.039,24.478,0.0,48.8,52.1,49.6,13.64,334.88,411.32,-76.44,88.83,403.42,479.86,,SSW,,17.8,100710.48,100666.73,
012HI,2024-01-15T23:50:00Z,99310.0,23.289,71.49,1.965,189.0,4.388,534.15,23.622,21.9,23.039,24.478,0.0,48.8,52.1,49.6,13.64,364.93,438.9,-73.97,95.24,407.28,481.25,,S,,17.83,100700.34,100656.74,
012HI,2024-01-15T23:55:00Z,99310.0,23.239,71.81,2.078,210.5,3.941,457.28,23.672,21.989,23.011,24.55,0.0,48.8,52.1,49.6,13.64,311.03,376.52,-65.49,80.76,412.9,478.39,,SSW,,17.85,100700.34,100656.97,
012HI,2024-01-16T00:00:00Z,99310.0,23.278,72.38,2.264,194.6,5.052,419.9,23.711,22.022,23.039,24.589,0.0,48.8,52.1,49.6,13.64,282.52,345.73,-63.21,74.17,413.23,476.44,,SSW,,18.01,100700.34,100656.79,
012HI,2024-01-16T00:05:00Z,99300.0,23.011,72.75,2.022,193.6,5.0,441.21,23.739,22.039,23.022,24.622,0.0,48.8,52.1,49.6,13.64,302.38,363.46,-61.08,77.74,413.89,474.97,,SSW,,17.84,100690.2,100647.88,
012HI,2024-01-16T00:10:00Z,99300.0,22.922,72.67,2.104,157.9,4.944,420.42,23.761,22.078,23.028,24.672,0.0,48.8,52.1,49.6,13.64,287.28,345.52,-58.24,74.9,415.6,473.84,,SSE,,17.73,100690.2,100648.29,
012HI,2024-01-16T00:15:00Z,99300.0,23.278,72.5,1.965,202.1,3.555,586.07,23.778,22.111,23.028,24.678,0.0,48.7,52.1,49.6,13.64,401.45,479.27,-77.82,106.79,404.51,482.33,,SSW,,18.04,100690.2,100646.66,
012HI,2024-01-16T00:20:00Z,99300.0,23.428,71.36,1.981,184.7,3.997,471.02,23.817,22.139,23.028,24.689,0.0,48.8,52.1,49.6,13.64,313.71,386.28,-72.57,84.74,405.56,478.14,,S,,17.93,100690.2,100645.97,
012HI,2024-01-16T00:25:00Z,99300.0,23.261,72.16,2.356,178.6,4.887,395.02,23.856,22.178,23.022,24.728,0.0,48.7,52.1,49.6,13.64,260.06,325.2,-65.14,69.82,410.07,475.21,,S,,17.95,100690.2,100646.74,
012HI,2024-01-16T00:30:00Z,99300.0,23.261,72.13,1.965,182.2,3.611,445.77,23.894,22.211,23.028,24.75,0.0,48.7,52.1,49.6,13.64,301.85,365.78,-63.93,79.99,411.41,475.34,,S,,17.94,100690.2,100646.74,
012HI,2024-01-16T00:35:00Z,99300.0,23.322,72.24,1.605,161.2,3.442,377.17,23.917,22.239,23.022,24.789,0.0,48.7,52.1,49.6,13.64,243.55,309.66,-66.11,67.51,407.96,474.06,,SSE,,18.02,100690.2,100646.46,
012HI,2024-01-16T00:40:00Z,99300.0,23.261,72.48,1.703,173.7,4.054,385.5,23.939,22.272,23.039,24.789,0.0,48.7,52.1,49.6,13.64,252.65,316.72,-64.07,68.78,410.02,474.09,,S,,18.02,100690.2,100646.74,
012HI,2024-01-16T00:45:00Z,99300.0,23.028,72.31,2.089,204.1,4.887,316.73,23.961,22.3,23.011,24.822,0.0,48.7,52.1,49.6,13.64,204.92,261.1,-56.18,55.63,413.71,469.88,,SSW,,17.76,100690.2,100647.8,
012HI,2024-01-16T00:50:00Z,99300.0,22.972,73.29,2.027,180.7,4.332,337.37,23.983,22.339,23.039,24.839,0.0,48.7,52.1,49.6,13.64,225.96,276.74,-50.78,60.63,419.25,470.03,,S,,17.92,100690.2,100648.06,
012HI,2024-01-16T00:55:00Z,99300.0,22.928,72.98,2.742,205.5,5.386,337.9,23.994,22.361,23.022,24.839,0.0,48.7,52.0,49.6,13.64,225.55,277.72,-52.16,60.19,416.19,468.35,,SSW,,17.81,100690.2,100648.26,
012HI,2024-01-16T01:00:00Z,99300.0,23.0,72.88,2.011,201.8,5.0,545.83,,22.4,23.028,24.839,0.0,48.7,52.0,49.6,13.64,384.6,443.57,-58.97,102.25,414.96,473.94,,SSW,,17.85,100690.2,100647.93,
012HI,2024-01-16T01:05:00Z,99300.0,23.528,71.54,2.48,216.8,4.445,764.14,,22.428,22.989,24.839,0.0,48.6,52.0,49.7,13.65,507.11,619.6,-112.49,144.54,373.85,486.34,,SW,,18.07,100690.2,100645.52,
012HI,2024-01-16T01:10:00Z,99300.0,23.472,70.99,2.392,191.8,4.774,428.71,24.061,22.45,23.011,24.839,0.0,48.6,52.1,49.7,13.65,249.83,352.21,-102.38,76.5,374.59,476.96,,SSW,,17.89,100690.2,100645.77,
012HI,2024-01-16T01:15:00Z,99300.0,23.089,72.98,2.418,160.8,4.666,481.63,24.133,22.478,23.011,24.85,0.0,48.6,52.1,49.7,13.65,303.71,393.46,-89.74,88.17,384.76,474.5,,SSE,,17.96,100690.2,100647.52,
012HI,2024-01-16T01:20:00Z,99300.0,23.239,72.48,1.975,158.3,5.386,482.38,24.189,22.5,23.039,24.889,0.0,48.6,52.0,49.7,13.64,305.22,393.65,-88.43,88.73,388.26,476.7,,SSE,,18.0,100690.2,100646.84,
012HI,2024-01-16T01:25:00Z,99300.0,23.239,72.87,2.438,182.4,4.332,384.84,24.228,22.55,23.022,24.9,0.0,48.6,52.0,49.6,13.65,239.9,314.6,-74.71,70.24,398.42,473.13,,S,,18.08,100690.2,100646.84,
012HI,2024-01-16T01:30:00Z,99310.0,23.1,73.58,2.228,204.0,4.275,359.18,24.261,22.55,23.011,24.911,0.0,48.6,52.0,49.6,13.65,227.91,294.7,-66.79,64.47,405.27,472.06,,SSW,,18.1,100700.34,100657.61,
012HI,2024-01-16T01:35:00Z,99310.0,23.211,74.17,1.672,174.5,3.112,441.29,24.283,22.572,23.028,24.922,0.0,48.6,52.0,49.6,13.65,294.43,359.97,-65.54,81.33,410.33,475.86,,S,,18.34,100700.34,100657.1,
012HI,2024-01-16T01:40:00Z,99310.0,23.339,73.73,1.569,188.7,2.829,260.4,24.294,22.622,23.022,24.939,0.0,48.6,52.0,49.6,13.65,156.47,213.72,-57.25,46.69,412.74,469.99,,S,,18.37,100700.34,100656.51,
012HI,2024-01-16T01:45:00Z,99320.0,23.25,74.41,1.42,190.5,3.663,262.11,24.306,22.6,23.011,24.922,0.0,48.6,52.0,49.6,13.65,161.16,214.65,-53.49,47.46,414.62,468.11,,S,,18.43,100710.48,100667.05,
012HI,2024-01-16T01:50:00Z,99310.0,23.139,74.42,2.485,207.4,4.666,306.01,24.306,22.661,23.0,24.972,0.0,48.6,52.0,49.6,13.65,198.62,250.17,-51.55,55.84,415.74,467.29,,SSW,,18.32,100700.34,100657.43,
012HI,2024-01-16T01:55:00Z,99320.0,22.989,74.85,2.572,209.5,4.944,267.44,24.3,22.678,23.011,24.972,0.0,48.6,52.0,49.6,13.65,164.37,219.42,-55.05,48.02,410.29,465.34,,SSW,,18.27,100710.48,100668.25,
012HI,2024-01-16T02:00:00Z,99320.0,22.889,75.01,2.464,210.4,5.278,241.93,24.306,22.711,23.022,24.972,0.0,48.6,52.0,49.6,13.65,145.16,198.64,-53.48,43.29,409.43,462.91,,SSW,,18.21,100710.48,100668.71,
012HI,2024-01-16T02:05:00Z,99320.0,22.8,74.53,2.228,191.9,5.33,247.87,24.3,22.728,23.0,24.972,0.0,48.6,52.0,49.6,13.65,152.86,202.62,-49.76,45.25,411.6,461.36,,SSW,,18.02,100710.48,100669.12,
012HI,2024-01-16T02:10:00Z,99320.0,22.772,75.07,2.5,161.1,4.445,201.6,24.278,22.761,23.028,24.939,0.0,48.6,52.0,49.6,13.65,119.31,165.26,-45.95,36.34,413.66,459.61,,SSE,,18.11,100710.48,100669.24,
012HI,2024-01-16T02:15:00Z,99330.0,22.8,75.2,1.595,203.8,4.054,161.08,24.256,22.778,23.028,24.939,0.0,48.6,52.0,49.6,13.65,90.26,131.57,-41.31,29.51,417.54,458.85,,SSW,,18.16,100720.62,100679.25,
012HI,2024-01-16T02:20:00Z,99340.0,22.85,75.57,1.266,212.2,3.611,175.27,24.222,22.8,23.011,24.922,0.0,48.6,52.0,49.6,13.65,102.9,142.98,-40.08,32.29,418.96,459.04,,SSW,,18.29,100730.76,100689.16,
012HI,2024-01-16T02:25:00Z,99340.0,22.878,75.19,1.842,221.4,4.167,137.14,24.194,22.8,23.022,24.889,0.0,48.6,52.0,49.6,13.65,73.57,112.45,-38.89,24.69,417.94,456.82,,SW,,18.24,100730.76,100689.03,
012HI,2024-01-16T02:30:00Z,99340.0,22.811,75.15,1.867,221.7,4.167,131.91,24.172,22.839,23.022,24.872,0.0,48.6,52.0,49.6,13.65,67.84,108.69,-40.85,23.23,414.1,454.95,,SW,,18.16,100730.76,100689.34,
012HI,2024-01-16T02:35:00Z,99350.0,22.811,74.89,1.497,214.2,2.829,108.75,24.139,22.872,23.022,24.839,0.0,48.5,52.0,49.6,13.64,53.39,89.44,-36.05,19.31,418.08,454.13,,SW,,18.11,100740.9,100699.47,
012HI,2024-01-16T02:40:00Z,99350.0,22.772,75.34,1.579,221.1,3.334,96.95,24.106,22.889,23.0,24.822,0.0,48.5,52.0,49.6,13.65,45.66,79.46,-33.8,17.49,418.79,452.59,,SW,,18.16,100740.9,100699.65,
012HI,2024-01-16T02:45:00Z,99360.0,22.789,76.05,1.163,221.3,3.277,105.2,24.067,22.911,23.0,24.778,0.0,48.5,52.0,49.6,13.63,47.89,86.47,-38.58,18.74,413.77,452.35,,SW,,18.33,100751.04,100709.71,
012HI,2024-01-16T02:50:00Z,99360.0,22.822,76.14,1.307,209.9,3.277,74.85,24.028,22.9,23.022,24.739,0.0,48.5,52.0,49.6,13.57,28.03,61.33,-33.3,13.52,417.8,451.1,,SSW,,18.38,100751.04,100709.56,
012HI,2024-01-16T02:55:00Z,99360.0,22.711,75.84,2.212,211.3,3.997,60.98,23.994,22.95,23.0,24.7,0.0,48.5,52.0,49.6,13.54,20.65,50.03,-29.38,10.95,419.85,449.22,,SSW,,18.21,100751.04,100710.07,
012HI,2024-01-16T03:00:00Z,99360.0,22.661,76.24,2.027,198.8,3.663,68.49,23.967,22.939,23.0,24.672,0.0,48.5,52.0,49.6,13.53,24.94,56.16,-31.22,12.33,417.01,448.23,,SSW,,18.25,100751.04,100710.3,
012HI,2024-01-16T03:05:00Z,99370.0,22.611,76.45,1.41,193.0,,54.73,23.928,22.972,23.011,24.65,0.0,48.5,52.0,49.6,13.51,16.37,44.49,-28.12,10.24,419.07,447.19,,SSW,,18.24,100761.18,100720.66,
012HI,2024-01-16T03:10:00Z,99370.0,22.639,76.51,1.538,204.6,3.22,54.02,23.889,22.978,23.0,24.611,0.0,48.5,52.0,49.6,13.48,15.35,43.87,-28.53,10.15,418.38,446.91,,SSW,,18.28,100761.18,100720.53,
012HI,2024-01-16T03:15:00Z,99370.0,22.678,76.49,1.595,196.3,3.334,41.22,23.844,22.989,23.022,24.561,0.0,48.4,52.0,49.6,13.43,6.84,33.32,-26.47,7.9,419.5,445.97,,SSW,,18.32,100761.18,100720.35,
012HI,2024-01-16T03:20:00Z,99380.0,22.689,76.55,1.435,219.1,3.941,42.74,23.8,22.989,23.0,24.522,0.0,48.5,52.0,49.6,13.42,7.37,34.58,-27.22,8.16,418.38,445.6,,SW,,18.34,100771.32,100730.44,
012HI,2024-01-16T03:25:00Z,99380.0,22.628,76.54,1.502,223.3,3.555,38.59,23.761,23.0,23.011,24.472,0.0,48.4,52.0,49.6,13.39,4.86,31.25,-26.39,7.34,418.45,444.84,,SW,,18.28,100771.32,100730.72,
012HI,2024-01-16T03:30:00Z,99390.0,22.622,76.6,1.62,216.9,,25.81,23.722,23.0,22.989,24.422,0.0,48.4,52.0,49.6,13.34,-4.1,20.74,-24.84,5.07,419.07,443.91,,SW,,18.28,100781.46,100740.88,
012HI,2024-01-16T03:35:00Z,99390.0,22.6,76.5,1.888,210.6,4.496,19.47,23.683,23.022,23.0,24.372,0.0,48.4,52.0,49.6,13.3,-8.33,15.4,-23.73,4.07,419.42,443.15,,SSW,,18.24,100781.46,100740.98,
012HI,2024-01-16T03:40:00Z,99400.0,22.6,76.29,1.61,225.2,3.39,19.52,23.644,23.039,23.011,24.328,0.0,48.4,52.0,49.6,13.29,-8.35,15.45,-23.79,4.07,418.73,442.53,,SW,,18.2,100791.6,100751.12,
012HI,2024-01-16T03:45:00Z,99400.0,22.6,76.04,1.209,223.4,3.112,14.28,23.606,23.028,23.011,24.289,0.0,48.4,52.0,49.6,13.26,-12.58,11.18,-23.76,3.1,418.19,441.95,,SW,,18.15,100791.6,100751.12,
012HI,2024-01-16T03:50:00Z,99410.0,22.561,75.56,1.636,222.1,4.11,10.46,23.567,23.028,23.0,24.228,0.0,48.4,52.0,49.7,13.26,-15.02,8.11,-23.13,2.35,417.94,441.07,,SW,,18.01,100801.74,100761.44,
012HI,2024-01-16T03:55:00Z,99410.0,22.578,75.24,1.26,213.1,2.665,6.17,23.528,23.072,22.989,24.211,0.0,48.4,52.0,49.6,13.25,-17.75,4.39,-22.14,1.78,418.52,440.66,,SSW,,17.96,100801.74,100761.36,
012HI,2024-01-16T04:00:00Z,99420.0,22.622,74.5,1.584,200.1,3.334,3.99,23.483,23.039,23.0,24.15,0.0,48.4,52.0,49.6,13.25,-19.0,2.55,-21.56,1.43,418.66,440.22,,SSW,,17.84,100811.88,100771.29,
012HI,2024-01-16T04:05:00Z,99420.0,22.661,73.96,1.667,220.7,4.887,2.29,23.444,23.039,23.0,24.089,0.0,48.4,52.0,49.6,13.24,-20.37,1.16,-21.53,1.13,418.16,439.69,,SW,,17.76,100811.88,100771.12,
012HI,2024-01-16T04:10:00Z,99430.0,22.628,73.78,1.713,222.7,3.776,0.98,23.406,23.061,23.011,24.05,0.0,48.4,52.0,49.6,13.24,-21.32,0.2,-21.52,0.78,417.61,439.13,,SW,,17.69,100822.02,100781.4,
012HI,2024-01-16T04:15:00Z,99430.0,22.65,73.67,1.569,203.3,,0.14,23.361,23.028,23.0,24.0,0.0,48.3,52.0,49.6,13.23,-21.94,-0.64,-21.3,0.78,417.63,438.93,,SSW,,17.69,100822.02,100781.3,
012HI,2024-01-16T04:20:00Z,99440.0,22.7,73.17,1.636,213.3,3.833,0.0,23.322,23.05,23.011,23.961,0.0,48.3,52.0,49.6,13.23,-22.38,-1.14,-21.24,0.77,417.5,438.74,,SSW,,17.63,100832.16,100791.21,
012HI,2024-01-16T04:25:00Z,99450.0,22.722,72.7,1.502,211.2,3.833,0.0,23.283,23.028,23.0,23.911,0.0,48.3,52.0,49.6,13.23,-22.32,-1.44,-20.88,0.68,417.45,438.34,,SSW,,17.55,100842.3,100801.24,
012HI,2024-01-16T04:30:00Z,99450.0,22.722,73.1,1.23,224.4,2.222,0.0,23.244,23.05,22.989,23.878,0.0,48.3,52.0,49.6,13.22,-22.24,-1.66,-20.58,0.59,417.47,438.06,,SW,,17.63,100842.3,100801.24,
012HI,2024-01-16T04:35:00Z,99460.0,22.711,73.42,1.662,215.4,4.445,0.0,23.206,23.078,22.989,23.828,0.0,48.3,52.0,49.6,13.22,-21.87,-1.68,-20.19,0.55,417.78,437.97,,SW,,17.69,100852.44,100811.43,
012HI,2024-01-16T04:40:00Z,99460.0,22.722,73.79,1.528,216.0,3.611,0.0,23.172,23.028,22.978,23.8,0.0,48.3,52.0,49.6,13.22,-20.88,-1.65,-19.23,0.56,418.61,437.84,,SW,,17.78,100852.44,100811.38,
012HI,2024-01-16T04:45:00Z,99470.0,22.7,74.45,1.698,213.1,3.164,0.0,23.139,23.039,23.0,23.75,0.0,48.3,52.0,49.6,13.21,-21.66,-1.97,-19.7,0.52,417.78,437.48,,SSW,,17.9,100862.58,100821.61,
012HI,2024-01-16T04:50:00Z,99470.0,22.672,74.62,1.693,207.7,4.218,0.0,23.106,23.028,23.0,23.711,0.0,48.3,52.1,49.6,13.21,-21.62,-1.69,-19.93,0.51,417.34,437.27,,SSW,,17.91,100862.58,100821.74,
012HI,2024-01-16T04:55:00Z,99480.0,22.672,74.38,0.977,196.2,1.888,0.0,23.072,23.028,22.989,23.661,0.0,48.3,52.0,49.6,13.21,-21.45,-1.7,-19.75,0.55,417.33,437.08,,SSW,,17.86,100872.72,100831.88,
012HI,2024-01-16T05:00:00Z,99480.0,22.672,74.37,1.085,202.6,2.608,0.0,23.044,23.011,22.989,23.622,0.0,48.3,52.0,49.6,13.21,-21.46,-1.69,-19.77,0.55,417.12,436.89,,SSW,,17.86,100872.72,100831.88,
012HI,2024-01-16T05:05:00Z,99480.0,22.689,74.1,1.353,212.3,3.22,0.0,23.017,23.028,22.989,23.572,0.0,48.3,52.0,49.6,13.2,-21.3,-1.67,-19.63,0.61,417.12,436.75,,SSW,,17.82,100872.72,100831.8,
012HI,2024-01-16T05:10:00Z,99490.0,22.7,74.12,1.435,211.4,3.39,0.0,22.983,22.978,23.0,23.55,0.0,48.3,52.0,49.6,13.2,-20.8,-1.63,-19.17,0.55,417.53,436.7,,SSW,,17.83,100882.86,100841.89,
012HI,2024-01-16T05:15:00Z,99490.0,22.7,74.13,1.152,217.2,2.665,0.0,22.956,22.989,22.989,23.478,0.0,48.3,52.0,49.6,13.2,-20.24,-1.63,-18.62,0.53,417.85,436.47,,SW,,17.84,100882.86,100841.89,
012HI,2024-01-16T05:20:00Z,99490.0,22.739,73.5,1.785,204.4,3.39,0.0,22.928,23.011,22.989,23.45,0.0,48.2,52.1,49.6,13.2,-20.31,-1.5,-18.81,0.62,417.75,436.56,,SSW,,17.74,100882.86,100841.71,
012HI,2024-01-16T05:25:00Z,99490.0,22.761,73.22,1.266,203.0,3.442,0.0,22.9,22.978,22.989,23.422,0.0,48.2,52.0,49.6,13.2,-20.85,-1.58,-19.26,0.51,417.12,436.38,,SSW,,17.7,100882.86,100841.61,
012HI,2024-01-16T05:30:00Z,99500.0,22.772,73.42,0.962,206.5,2.608,0.0,22.872,23.0,22.989,23.4,0.0,48.3,52.0,49.6,13.2,-20.68,-1.66,-19.02,0.5,417.16,436.18,,SSW,,17.75,100893.0,100851.69,
012HI,2024-01-16T05:35:00Z,99490.0,22.739,73.98,0.977,173.0,2.943,0.0,22.85,22.978,23.0,23.361,0.0,48.3,52.0,49.6,13.19,-20.33,-1.7,-18.63,0.43,417.25,435.88,,S,,17.84,100882.86,100841.71,
012HI,2024-01-16T05:40:00Z,99500.0,22.722,74.35,1.055,187.2,2.33,0.0,22.828,22.961,22.978,23.322,0.0,48.2,52.0,49.6,13.19,-20.03,-1.56,-18.47,0.42,417.39,435.86,,S,,17.9,100893.0,100851.92,
012HI,2024-01-16T05:45:00Z,99500.0,22.689,74.67,1.286,188.5,2.721,0.0,22.806,22.961,23.0,23.278,0.0,48.2,52.0,49.6,13.19,-19.88,-1.56,-18.32,0.42,417.4,435.72,,S,,17.94,100893.0,100852.07,
012HI,2024-01-16T05:50:00Z,99500.0,22.678,75.0,1.194,182.4,3.112,0.0,22.783,22.939,22.978,23.272,0.0,48.2,52.0,49.6,13.19,-19.08,-1.5,-17.58,0.41,418.06,435.64,,S,,18.0,100893.0,100852.12,
012HI,2024-01-16T05:55:00Z,99500.0,22.678,75.34,1.019,189.3,2.444,0.0,22.761,22.95,23.0,23.261,0.0,48.2,52.0,49.6,13.19,-18.51,-1.67,-16.84,0.46,418.73,435.57,,S,,18.07,100893.0,100852.12,
012HI,2024-01-16T06:00:00Z,99500.0,22.678,75.6,0.854,208.5,2.557,0.0,22.739,22.928,22.978,23.222,0.0,48.2,52.0,49.6,13.19,-17.82,-1.6,-16.22,0.5,419.3,435.52,,SSW,,18.13,100893.0,100852.12,
012HI,2024-01-16T06:05:00Z,99500.0,22.661,75.94,1.399,221.1,2.778,0.0,22.722,22.889,23.0,23.178,0.0,48.2,52.0,49.6,13.19,-21.49,-2.8,-18.69,0.5,416.14,434.83,,SW,,18.18,100893.0,100852.2,
012HI,2024-01-16T06:10:00Z,99500.0,22.611,76.33,0.967,216.2,,0.0,22.706,22.928,23.0,23.161,0.0,48.2,52.0,49.6,13.18,-25.73,-2.18,-23.54,0.46,410.5,434.05,,SW,,18.22,100893.0,100852.43,
012HI,2024-01-16T06:15:00Z,99500.0,22.6,76.56,1.116,216.8,2.109,0.0,22.689,22.872,22.978,23.1,0.0,48.2,52.0,49.6,13.18,-25.55,-2.01,-23.54,0.56,410.36,433.9,,SW,,18.25,100893.0,100852.48,
012HI,2024-01-16T06:20:00Z,99510.0,22.6,76.75,0.849,216.9,2.166,0.0,22.672,22.872,23.011,23.1,0.0,48.2,52.0,49.6,13.18,-21.17,-1.83,-19.34,0.56,414.64,433.98,,SW,,18.29,100903.14,100862.61,
012HI,2024-01-16T06:25:00Z,99510.0,22.622,76.94,1.06,222.7,3.112,0.0,22.656,22.872,22.989,23.061,0.0,48.2,52.0,49.6,13.18,-20.21,-1.7,-18.51,0.56,415.46,433.97,,SW,,18.36,100903.14,100862.51,
012HI,2024-01-16T06:30:00Z,99510.0,22.672,77.14,0.972,209.1,1.945,0.0,22.639,22.889,22.978,23.061,0.0,48.2,52.0,49.6,13.18,-21.03,-1.61,-19.42,0.64,414.82,434.24,,SSW,,18.45,100903.14,100862.28,
012HI,2024-01-16T06:35:00Z,99510.0,22.689,77.27,0.9,205.8,1.61,0.0,22.617,22.872,22.978,23.039,0.0,48.2,52.0,49.6,13.18,-21.98,-1.76,-20.22,0.65,413.98,434.2,,SSW,,18.49,100903.14,100862.2,
012HI,2024-01-16T06:40:00Z,99500.0,22.689,77.37,0.643,214.0,1.945,0.0,22.594,22.872,23.0,22.989,0.0,48.2,52.0,49.6,13.18,-21.8,-1.8,-20.01,0.59,413.8,433.8,,SW,,18.51,100893.0,100852.07,
012HI,2024-01-16T06:45:00Z,99500.0,22.672,77.47,0.206,200.7,0.998,0.0,22.583,22.85,23.0,22.95,0.0,48.2,52.0,49.6,13.17,-20.25,-1.88,-18.38,0.48,415.13,433.51,,SSW,,18.51,100893.0,100852.14,
012HI,2024-01-16T06:50:00Z,99500.0,22.65,77.65,0.309,197.3,1.055,0.0,22.572,22.828,23.0,22.978,0.0,48.2,52.0,49.6,13.17,-19.43,-1.76,-17.67,0.59,415.95,433.62,,SSW,,18.53,100893.0,100852.25,
012HI,2024-01-16T06:55:00Z,99500.0,22.661,77.81,0.895,190.6,,0.0,22.561,22.828,23.0,22.928,0.0,48.1,52.0,49.6,13.17,-19.35,-1.53,-17.82,0.65,416.03,433.85,,S,,18.57,100893.0,100852.19,
012HI,2024-01-16T07:00:00Z,99500.0,22.672,77.95,0.772,189.6,1.667,0.0,22.539,22.85,22.978,22.9,0.0,48.1,52.0,49.6,13.17,-21.56,-1.57,-19.99,0.61,413.81,433.8,,S,,18.61,100893.0,100852.14,
012HI,2024-01-16T07:05:00Z,99500.0,22.672,78.13,0.911,187.7,1.888,0.0,22.522,22.8,22.978,22.928,0.0,48.1,52.0,49.6,13.17,-26.11,-2.01,-24.1,0.61,409.18,433.28,,S,,18.65,100893.0,100852.14,
012HI,2024-01-16T07:10:00Z,99500.0,22.689,78.32,1.091,216.6,2.557,0.0,22.511,22.8,23.0,22.889,0.0,48.2,52.0,49.6,13.17,-28.23,-2.02,-26.21,0.73,406.95,433.16,,SW,,18.71,100893.0,100852.06,
012HI,2024-01-16T07:15:00Z,99500.0,22.689,78.4,0.875,215.7,1.945,0.0,22.494,22.739,22.978,22.822,0.0,48.2,52.0,49.7,13.16,-30.27,-2.31,-27.96,0.66,404.64,432.6,,SW,,18.72,100893.0,100852.06,
012HI,2024-01-16T07:20:00Z,99500.0,22.672,78.43,1.322,219.9,2.665,0.0,22.478,22.778,22.989,22.861,0.0,48.1,52.0,49.6,13.17,-40.43,-2.72,-37.71,0.74,394.03,431.74,,SW,,18.71,100893.0,100852.14,
012HI,2024-01-16T07:25:00Z,99500.0,22.628,78.33,1.219,211.5,3.164,0.0,22.467,22.772,22.989,22.778,0.0,48.1,52.0,49.6,13.17,-53.48,-3.69,-49.78,0.76,380.31,430.1,,SSW,,18.65,100893.0,100852.35,
012HI,2024-01-16T07:30:00Z,99500.0,22.589,78.24,1.044,208.9,2.829,0.0,22.456,22.75,22.972,22.778,0.0,48.1,52.0,49.6,13.17,-49.73,-3.87,-45.85,0.77,383.62,429.47,,SSW,,18.59,100893.0,100852.53,
012HI,2024-01-16T07:35:00Z,99500.0,22.539,78.32,0.792,204.0,2.109,0.0,22.444,22.75,22.989,22.778,0.0,48.1,52.0,49.6,13.17,-34.37,-3.01,-31.36,0.72,398.68,430.03,,SSW,,18.56,100893.0,100852.76,
012HI,2024-01-16T07:40:00Z,99500.0,22.511,78.23,1.178,202.8,2.33,0.0,22.428,22.722,22.972,22.778,0.0,48.1,52.0,49.6,13.17,-38.6,-2.72,-35.88,0.79,394.19,430.06,,SSW,,18.51,100893.0,100852.89,
012HI,2024-01-16T07:45:00Z,99510.0,22.539,77.94,0.952,215.3,2.222,0.0,22.4,22.75,23.0,22.778,0.0,48.1,52.0,49.6,13.16,-34.8,-2.68,-32.12,0.84,397.96,430.08,,SW,,18.48,100903.14,100862.89,
012HI,2024-01-16T07:50:00Z,99510.0,22.528,77.84,1.127,213.8,2.444,0.0,22.372,22.761,23.0,22.711,0.0,48.1,52.0,49.6,13.16,-29.38,-2.26,-27.12,0.74,403.36,430.48,,SW,,18.45,100903.14,100862.94,
012HI,2024-01-16T07:55:00Z,99500.0,22.522,77.83,,218.1,2.444,0.0,22.344,22.711,22.978,22.639,0.0,48.1,52.0,49.6,13.16,-44.18,-3.0,-41.18,0.78,388.05,429.23,,SW,,18.44,100893.0,100852.84,
012HI,2024-01-16T08:00:00Z,99500.0,22.511,78.07,1.487,212.7,,0.0,22.333,22.7,22.978,22.65,0.0,48.1,52.0,49.6,13.16,-41.34,-3.13,-38.22,0.78,390.93,429.15,,SSW,,18.48,100893.0,100852.89,
012HI,2024-01-16T08:05:00Z,99500.0,22.528,78.25,0.941,216.9,2.109,0.0,22.322,22.7,23.0,22.65,0.0,48.1,52.0,49.6,13.16,-39.78,-3.02,-36.77,0.79,392.28,429.05,,SW,,18.53,100893.0,100852.81,
012HI,2024-01-16T08:10:00Z,99500.0,22.45,78.49,0.767,214.5,1.945,0.0,22.3,22.672,22.978,22.65,0.0,48.1,52.0,49.6,13.16,-50.95,-3.62,-47.33,0.71,380.35,427.67,,SW,,18.51,100893.0,100853.17,
012HI,2024-01-16T08:15:00Z,99490.0,22.411,78.63,1.271,207.3,2.279,0.0,22.283,22.7,23.0,22.578,0.0,48.1,52.0,49.6,13.16,-60.01,-4.2,-55.81,0.88,370.98,426.79,,SSW,,18.5,100882.86,100843.21,
012HI,2024-01-16T08:20:00Z,99480.0,22.35,78.6,0.664,209.0,1.497,0.0,22.272,22.661,22.989,22.589,0.0,48.1,52.0,49.6,13.16,-61.17,-4.58,-56.59,0.79,368.66,425.25,,SSW,,18.43,100872.72,100833.36,
012HI,2024-01-16T08:25:00Z,99480.0,22.25,78.84,0.751,214.0,2.608,0.0,22.261,22.661,23.0,22.572,0.0,48.1,52.0,49.6,13.16,-58.29,-4.72,-53.57,0.82,370.86,424.43,,SW,,18.38,100872.72,100833.82,
012HI,2024-01-16T08:30:00Z,99480.0,22.222,79.02,0.617,202.2,1.168,0.0,22.244,22.661,22.989,22.489,0.0,48.0,52.0,49.6,13.16,-55.1,-4.02,-51.07,0.96,373.34,424.41,,SSW,,18.39,100872.72,100833.95,
012HI,2024-01-16T08:35:00Z,99490.0,22.139,79.07,0.412,220.9,1.389,0.0,22.217,22.661,23.0,22.489,0.0,48.0,52.0,49.6,13.15,-57.14,-4.45,-52.69,1.01,370.94,423.63,,SW,,18.32,100882.86,100844.46,
012HI,2024-01-16T08:40:00Z,99480.0,22.078,79.37,0.905,220.1,2.222,0.0,22.194,22.639,22.989,22.489,0.0,48.1,52.0,49.6,13.15,-54.66,-4.21,-50.44,1.2,373.46,423.9,,SW,,18.32,100872.72,100834.61,
012HI,2024-01-16T08:45:00Z,99480.0,22.128,79.37,0.972,221.6,2.279,0.0,22.161,22.65,23.0,22.411,0.0,48.0,52.0,49.6,13.15,-47.79,-3.56,-44.22,1.32,380.53,424.76,,SW,,18.37,100872.72,100834.38,
012HI,2024-01-16T08:50:00Z,99480.0,22.172,79.38,1.137,220.8,3.719,0.0,22.122,22.639,23.0,22.411,0.0,48.0,52.0,49.6,13.15,-53.59,-3.71,-49.88,1.21,374.67,424.56,,SW,,18.42,100872.72,100834.18,
012HI,2024-01-16T08:55:00Z,99480.0,22.122,79.59,0.957,224.2,2.5,0.0,22.094,22.611,23.0,22.389,0.0,48.0,52.0,49.6,13.15,-47.66,-3.91,-43.75,0.99,380.27,424.02,,SW,,18.41,100872.72,100834.41,
012HI,2024-01-16T09:00:00Z,99470.0,22.078,79.92,0.895,231.9,1.945,0.0,22.067,22.578,23.011,22.378,0.0,48.0,52.0,49.6,13.15,-25.06,-2.22,-22.84,0.94,403.55,426.38,,SW,,18.43,100862.58,100824.47,
012HI,2024-01-16T09:05:00Z,99470.0,22.178,79.68,1.168,215.9,2.557,0.22,22.033,22.6,22.989,22.339,0.0,48.0,52.0,49.6,13.15,-9.86,-0.89,-8.96,1.11,419.85,428.82,,SW,,18.48,100862.58,100824.01,
012HI,2024-01-16T09:10:00Z,99470.0,22.4,79.42,1.77,200.9,4.445,0.0,22.0,22.589,22.989,22.339,0.0,48.0,52.0,49.6,13.15,-17.11,-2.65,-14.47,1.08,415.04,429.5,,SSW,,18.65,100862.58,100822.99,
012HI,2024-01-16T09:15:00Z,99480.0,22.478,79.58,1.657,198.2,4.553,0.0,21.972,22.611,22.989,22.311,0.0,48.0,52.0,49.6,13.15,-37.13,-3.01,-34.11,0.81,394.62,428.73,,SSW,,18.76,100872.72,100832.76,
012HI,2024-01-16T09:20:00Z,99480.0,22.439,79.57,1.152,206.4,,0.0,21.961,22.572,23.0,22.261,0.0,48.0,52.0,49.6,13.14,-41.86,-3.03,-38.83,0.59,388.93,427.75,,SSW,,18.72,100872.72,100832.94,
012HI,2024-01-16T09:25:00Z,99480.0,22.4,79.76,1.574,192.1,3.498,0.0,21.956,22.539,23.0,22.272,0.0,48.0,52.0,49.6,13.15,-17.12,-1.71,-15.41,0.45,413.9,429.32,,SSW,,18.72,100872.72,100833.12,
012HI,2024-01-16T09:30:00Z,99480.0,22.4,79.86,1.343,202.4,3.611,0.0,21.944,22.572,22.989,22.239,0.0,48.0,52.0,49.6,13.15,-12.53,-0.92,-11.61,0.46,418.62,430.23,,SSW,,18.74,100872.72,100833.12,
012HI,2024-01-16T09:35:00Z,99480.0,22.428,79.75,1.888,208.4,5.052,0.0,21.933,22.539,22.989,22.239,0.0,48.0,52.0,49.6,13.15,-15.13,-2.6,-12.53,0.47,417.85,430.37,,SSW,,18.74,100872.72,100832.99,
012HI,2024-01-16T09:40:00Z,99480.0,22.478,79.86,1.374,202.5,3.22,0.0,21.928,22.489,23.0,22.222,0.0,48.0,52.0,49.6,13.14,-13.89,-3.1,-10.8,0.58,419.38,430.17,,SSW,,18.81,100872.72,100832.76,
012HI,2024-01-16T09:45:00Z,99480.0,22.378,80.6,1.708,192.5,3.997,0.0,21.928,22.522,22.989,22.222,0.0,48.0,52.0,49.6,13.14,-19.85,-8.94,-10.91,1.47,417.74,428.65,,SSW,,18.86,100872.72,100833.22,
012HI,2024-01-16T09:50:00Z,99480.0,22.278,81.2,2.541,200.0,4.609,0.0,21.933,22.572,23.0,22.211,0.0,48.0,52.0,49.6,13.14,-41.31,-8.04,-33.27,1.66,393.22,426.49,,SSW,,18.88,100872.72,100833.68,
012HI,2024-01-16T09:55:00Z,99480.0,22.239,81.2,1.548,192.2,3.056,0.0,21.939,22.5,22.978,22.2,0.0,48.0,52.0,49.6,13.14,-32.81,-6.09,-26.72,1.46,399.24,425.96,,SSW,,18.85,100872.72,100833.86,
