# STATION: 013HI
# STATION NAME: Nene Nest
# LATITUDE: 20.73820
# LONGITUDE: -156.24580
# ELEVATION [ft]: 8497.0
# STATE: HI
Station_ID,Date_Time,air_temp_set_1,relative_humidity_set_1,wind_speed_set_1,wind_direction_set_1,wind_gust_set_1,solar_radiation_set_1,soil_temp_set_1,precip_accum_five_minute_set_1,soil_moisture_set_1,soil_moisture_set_2,volt_set_1,net_radiation_set_1,net_radiation_sw_set_1,net_radiation_lw_set_1,outgoing_radiation_sw_set_1,incoming_radiation_lw_set_1,outgoing_radiation_lw_set_1,wind_chill_set_1d,wind_cardinal_direction_set_1d,heat_index_set_1d,dew_point_temperature_set_1d
,,Celsius,%,m/s,Degrees,m/s,W/m**2,Celsius,Millimeters,%,%,volts,W/m**2,W/m**2,W/m**2,W/m**2,W/m**2,W/m**2,Celsius,code,Celsius,Celsius
013HI,2024-01-15T10:00:00Z,9.472,32.41,3.431,216.4,5.654,0.0,7.867,0.0,12.8,17.7,12.34,-108.97,-6.8,-102.17,1.32,234.11,336.27,,SW,,-6.36
013HI,2024-01-15T10:05:00Z,9.328,32.41,3.107,213.5,5.129,0.0,7.833,0.0,12.8,17.7,12.34,-108.7,-6.83,-101.87,0.95,233.51,335.38,,SSW,,-6.49
013HI,2024-01-15T10:10:00Z,9.272,31.76,3.539,211.2,5.062,0.0,7.794,0.0,12.8,17.7,12.34,-109.04,-6.83,-102.21,1.19,233.15,335.36,,SSW,,-6.8
013HI,2024-01-15T10:15:00Z,9.2,32.25,3.22,214.7,4.311,0.0,7.761,0.0,12.8,17.7,12.34,-108.52,-6.7,-101.83,0.98,233.13,334.95,,SW,,-6.67
013HI,2024-01-15T10:20:00Z,8.978,33.06,3.169,212.4,4.476,0.0,7.733,0.0,12.8,17.7,12.34,-108.15,-6.72,-101.43,0.8,232.64,334.07,,SSW,,-6.54
013HI,2024-01-15T10:25:00Z,9.272,32.19,3.869,215.6,5.587,0.0,7.661,0.0,12.8,17.7,12.33,-109.01,-6.84,-102.16,1.71,233.28,335.45,,SW,,-6.63
013HI,2024-01-15T10:30:00Z,9.322,32.64,3.915,214.0,5.355,0.0,7.6,0.0,12.8,17.7,12.33,-108.98,-6.76,-102.22,1.47,233.62,335.83,,SW,,-6.4
013HI,2024-01-15T10:35:00Z,9.278,32.49,4.038,211.0,5.453,0.0,7.561,0.0,12.8,17.7,12.33,-108.94,-6.6,-102.34,1.15,233.34,335.69,,SSW,,-6.5
013HI,2024-01-15T10:40:00Z,9.189,32.85,4.008,214.0,6.076,0.0,7.506,0.0,12.8,17.7,12.33,-108.83,-6.52,-102.31,1.03,233.33,335.63,,SW,,-6.43
013HI,2024-01-15T10:45:00Z,9.228,32.97,4.09,214.1,7.614,0.0,7.467,0.0,12.8,17.7,12.33,-109.24,-6.61,-102.62,1.21,233.11,335.73,,SW,,-6.35
013HI,2024-01-15T10:50:00Z,9.25,33.48,,217.7,5.391,0.0,7.422,0.0,12.8,17.7,12.32,-109.51,-6.6,-102.91,1.04,232.76,335.67,,SW,,-6.13
013HI,2024-01-15T10:55:00Z,9.128,33.81,4.368,210.5,5.751,0.0,7.383,0.0,12.8,17.7,12.32,-109.49,-6.43,-103.06,0.91,232.55,335.61,,SSW,,-6.11
013HI,2024-01-15T11:00:00Z,9.089,34.1,4.378,210.2,6.271,0.0,7.35,0.0,12.8,17.7,12.32,-110.0,-6.37,-103.63,0.97,231.99,335.62,,SSW,,-6.03
013HI,2024-01-15T11:05:00Z,8.95,34.33,4.008,212.6,5.715,0.0,7.317,0.0,12.8,17.7,12.32,-109.55,-6.43,-103.12,0.8,231.9,335.02,,SSW,,-6.07
013HI,2024-01-15T11:10:00Z,9.111,34.53,3.956,218.7,6.076,0.0,7.278,0.0,12.8,17.7,12.32,-109.99,-6.64,-103.35,1.22,231.89,335.24,,SW,,-5.85
013HI,2024-01-15T11:15:00Z,8.861,35.46,3.735,211.3,5.391,0.0,7.261,0.0,12.8,17.7,12.32,-109.77,-6.49,-103.28,0.68,231.11,334.39,,SSW,,-5.72
013HI,2024-01-15T11:20:00Z,8.672,36.4,3.925,208.7,5.098,0.0,7.233,0.0,12.8,17.7,12.31,-110.27,-6.57,-103.7,0.75,230.29,333.99,,SSW,,-5.55
013HI,2024-01-15T11:25:00Z,8.739,36.45,3.683,212.2,5.129,0.0,7.2,0.0,12.8,17.7,12.31,-110.05,-6.67,-103.38,1.07,230.39,333.77,,SSW,,-5.47
013HI,2024-01-15T11:30:00Z,8.75,36.45,3.992,207.0,5.52,0.0,7.161,0.0,12.8,17.7,12.31,-110.0,-6.6,-103.4,1.15,230.39,333.79,,SSW,,-5.46
013HI,2024-01-15T11:35:00Z,8.739,36.49,3.925,207.5,5.52,0.0,7.133,0.0,12.8,17.7,12.31,-110.15,-6.61,-103.54,1.21,230.35,333.89,,SSW,,-5.45
013HI,2024-01-15T11:40:00Z,8.722,36.42,3.869,207.3,5.098,0.0,7.1,0.0,12.8,17.7,12.31,-109.75,-6.6,-103.15,1.15,230.46,333.61,,SSW,,-5.49
013HI,2024-01-15T11:45:00Z,8.711,36.5,4.008,206.7,5.489,0.0,7.056,0.0,12.8,17.6,12.31,-109.76,-6.49,-103.27,1.08,230.29,333.56,,SSW,,-5.47
013HI,2024-01-15T11:50:00Z,8.811,36.02,3.992,210.5,6.045,0.0,7.011,0.0,12.8,17.6,12.31,-109.87,-6.68,-103.19,1.32,230.57,333.75,,SSW,,-5.56
013HI,2024-01-15T11:55:00Z,8.75,36.44,4.054,207.8,6.307,0.0,6.983,0.0,12.8,17.7,12.31,-110.17,-6.54,-103.64,1.1,229.99,333.63,,SSW,,-5.46
013HI,2024-01-15T12:00:00Z,8.661,36.85,4.368,204.8,5.947,0.0,6.939,0.0,12.8,17.6,12.3,-110.57,-6.49,-104.08,1.04,229.56,333.63,,SSW,,-5.39
013HI,2024-01-15T12:05:00Z,8.711,36.95,4.126,204.2,5.551,0.0,6.9,0.0,12.8,17.6,12.3,-110.27,-6.48,-103.78,1.11,230.0,333.79,,SSW,,-5.31
013HI,2024-01-15T12:10:00Z,8.7,37.06,4.002,211.6,5.489,0.0,6.867,0.0,12.8,17.6,12.3,-110.16,-6.58,-103.58,1.15,230.23,333.82,,SSW,,-5.28
013HI,2024-01-15T12:15:00Z,8.55,36.91,3.699,208.2,5.258,0.0,6.844,0.0,12.8,17.6,12.3,-109.78,-6.46,-103.32,0.76,229.4,332.72,,SSW,,-5.47
013HI,2024-01-15T12:20:00Z,8.278,37.36,3.802,204.9,5.391,0.0,6.833,0.0,12.8,17.6,12.3,-109.34,-6.47,-102.87,0.65,229.31,332.18,,SSW,,-5.55
013HI,2024-01-15T12:25:00Z,8.472,36.9,3.802,209.1,5.489,0.0,6.8,0.0,12.8,17.6,12.3,-109.44,-6.59,-102.85,1.32,229.78,332.63,,SSW,,-5.54
013HI,2024-01-15T12:30:00Z,8.611,36.53,4.105,207.3,6.307,0.0,6.756,0.0,12.8,17.6,12.29,-109.29,-6.71,-102.58,1.45,230.16,332.74,,SSW,,-5.55
013HI,2024-01-15T12:35:00Z,8.65,36.73,4.393,206.4,6.045,0.0,6.717,0.0,12.8,17.6,12.29,-109.53,-6.52,-103.02,1.37,230.09,333.11,,SSW,,-5.45
013HI,2024-01-15T12:40:00Z,8.711,36.91,4.326,205.6,5.654,0.0,6.667,0.0,12.8,17.6,12.29,-109.79,-6.4,-103.39,1.21,230.08,333.47,,SSW,,-5.33
013HI,2024-01-15T12:45:00Z,8.578,37.76,4.229,207.1,5.391,0.0,6.639,0.0,12.8,17.6,12.29,-109.15,-6.32,-102.83,0.93,230.16,332.99,,SSW,,-5.14
013HI,2024-01-15T12:50:00Z,8.622,36.34,4.332,208.5,6.106,0.0,6.606,0.0,12.8,17.6,12.29,-109.83,-6.41,-103.42,1.11,229.66,333.08,,SSW,,-5.61
013HI,2024-01-15T12:55:00Z,8.372,37.38,3.858,213.8,5.751,0.0,6.583,0.0,12.8,17.6,12.29,-109.72,-6.43,-103.3,0.64,228.99,332.29,,SW,,-5.46
013HI,2024-01-15T13:00:00Z,8.311,36.81,4.059,213.9,6.662,0.0,6.567,0.0,12.8,17.6,12.29,-109.65,-6.52,-103.14,0.84,228.96,332.09,,SW,,-5.72
013HI,2024-01-15T13:05:00Z,8.628,33.76,4.306,209.9,6.24,0.0,6.528,0.0,12.8,17.6,12.28,-109.75,-6.67,-103.08,1.53,229.42,332.5,,SSW,,-6.57
013HI,2024-01-15T13:10:00Z,8.628,32.73,4.162,211.9,6.204,0.0,6.489,0.0,12.8,17.6,12.28,-109.26,-6.56,-102.7,1.26,229.49,332.19,,SSW,,-6.98
013HI,2024-01-15T13:15:00Z,8.678,32.76,4.316,212.7,6.307,0.0,6.461,0.0,12.8,17.6,12.28,-109.27,-6.53,-102.74,1.21,229.72,332.46,,SSW,,-6.92
013HI,2024-01-15T13:20:00Z,8.622,32.76,3.966,217.3,5.422,0.0,6.428,0.0,12.8,17.6,12.28,-108.81,-6.58,-102.23,1.16,230.01,332.24,,SW,,-6.97
013HI,2024-01-15T13:25:00Z,8.811,33.17,4.085,217.2,5.849,0.0,6.389,0.0,12.8,17.6,12.28,-109.19,-6.72,-102.47,1.44,230.17,332.65,,SW,,-6.64
013HI,2024-01-15T13:30:00Z,8.878,33.58,4.069,221.8,5.978,0.0,6.356,0.0,12.8,17.6,12.28,-109.86,-6.55,-103.31,1.14,229.5,332.8,,SW,,-6.42
013HI,2024-01-15T13:35:00Z,8.339,34.53,3.668,210.5,5.031,0.0,6.361,0.0,12.8,17.6,12.28,-108.62,-6.32,-102.3,0.1,228.9,331.19,,SSW,,-6.53
013HI,2024-01-15T13:40:00Z,8.161,35.06,3.668,215.0,5.129,0.0,6.35,0.0,12.8,17.6,12.28,-108.69,-6.5,-102.19,0.52,228.52,330.7,,SW,,-6.49
013HI,2024-01-15T13:45:00Z,8.311,34.25,3.493,219.2,4.738,0.0,6.322,0.0,12.8,17.6,12.28,-108.62,-6.72,-101.9,1.15,228.59,330.48,,SW,,-6.67
013HI,2024-01-15T13:50:00Z,8.111,33.99,3.447,215.3,4.964,0.0,6.311,0.0,12.8,17.6,12.27,-108.01,-6.61,-101.41,0.82,228.9,330.3,,SW,,-6.94
013HI,2024-01-15T13:55:00Z,8.111,33.46,3.514,215.6,5.0,0.0,6.283,0.0,12.8,17.6,12.28,-107.97,-6.65,-101.32,1.05,228.58,329.9,,SW,,-7.15
013HI,2024-01-15T14:00:00Z,8.161,32.77,3.385,211.2,4.476,0.0,6.256,0.0,12.8,17.6,12.27,-107.76,-6.71,-101.05,1.19,228.59,329.64,,SSW,,-7.37
013HI,2024-01-15T14:05:00Z,8.1,32.7,4.008,206.2,5.489,0.0,6.217,0.0,12.8,17.6,12.27,-108.1,-6.48,-101.62,1.12,228.21,329.83,,SSW,,-7.46
013HI,2024-01-15T14:10:00Z,8.228,32.37,4.26,208.0,5.978,0.0,6.167,0.0,12.8,17.6,12.27,-109.13,-6.48,-102.65,1.34,227.82,330.48,,SSW,,-7.47
013HI,2024-01-15T14:15:00Z,8.178,33.49,3.894,207.4,5.489,0.0,6.139,0.0,12.8,17.6,12.27,-109.04,-6.52,-102.52,1.11,227.42,329.94,,SSW,,-7.08
013HI,2024-01-15T14:20:00Z,8.111,34.16,3.905,208.2,5.355,0.0,6.106,0.0,12.8,17.6,12.27,-109.41,-6.52,-102.89,0.98,226.88,329.76,,SSW,,-6.88
013HI,2024-01-15T14:25:00Z,8.122,34.18,4.337,206.2,5.911,0.0,6.078,0.0,12.8,17.6,12.27,-109.68,-6.54,-103.14,1.24,226.96,330.1,,SSW,,-6.86
013HI,2024-01-15T14:30:00Z,8.411,32.46,4.054,207.6,5.52,0.0,6.044,0.0,12.8,17.6,12.27,-109.96,-6.68,-103.28,1.59,227.13,330.41,,SSW,,-7.28
013HI,2024-01-15T14:35:00Z,8.3,31.48,3.935,205.9,5.618,0.0,6.011,0.0,12.8,17.6,12.27,-109.8,-6.55,-103.25,1.08,226.47,329.72,,SSW,,-7.77
013HI,2024-01-15T14:40:00Z,8.378,29.56,3.755,208.7,5.355,0.0,5.978,0.0,12.8,17.6,12.27,-110.55,-6.75,-103.8,1.29,225.88,329.68,,SSW,,-8.51
013HI,2024-01-15T14:45:00Z,8.389,28.69,4.008,202.8,5.654,0.0,5.95,0.0,12.8,17.6,12.27,-110.52,-6.65,-103.86,1.18,225.65,329.52,,SSW,,-8.89
013HI,2024-01-15T14:50:00Z,8.322,28.4,3.987,203.2,5.489,0.0,5.917,0.0,12.8,17.6,12.26,-110.08,-6.57,-103.52,1.05,225.86,329.38,,SSW,,-9.07
013HI,2024-01-15T14:55:00Z,8.528,27.65,4.044,203.9,5.129,0.0,5.883,0.0,12.8,17.6,12.26,-110.36,-6.7,-103.65,1.44,226.07,329.72,,SSW,,-9.24
013HI,2024-01-15T15:00:00Z,8.578,26.94,4.085,203.3,5.551,0.0,5.844,0.0,12.8,17.6,12.26,-109.99,-6.67,-103.32,1.41,226.48,329.8,,SSW,,-9.53
013HI,2024-01-15T15:05:00Z,8.722,25.97,4.316,202.6,5.391,0.0,5.806,0.0,12.8,17.6,12.26,-110.21,-6.67,-103.54,1.44,226.61,330.15,,SSW,,-9.87
013HI,2024-01-15T15:10:00Z,8.772,25.24,4.116,203.8,5.715,0.0,5.772,0.0,12.8,17.6,12.26,-110.22,-6.58,-103.65,1.23,226.47,330.12,,SSW,,-10.18
013HI,2024-01-15T15:15:00Z,8.728,25.12,4.172,204.8,5.813,0.0,5.739,0.0,12.8,17.6,12.26,-109.98,-6.58,-103.4,1.11,226.71,330.12,,SSW,,-10.28
013HI,2024-01-15T15:20:00Z,8.672,25.18,4.162,206.3,6.338,0.0,5.706,0.0,12.8,17.6,12.26,-110.07,-6.5,-103.56,1.04,226.36,329.92,,SSW,,-10.3
013HI,2024-01-15T15:25:00Z,8.8,24.55,4.172,206.7,5.618,,5.683,0.0,12.8,17.5,12.26,-110.31,-6.67,-103.64,1.27,226.36,330.0,,SSW,,-10.51
013HI,2024-01-15T15:30:00Z,8.739,24.8,4.26,204.8,5.654,0.0,5.656,0.0,12.8,17.5,12.26,-109.96,-6.48,-103.48,0.98,226.49,329.97,,SSW,,-10.43
013HI,2024-01-15T15:35:00Z,8.672,24.85,4.368,205.0,6.076,0.0,5.633,0.0,12.7,17.5,12.26,-109.51,-6.42,-103.08,0.9,226.72,329.81,,SSW,,-10.47
013HI,2024-01-15T15:40:00Z,8.761,24.52,4.512,203.6,6.338,0.0,5.6,0.0,12.7,17.5,12.26,-110.35,-6.48,-103.87,1.15,226.23,330.1,,SSW,,-10.56
013HI,2024-01-15T15:45:00Z,8.878,23.8,4.815,201.6,6.271,0.0,5.55,0.0,12.7,17.6,12.26,-111.6,-6.47,-105.13,1.23,225.51,330.64,,SSW,,-10.83
013HI,2024-01-15T15:50:00Z,8.922,23.42,4.604,202.7,5.978,0.0,5.528,0.0,12.7,17.5,12.26,-110.63,-6.46,-104.17,1.12,226.48,330.65,,SSW,,-11.0
013HI,2024-01-15T15:55:00Z,8.911,22.7,4.414,203.4,5.551,0.0,5.5,0.0,12.7,17.5,12.26,-110.47,-6.43,-104.05,0.92,226.24,330.29,,SSW,,-11.39
013HI,2024-01-15T16:00:00Z,8.8,22.63,4.507,203.3,5.813,0.0,5.489,0.0,12.7,17.5,12.25,-110.25,-6.44,-103.81,0.94,226.38,330.19,,SSW,,-11.53
013HI,2024-01-15T16:05:00Z,8.822,21.76,4.362,203.4,5.715,0.0,5.461,0.0,12.7,17.5,12.25,-110.1,-6.38,-103.72,0.85,226.02,329.74,,SSW,,-12.0
013HI,2024-01-15T16:10:00Z,8.661,22.97,4.218,202.7,5.587,0.0,5.444,0.0,12.7,17.5,12.26,-109.77,-6.39,-103.38,0.74,226.22,329.6,,SSW,,-11.46
013HI,2024-01-15T16:15:00Z,8.761,21.74,4.362,204.4,5.813,0.0,5.422,0.0,12.7,17.5,12.24,-110.09,-6.54,-103.56,1.17,226.11,329.67,,SSW,,-12.06
013HI,2024-01-15T16:20:00Z,8.8,22.67,4.157,202.0,5.587,0.0,5.4,0.0,12.7,17.5,12.22,-109.98,-6.55,-103.43,1.13,226.23,329.66,,SSW,,-11.51
013HI,2024-01-15T16:25:00Z,8.828,21.78,4.002,202.0,5.422,0.0,5.378,0.0,12.7,17.5,12.18,-109.7,-6.54,-103.15,1.03,226.13,329.28,,SSW,,-11.98
013HI,2024-01-15T16:30:00Z,8.922,17.97,4.218,203.7,5.489,0.0,5.356,0.0,12.7,17.5,12.18,-110.04,-6.64,-103.4,1.24,225.58,328.98,,SSW,,-14.26
013HI,2024-01-15T16:35:00Z,9.039,15.64,4.028,202.1,5.062,0.0,5.328,0.0,12.7,17.5,12.18,-109.77,-6.61,-103.16,1.24,225.56,328.72,,SSW,,-15.83
013HI,2024-01-15T16:40:00Z,9.0,15.59,4.105,201.4,5.52,0.0,5.283,0.0,12.7,17.5,12.2,-110.0,-6.56,-103.44,1.08,225.43,328.87,,SSW,,-15.9
013HI,2024-01-15T16:45:00Z,9.061,15.03,4.085,200.0,5.324,0.0,5.272,0.0,12.7,17.5,12.18,-109.42,-6.54,-102.88,1.22,225.86,328.74,,SSW,,-16.28
013HI,2024-01-15T16:50:00Z,9.172,12.15,4.074,202.8,5.52,0.0,5.228,0.0,12.7,17.5,12.18,-108.77,-6.35,-102.42,1.33,226.13,328.54,,SSW,,-18.68
013HI,2024-01-15T16:55:00Z,9.178,10.39,3.93,202.6,5.551,0.0,5.194,0.0,12.7,17.5,12.2,-107.77,-5.71,-102.06,1.27,226.13,328.2,,SSW,,-20.47
013HI,2024-01-15T17:00:00Z,9.239,9.2,3.807,203.0,5.031,0.0,5.178,0.0,12.7,17.5,12.25,-106.49,-4.56,-101.93,1.35,226.0,327.92,,SSW,,-21.79
013HI,2024-01-15T17:05:00Z,9.161,8.82,3.91,202.2,4.964,0.0,5.15,0.0,12.7,17.5,12.25,-104.07,-2.71,-101.36,1.43,226.49,327.84,,SSW,,-22.32
013HI,2024-01-15T17:10:00Z,9.3,8.07,3.755,202.1,4.836,1.38,5.111,0.0,12.7,17.5,12.24,-102.04,-0.53,-101.51,1.91,226.65,328.16,,SSW,,-23.19
013HI,2024-01-15T17:15:00Z,9.478,7.32,3.838,203.5,5.031,4.16,5.067,0.0,12.7,17.5,12.24,-99.82,1.83,-101.64,2.33,226.98,328.63,,SSW,,-24.12
013HI,2024-01-15T17:20:00Z,9.6,7.39,3.781,206.9,4.898,6.86,5.022,0.0,12.7,17.5,12.25,-98.07,4.33,-102.41,2.53,226.68,329.09,,SSW,,-23.93
013HI,2024-01-15T17:25:00Z,9.639,7.82,3.509,206.5,4.671,9.33,5.006,0.0,12.7,17.5,12.26,-95.72,6.78,-102.5,2.54,226.62,329.12,,SSW,,-23.28
013HI,2024-01-15T17:30:00Z,9.611,8.84,3.55,206.6,4.738,11.82,4.978,0.0,12.7,17.5,12.27,-93.65,9.23,-102.88,2.59,226.51,329.38,,SSW,,-21.95
013HI,2024-01-15T17:35:00Z,9.472,8.86,3.704,203.1,5.258,14.06,4.956,0.0,12.7,17.5,12.26,-91.26,11.62,-102.88,2.44,226.47,329.35,,SSW,,-22.03
013HI,2024-01-15T17:40:00Z,9.278,8.42,3.714,201.6,4.769,16.2,4.928,0.0,12.7,17.5,12.26,-89.31,13.76,-103.07,2.45,226.31,329.38,,SSW,,-22.74
013HI,2024-01-15T17:45:00Z,9.322,8.42,3.915,200.9,5.324,18.52,4.906,0.0,12.7,17.5,12.27,-87.81,15.54,-103.36,2.98,226.51,329.87,,SSW,,-22.71
013HI,2024-01-15T17:50:00Z,9.278,8.66,3.611,200.2,4.543,20.24,4.894,0.0,12.7,17.5,12.28,-85.75,17.3,-103.05,2.94,226.54,329.59,,SSW,,-22.43
013HI,2024-01-15T17:55:00Z,9.239,8.64,3.627,197.5,5.227,22.0,4.872,0.0,12.7,17.5,12.28,-84.01,18.89,-102.91,3.11,226.96,329.86,,SSW,,-22.49
013HI,2024-01-15T18:00:00Z,9.239,8.0,3.637,195.5,4.64,23.73,4.867,0.0,12.7,17.5,12.29,-81.9,20.31,-102.21,3.42,227.74,329.95,,SSW,,-23.33
013HI,2024-01-15T18:05:00Z,9.55,7.5,4.254,192.6,5.587,25.68,4.817,0.0,12.7,17.5,12.29,-80.88,21.68,-102.56,3.99,228.66,331.22,,SSW,,-23.81
013HI,2024-01-15T18:10:00Z,10.111,8.22,3.961,197.1,5.391,27.28,4.783,0.0,12.7,17.5,12.29,-81.24,22.5,-103.74,4.78,228.91,332.65,,SSW,,-22.37
013HI,2024-01-15T18:15:00Z,10.15,8.66,3.771,198.7,5.587,27.85,4.756,0.0,12.7,17.5,12.29,-81.36,23.51,-104.87,4.34,227.92,332.79,,SSW,,-21.77
013HI,2024-01-15T18:20:00Z,9.989,9.62,3.323,203.2,4.702,28.37,4.756,0.0,12.7,17.5,12.29,-80.64,24.34,-104.98,4.04,227.18,332.15,,SSW,,-20.71
013HI,2024-01-15T18:25:00Z,9.922,9.38,3.73,195.8,4.898,29.52,4.756,0.0,12.7,17.5,12.29,-80.17,25.25,-105.42,4.27,226.89,332.31,,SSW,,-21.05
013HI,2024-01-15T18:30:00Z,9.939,9.32,3.972,196.6,5.715,30.85,4.739,0.0,12.7,17.5,12.3,-79.53,25.83,-105.35,5.02,227.63,332.98,,SSW,,-21.1
013HI,2024-01-15T18:35:00Z,10.122,9.61,4.038,198.8,5.391,43.33,4.711,0.0,12.7,17.5,12.31,-68.14,36.96,-105.1,6.37,228.67,333.77,,SSW,,-20.62
013HI,2024-01-15T18:40:00Z,10.378,9.87,4.11,200.5,5.782,51.86,4.672,0.0,12.7,17.5,12.33,-64.54,41.38,-105.92,10.48,229.27,335.19,,SSW,,-20.12
013HI,2024-01-15T18:45:00Z,10.628,9.34,4.213,200.9,5.453,271.78,4.644,0.0,12.7,17.5,12.37,153.2,257.08,-103.88,14.7,232.41,336.29,,SSW,,-20.55
013HI,2024-01-15T18:50:00Z,10.8,7.65,4.28,201.4,6.009,394.14,4.628,0.0,12.7,17.5,12.49,272.52,377.07,-104.55,17.06,233.22,337.77,,SSW,,-22.65
013HI,2024-01-15T18:55:00Z,10.989,9.23,4.152,201.6,5.52,413.46,4.594,0.0,12.7,17.5,12.66,283.94,390.92,-106.98,22.54,233.77,340.74,,SSW,,-20.41
013HI,2024-01-15T19:00:00Z,11.061,12.32,3.956,204.5,5.129,432.59,4.539,0.0,12.7,17.5,12.81,293.77,403.72,-109.95,28.87,234.44,344.39,,SSW,,-17.02
013HI,2024-01-15T19:05:00Z,11.25,13.0,4.141,207.5,5.52,452.48,4.467,0.0,12.7,17.5,12.91,302.68,416.17,-113.49,36.31,234.75,348.24,,SSW,,-16.24
013HI,2024-01-15T19:10:00Z,11.489,13.82,4.095,205.7,5.88,472.06,4.411,0.0,12.7,17.5,12.98,314.6,430.86,-116.26,41.2,235.77,352.03,,SSW,,-15.32
013HI,2024-01-15T19:15:00Z,11.711,16.43,3.925,211.2,5.129,491.2,4.361,0.0,12.7,17.5,13.03,327.97,447.17,-119.2,44.03,236.51,355.71,,SSW,,-13.05
013HI,2024-01-15T19:20:00Z,11.961,15.5,4.059,213.8,5.52,509.87,4.339,0.0,12.7,17.5,13.09,341.44,463.36,-121.91,46.52,236.73,358.64,,SW,,-13.56
013HI,2024-01-15T19:25:00Z,12.15,15.48,4.033,218.4,5.52,528.47,4.344,0.0,12.7,17.5,13.15,355.12,479.65,-124.54,48.81,237.18,361.72,,SW,,-13.42
013HI,2024-01-15T19:30:00Z,12.311,15.5,3.997,213.4,5.391,546.87,4.367,0.0,12.7,17.5,13.23,368.99,495.87,-126.88,51.0,237.83,364.71,,SSW,,-13.27
013HI,2024-01-15T19:35:00Z,12.478,15.68,3.941,216.4,5.88,565.23,4.394,0.0,12.7,17.5,13.31,382.45,512.06,-129.61,53.16,238.17,367.78,,SW,,-13.0
013HI,2024-01-15T19:40:00Z,12.6,15.84,4.059,218.9,5.551,583.36,4.433,0.0,12.7,17.5,13.41,395.52,528.07,-132.55,55.29,238.23,370.78,,SW,,-12.77
013HI,2024-01-15T19:45:00Z,12.839,15.72,3.601,218.4,5.196,600.54,4.472,0.0,12.7,17.5,13.52,407.26,543.17,-135.9,57.37,238.66,374.56,,SW,,-12.67
013HI,2024-01-15T19:50:00Z,13.022,15.97,3.632,225.6,5.0,617.03,4.5,0.0,12.7,17.5,13.63,419.02,557.81,-138.79,59.22,239.08,377.87,,SW,,-12.33
013HI,2024-01-15T19:55:00Z,13.161,15.66,3.663,224.7,5.654,633.36,4.55,0.0,12.7,17.5,13.75,430.95,572.29,-141.34,61.06,239.47,380.81,,SW,,-12.46
013HI,2024-01-15T20:00:00Z,13.3,15.93,3.822,221.2,5.978,649.15,4.611,0.0,12.7,17.4,13.86,442.84,586.21,-143.37,62.94,240.05,383.42,,SW,,-12.13
013HI,2024-01-15T20:05:00Z,13.339,15.26,4.182,225.4,6.271,665.04,4.689,0.0,12.7,17.4,13.94,455.88,600.43,-144.55,64.61,240.53,385.08,,SW,,-12.63
013HI,2024-01-15T20:10:00Z,13.311,15.03,4.481,224.0,6.369,680.63,4.783,0.0,12.7,17.4,14.0,468.01,614.15,-146.14,66.47,240.5,386.64,,SW,,-12.84
013HI,2024-01-15T20:15:00Z,13.65,15.92,3.915,227.2,5.391,695.54,4.9,0.0,12.7,17.5,14.05,476.61,626.8,-150.19,68.74,241.24,391.43,,SW,,-11.86
013HI,2024-01-15T20:20:00Z,13.661,14.34,4.491,225.6,6.533,710.22,5.006,0.0,12.7,17.4,14.08,489.32,640.2,-150.88,70.02,241.17,392.04,,SW,,-13.13
013HI,2024-01-15T20:25:00Z,13.811,14.3,4.409,234.9,6.991,724.15,5.117,0.0,12.7,17.4,14.09,499.63,652.35,-152.72,71.8,242.21,394.92,,SW,,-13.04
013HI,2024-01-15T20:30:00Z,14.0,13.41,4.604,222.2,6.796,738.27,5.244,0.0,12.7,17.4,14.08,509.97,664.73,-154.75,73.54,242.1,396.85,,SW,,-13.67
013HI,2024-01-15T20:35:00Z,14.072,12.44,4.697,228.1,6.96,751.02,5.372,0.0,12.7,17.4,14.08,519.32,676.22,-156.89,74.8,241.97,398.86,,SW,,-14.52
013HI,2024-01-15T20:40:00Z,14.111,12.38,5.309,223.8,7.285,763.99,5.506,0.0,12.7,17.4,14.08,530.71,687.63,-156.92,76.36,242.59,399.51,,SW,,-14.55
013HI,2024-01-15T20:45:00Z,14.25,12.78,5.119,228.3,7.614,776.62,5.617,0.0,12.7,17.4,14.05,539.14,698.57,-159.43,78.05,242.74,402.18,,SW,,-14.05
013HI,2024-01-15T20:50:00Z,14.372,12.7,4.856,230.2,7.285,788.79,5.744,0.0,12.7,17.4,14.06,547.22,709.34,-162.12,79.45,242.67,404.79,,SW,,-14.03
013HI,2024-01-15T20:55:00Z,14.589,12.46,4.98,223.4,7.614,800.0,5.867,0.0,12.6,17.4,14.05,555.0,719.04,-164.04,80.96,243.33,407.37,,SW,,-14.09
013HI,2024-01-15T21:00:00Z,14.772,12.37,5.098,226.8,7.578,811.1,5.978,0.0,12.6,17.4,14.05,562.88,728.79,-165.91,82.31,243.38,409.29,,SW,,-14.03
013HI,2024-01-15T21:05:00Z,14.628,11.95,5.854,224.6,8.005,822.12,6.1,0.0,12.6,17.4,14.05,571.69,738.64,-166.96,83.48,242.49,409.45,,SW,,-14.56
013HI,2024-01-15T21:10:00Z,14.728,12.39,5.175,236.9,7.218,831.83,6.217,0.0,12.6,17.4,14.05,577.91,746.63,-168.72,85.19,243.62,412.34,,WSW,,-14.05
013HI,2024-01-15T21:15:00Z,14.922,13.05,4.841,231.1,7.511,840.5,6.339,0.0,12.6,17.4,14.03,582.06,754.03,-171.97,86.47,243.85,415.83,,SW,,-13.27
013HI,2024-01-15T21:20:00Z,15.128,12.79,5.391,230.3,8.036,849.61,6.45,0.0,12.6,17.4,14.02,589.38,761.95,-172.57,87.67,244.47,417.03,,SW,,-13.35
013HI,2024-01-15T21:25:00Z,15.322,13.17,5.031,233.3,8.787,857.93,6.583,0.0,12.6,17.4,14.03,593.52,768.8,-175.28,89.13,244.78,420.07,,SW,,-12.84
013HI,2024-01-15T21:30:00Z,15.189,12.6,4.815,242.6,8.365,865.24,6.717,0.0,12.6,17.4,14.03,600.01,775.68,-175.68,89.56,245.6,421.28,,WSW,,-13.48
013HI,2024-01-15T21:35:00Z,15.372,13.41,4.398,245.2,7.547,871.94,6.889,0.0,12.6,17.4,14.03,601.67,781.12,-179.45,90.82,246.03,425.48,,WSW,,-12.57
013HI,2024-01-15T21:40:00Z,15.472,12.79,4.923,243.5,8.365,878.79,7.061,0.0,12.6,17.4,14.03,605.93,786.8,-180.88,91.99,245.33,426.2,,WSW,,-13.07
013HI,2024-01-15T21:45:00Z,15.378,11.35,5.191,238.0,7.578,884.48,7.233,0.0,12.6,17.4,14.03,611.26,791.97,-180.71,92.51,245.05,425.76,,WSW,,-14.59
013HI,2024-01-15T21:50:00Z,15.461,11.64,5.247,232.4,7.742,889.4,7.411,0.0,12.6,17.4,14.0,613.53,795.92,-182.39,93.48,245.47,427.86,,SW,,-14.22
013HI,2024-01-15T21:55:00Z,15.761,12.59,4.939,235.8,8.036,894.53,7.583,0.0,12.6,17.4,14.0,615.81,799.85,-184.04,94.68,246.19,430.23,,SW,,-13.03
013HI,2024-01-15T22:00:00Z,15.922,12.1,5.294,232.7,7.351,898.87,7.772,0.0,12.6,17.4,14.0,617.71,803.52,-185.81,95.34,245.75,431.56,,SW,,-13.39
013HI,2024-01-15T22:05:00Z,15.772,12.12,5.463,236.1,8.493,902.37,7.95,0.0,12.6,17.4,14.0,621.29,806.43,-185.14,95.95,246.56,431.7,,SW,,-13.49
013HI,2024-01-15T22:10:00Z,15.772,12.06,4.831,246.0,7.413,905.6,8.139,0.0,12.6,17.4,14.0,621.78,808.91,-187.13,96.69,246.79,433.92,,WSW,,-13.55
013HI,2024-01-15T22:15:00Z,15.878,11.34,5.618,238.9,7.809,908.92,8.311,0.0,12.6,17.4,14.0,624.37,811.31,-186.94,97.62,246.34,433.28,,WSW,,-14.21
013HI,2024-01-15T22:20:00Z,15.928,11.86,5.252,247.0,8.164,911.04,8.478,0.0,12.6,17.4,14.0,624.25,812.79,-188.54,98.26,246.62,435.15,,WSW,,-13.63
013HI,2024-01-15T22:25:00Z,15.922,12.05,5.031,247.3,8.56,911.92,8.65,0.0,12.6,17.4,14.0,623.6,813.28,-189.68,98.64,247.16,436.83,,WSW,,-13.44
013HI,2024-01-15T22:30:00Z,16.061,12.06,5.515,241.2,9.311,913.61,8.811,0.0,12.5,17.4,14.0,623.78,814.24,-190.46,99.38,246.59,437.05,,WSW,,-13.32
013HI,2024-01-15T22:35:00Z,16.05,11.42,5.463,246.6,9.08,914.38,8.978,0.0,12.5,17.4,14.0,623.9,814.98,-191.08,99.4,246.36,437.44,,WSW,,-13.99
013HI,2024-01-15T22:40:00Z,16.039,11.34,6.178,240.1,9.08,914.19,9.15,0.0,12.5,17.4,13.99,624.17,814.21,-190.04,99.98,246.36,436.4,,WSW,,-14.08
013HI,2024-01-15T22:45:00Z,15.839,11.82,5.813,241.8,9.965,912.84,9.322,0.0,12.5,17.4,13.97,622.7,812.62,-189.92,100.21,246.74,436.66,,WSW,,-13.74
013HI,2024-01-15T22:50:00Z,16.028,12.29,5.577,246.7,8.756,912.06,9.478,0.0,12.5,17.4,13.97,618.6,810.87,-192.27,101.18,246.98,439.25,,WSW,,-13.12
013HI,2024-01-15T22:55:00Z,16.0,11.33,6.667,231.9,9.507,910.37,9.628,0.0,12.5,17.4,13.97,618.35,809.1,-190.76,101.27,245.69,436.45,,SW,,-14.12
013HI,2024-01-15T23:00:00Z,16.028,12.06,5.654,238.4,8.622,907.47,9.8,0.0,12.5,17.4,13.94,612.52,805.86,-193.33,101.61,246.44,439.78,,WSW,,-13.35
013HI,2024-01-15T23:05:00Z,16.161,11.72,5.983,239.9,8.854,904.26,9.972,0.0,12.5,17.4,13.55,608.44,802.59,-194.14,101.67,246.46,440.61,,WSW,,-13.59
013HI,2024-01-15T23:10:00Z,16.222,12.47,5.726,234.9,8.982,901.12,10.15,0.0,12.5,17.4,13.56,603.28,799.19,-195.9,101.93,246.73,442.63,,SW,,-12.79
013HI,2024-01-15T23:15:00Z,16.05,11.75,5.767,244.6,8.591,896.4,10.322,0.0,12.5,17.4,13.56,600.78,795.2,-194.41,101.2,246.75,441.16,,WSW,,-13.64
013HI,2024-01-15T23:20:00Z,15.961,11.42,6.312,232.6,8.92,892.02,10.5,0.0,12.5,17.4,13.56,596.74,790.61,-193.87,101.41,245.79,439.65,,SW,,-14.06
013HI,2024-01-15T23:25:00Z,16.278,12.25,5.505,241.9,9.342,886.93,10.661,0.0,12.5,17.4,13.55,588.67,785.18,-196.51,101.75,246.59,443.1,,WSW,,-12.96
013HI,2024-01-15T23:30:00Z,16.322,12.69,4.964,245.9,8.951,881.52,10.789,0.0,12.4,17.4,13.55,581.3,780.14,-198.83,101.38,247.06,445.89,,WSW,,-12.49
013HI,2024-01-15T23:35:00Z,16.411,12.37,5.834,243.3,8.56,875.36,10.928,0.0,12.4,17.4,13.55,576.29,774.39,-198.1,100.97,246.42,444.52,,WSW,,-12.73
013HI,2024-01-15T23:40:00Z,16.389,11.67,5.582,247.5,8.591,868.64,11.061,0.0,12.4,17.3,13.42,569.72,767.99,-198.27,100.65,246.51,444.78,,WSW,,-13.46
013HI,2024-01-15T23:45:00Z,16.078,11.15,6.59,237.5,9.636,861.52,11.189,0.0,12.4,17.4,13.24,566.34,761.33,-194.99,100.19,245.64,440.63,,WSW,,-14.25
013HI,2024-01-15T23:50:00Z,16.322,11.6,6.307,237.0,9.311,854.14,11.3,0.0,12.4,17.3,13.13,556.81,753.27,-196.46,100.87,245.27,441.73,,WSW,,-13.58
013HI,2024-01-15T23:55:00Z,16.011,11.34,6.343,244.8,8.982,845.43,11.422,0.0,12.4,17.3,13.06,552.11,745.74,-193.63,99.7,245.67,439.29,,WSW,,-14.1
013HI,2024-01-16T00:00:00Z,16.228,12.5,5.607,245.6,9.672,836.64,11.528,0.0,12.4,17.3,13.0,540.18,736.69,-196.51,99.95,246.17,442.68,,WSW,,-12.75
013HI,2024-01-16T00:05:00Z,16.561,12.06,6.014,235.8,9.275,827.26,11.611,0.0,12.4,17.4,12.95,530.42,727.75,-197.32,99.51,245.67,442.99,,SW,,-12.92
013HI,2024-01-16T00:10:00Z,16.222,11.17,6.847,238.8,10.289,817.06,11.7,0.0,12.4,17.3,12.91,525.24,718.82,-193.58,98.23,245.19,438.78,,WSW,,-14.12
013HI,2024-01-16T00:15:00Z,16.078,11.23,6.544,230.6,9.44,806.61,11.772,0.0,12.4,17.3,12.87,514.66,708.61,-193.96,98.0,244.78,438.73,,SW,,-14.17
013HI,2024-01-16T00:20:00Z,16.328,11.08,6.497,242.4,10.227,795.95,11.828,0.0,12.4,17.3,12.85,503.78,698.04,-194.26,97.91,244.89,439.15,,WSW,,-14.13
013HI,2024-01-16T00:25:00Z,16.328,11.2,6.245,231.3,10.093,783.95,11.872,0.0,12.4,17.3,12.83,492.31,686.99,-194.68,96.97,244.71,439.39,,SW,,-14.0
013HI,2024-01-16T00:30:00Z,16.272,11.59,6.328,241.8,9.311,771.58,11.911,0.0,12.3,17.3,12.81,481.65,675.46,-193.81,96.12,245.2,439.0,,WSW,,-13.63
013HI,2024-01-16T00:35:00Z,16.178,11.05,6.245,240.0,9.929,759.37,11.939,0.0,12.3,17.3,12.8,470.43,663.98,-193.54,95.4,244.83,438.38,,WSW,,-14.28
013HI,2024-01-16T00:40:00Z,16.339,10.79,6.132,243.5,9.245,747.04,11.95,0.0,12.3,17.3,12.78,458.13,,-193.87,95.04,244.54,438.41,,WSW,,-14.44
013HI,2024-01-16T00:45:00Z,16.178,11.27,5.793,245.4,9.049,733.53,11.972,0.0,12.3,17.3,12.77,445.45,639.75,-194.29,93.78,243.9,438.2,,WSW,,-14.05
013HI,2024-01-16T00:50:00Z,16.0,12.18,5.638,244.7,9.373,719.02,12.0,0.0,12.3,17.3,12.76,432.52,626.44,-193.92,92.59,244.37,438.29,,WSW,,-13.25
013HI,2024-01-16T00:55:00Z,15.972,13.87,4.789,253.8,8.164,704.46,12.078,0.0,12.3,17.3,12.76,417.49,612.69,-195.2,91.77,244.96,440.16,,WSW,,-11.68
013HI,2024-01-16T01:00:00Z,16.011,11.85,5.268,250.7,8.463,690.07,12.2,0.0,12.3,17.3,12.75,404.67,599.28,-194.61,90.79,243.82,438.43,,WSW,,-13.57
013HI,2024-01-16T01:05:00Z,16.078,12.71,5.309,248.5,9.275,674.95,12.272,0.0,12.3,17.3,12.73,391.1,585.29,-194.19,89.66,243.99,438.18,,WSW,,-12.67
013HI,2024-01-16T01:10:00Z,16.111,11.23,5.361,251.4,7.84,659.8,12.35,0.0,12.3,17.3,12.73,378.44,571.24,-192.79,88.57,243.32,436.11,,WSW,,-14.14
013HI,2024-01-16T01:15:00Z,16.022,11.26,5.916,244.2,9.574,643.98,12.428,0.0,12.3,17.3,12.72,365.23,556.46,-191.22,87.52,242.55,433.77,,WSW,,-14.18
013HI,2024-01-16T01:20:00Z,16.1,10.69,5.741,246.8,9.275,628.18,12.511,0.0,12.3,17.3,12.71,351.05,541.41,-190.36,86.78,242.21,432.57,,WSW,,-14.74
013HI,2024-01-16T01:25:00Z,16.172,10.87,5.561,251.3,8.689,611.77,12.572,0.0,12.3,17.3,12.71,335.37,525.86,-190.49,85.91,242.36,432.84,,WSW,,-14.49
013HI,2024-01-16T01:30:00Z,16.089,10.65,5.968,249.6,8.92,594.91,12.589,0.0,12.2,17.3,12.71,321.89,510.44,-188.56,84.46,241.59,430.15,,WSW,,-14.79
013HI,2024-01-16T01:35:00Z,15.622,10.89,6.59,242.2,8.92,577.39,12.628,0.0,12.2,17.3,12.71,309.27,494.54,-185.27,82.85,240.77,426.05,,WSW,,-14.89
013HI,2024-01-16T01:40:00Z,15.728,11.97,5.391,243.8,7.84,559.31,12.639,0.0,12.2,17.3,12.71,290.4,477.03,-186.63,82.29,241.51,428.14,,WSW,,-13.67
013HI,2024-01-16T01:45:00Z,15.778,13.18,5.366,242.7,8.066,540.88,12.672,0.0,12.2,17.3,12.71,274.48,460.04,-185.55,80.85,242.19,427.74,,WSW,,-12.46
013HI,2024-01-16T01:50:00Z,16.011,12.96,4.944,245.3,8.164,522.91,12.7,0.0,12.2,17.3,12.7,255.99,443.07,-187.08,79.83,241.62,428.7,,WSW,,-12.48
013HI,2024-01-16T01:55:00Z,15.822,12.48,5.463,236.2,8.427,503.82,12.75,0.0,12.2,17.3,12.71,240.55,426.03,-185.49,77.79,240.37,425.86,,SW,,-13.09
013HI,2024-01-16T02:00:00Z,15.761,12.43,4.748,244.9,7.773,484.53,12.828,0.0,12.2,17.3,12.73,222.35,408.13,-185.78,76.4,240.45,426.23,,WSW,,-13.19
013HI,2024-01-16T02:05:00Z,15.8,11.95,5.124,252.4,8.066,465.76,12.9,0.0,12.2,17.3,12.76,206.95,390.37,-183.42,75.39,240.59,424.01,,WSW,,-13.64
013HI,2024-01-16T02:10:00Z,15.678,11.79,4.944,239.4,7.578,445.7,12.95,0.0,12.2,17.3,12.79,189.43,372.11,-182.68,73.6,239.18,421.86,,WSW,,-13.9
013HI,2024-01-16T02:15:00Z,15.7,13.0,4.712,246.1,7.382,425.94,12.961,0.0,12.2,17.3,12.79,170.67,353.43,-182.76,72.51,239.63,422.4,,WSW,,-12.69
013HI,2024-01-16T02:20:00Z,15.639,11.86,4.908,237.0,8.164,405.98,12.972,0.0,12.2,17.3,12.79,153.01,335.31,-182.29,70.68,237.62,419.92,,WSW,,-13.86
013HI,2024-01-16T02:25:00Z,15.472,11.87,4.846,237.9,8.164,385.5,12.978,0.0,12.2,17.3,12.78,135.52,316.37,-180.85,69.13,237.26,418.1,,WSW,,-13.98
013HI,2024-01-16T02:30:00Z,15.278,11.33,5.139,233.0,8.658,364.4,12.989,0.0,12.1,17.3,12.77,119.16,297.36,-178.19,67.04,236.95,415.14,,SW,,-14.69
013HI,2024-01-16T02:35:00Z,15.239,11.47,5.366,240.9,8.396,344.31,12.978,0.0,12.1,17.3,12.75,102.82,278.71,-175.9,65.59,235.97,411.87,,WSW,,-14.57
013HI,2024-01-16T02:40:00Z,14.928,11.08,5.273,236.4,7.449,323.2,12.95,0.0,12.1,17.3,12.73,85.59,259.55,-173.96,63.65,235.23,409.19,,WSW,,-15.23
013HI,2024-01-16T02:45:00Z,14.811,12.2,4.548,247.4,7.187,302.04,12.9,0.0,12.1,17.3,12.72,66.08,239.9,-173.82,62.13,234.95,408.77,,WSW,,-14.17
013HI,2024-01-16T02:50:00Z,14.911,12.49,4.522,239.6,6.405,281.02,12.839,0.0,12.1,17.3,12.71,48.0,220.5,-172.51,60.52,234.51,407.02,,WSW,,-13.81
013HI,2024-01-16T02:55:00Z,14.672,12.14,4.712,243.8,7.285,259.82,12.8,0.0,12.1,17.3,12.7,31.74,201.75,-170.0,58.07,234.45,404.46,,WSW,,-14.34
013HI,2024-01-16T03:00:00Z,14.7,13.08,4.702,240.0,7.187,238.79,12.772,0.0,12.1,17.3,12.68,14.9,182.57,-167.66,56.22,234.83,402.49,,WSW,,-13.42
013HI,2024-01-16T03:05:00Z,14.7,12.13,4.234,257.8,6.662,218.28,12.711,0.0,12.1,17.3,12.67,-2.11,164.22,-166.33,54.05,233.86,400.19,,WSW,,-14.33
013HI,2024-01-16T03:10:00Z,14.378,12.63,4.146,245.9,6.96,196.71,12.878,0.0,12.1,17.3,12.67,-19.31,145.4,-164.71,51.31,233.26,397.98,,WSW,,-14.1
013HI,2024-01-16T03:15:00Z,14.361,12.36,4.934,240.1,7.773,176.46,13.111,0.0,12.1,17.3,12.66,-34.86,127.24,-162.1,49.21,232.38,394.48,,WSW,,-14.37
013HI,2024-01-16T03:20:00Z,14.189,11.32,4.769,246.0,8.463,156.3,13.039,0.0,12.1,17.3,12.64,-49.96,109.7,-159.67,46.6,231.39,391.06,,WSW,,-15.56
013HI,2024-01-16T03:25:00Z,14.0,11.84,4.45,251.3,7.511,136.06,13.178,0.0,12.1,17.3,12.64,-65.54,92.01,-157.55,44.05,231.27,388.82,,WSW,,-15.17
013HI,2024-01-16T03:30:00Z,13.828,11.86,4.805,248.0,7.645,116.9,13.072,0.0,12.1,17.3,12.62,-79.0,75.43,-154.43,41.47,231.15,385.59,,WSW,,-15.29
013HI,2024-01-16T03:35:00Z,13.728,12.67,4.759,239.2,6.991,97.56,12.839,0.0,12.1,17.2,12.61,-92.92,59.2,-152.12,38.36,230.65,382.78,,WSW,,-14.57
013HI,2024-01-16T03:40:00Z,13.589,13.36,3.997,233.6,5.813,79.47,12.911,0.0,12.1,17.2,12.6,-106.1,44.19,-150.29,35.29,230.48,380.76,,SW,,-14.05
013HI,2024-01-16T03:45:00Z,13.489,13.96,4.543,235.3,6.533,63.21,12.722,0.0,12.1,17.3,12.59,-115.84,31.47,-147.32,31.74,230.29,377.61,,SW,,-13.6
013HI,2024-01-16T03:50:00Z,13.228,13.4,4.779,227.2,7.058,47.68,12.589,0.0,12.1,17.2,12.58,-124.55,19.78,-144.34,27.89,229.74,374.08,,SW,,-14.3
013HI,2024-01-16T03:55:00Z,12.978,13.51,4.507,238.5,7.285,33.23,12.339,0.0,12.1,17.2,12.56,-131.97,9.05,-141.02,24.19,229.53,370.55,,WSW,,-14.4
013HI,2024-01-16T04:00:00Z,12.839,13.14,4.99,220.0,6.827,20.95,12.239,0.0,12.0,17.2,12.55,-138.1,0.31,-138.41,20.64,229.08,367.49,,SW,,-14.85
013HI,2024-01-16T04:05:00Z,12.672,13.93,4.743,221.2,7.48,9.68,12.078,0.0,12.0,17.2,12.54,-140.97,-5.75,-135.21,15.43,229.18,364.4,,SW,,-14.28
013HI,2024-01-16T04:10:00Z,12.522,13.91,4.748,220.7,6.6,0.74,11.961,0.0,12.0,17.2,12.53,-139.21,-7.07,-132.14,7.81,228.97,361.11,,SW,,-14.42
013HI,2024-01-16T04:15:00Z,12.311,13.37,4.918,220.8,7.449,0.0,11.839,0.0,12.0,17.2,12.52,-134.81,-5.64,-129.17,0.89,228.69,357.86,,SW,,-15.06
013HI,2024-01-16T04:20:00Z,12.25,13.67,4.517,222.0,7.285,0.0,11.7,0.0,12.0,17.2,12.52,-134.33,-6.75,-127.58,1.07,228.54,356.12,,SW,,-14.84
013HI,2024-01-16T04:25:00Z,12.028,14.05,4.856,218.4,7.218,0.0,11.55,0.0,12.0,17.2,12.52,-133.86,-7.37,-126.49,1.01,228.23,354.72,,SW,,-14.69
013HI,2024-01-16T04:30:00Z,11.972,14.12,4.99,223.5,7.449,0.0,11.372,0.0,12.0,17.2,12.52,-133.33,-7.55,-125.78,1.08,228.08,353.86,,SW,,-14.68
013HI,2024-01-16T04:35:00Z,11.939,14.25,4.867,218.3,6.436,0.0,11.211,0.0,12.0,17.2,12.51,-132.57,-7.63,-124.94,1.11,227.97,352.9,,SW,,-14.59
013HI,2024-01-16T04:40:00Z,11.811,14.45,4.656,216.0,6.271,0.0,11.061,0.0,12.0,17.2,12.51,-131.69,-7.67,-124.02,1.06,227.94,351.96,,SW,,-14.53
013HI,2024-01-16T04:45:00Z,11.861,14.37,4.964,217.4,6.796,0.0,10.889,0.0,12.0,17.2,12.5,-131.07,-7.59,-123.48,1.25,228.12,351.59,,SW,,-14.56
013HI,2024-01-16T04:50:00Z,11.878,13.96,5.062,220.3,7.676,0.0,10.728,0.0,12.0,17.2,12.5,-130.55,-7.56,-122.99,1.31,228.24,351.23,,SW,,-14.89
013HI,2024-01-16T04:55:00Z,11.539,15.38,3.899,211.7,5.52,0.0,10.628,0.0,12.0,17.2,12.5,-128.92,-7.62,-121.3,0.58,228.06,349.36,,SSW,,-14.0
013HI,2024-01-16T05:00:00Z,11.4,15.43,4.527,212.0,7.218,0.0,10.511,0.0,12.0,17.2,12.49,-128.51,-7.54,-120.97,0.91,227.86,348.83,,SSW,,-14.07
013HI,2024-01-16T05:05:00Z,11.378,15.52,4.08,213.5,5.88,0.0,10.378,0.0,12.0,17.2,12.49,-127.62,-7.62,-120.0,1.11,228.11,348.11,,SSW,,-14.02
013HI,2024-01-16T05:10:00Z,11.378,15.05,4.507,209.1,6.96,0.0,10.261,0.0,12.0,17.2,12.49,-127.69,-7.66,-120.03,1.39,227.79,347.82,,SSW,,-14.39
013HI,2024-01-16T05:15:00Z,11.55,14.37,4.789,213.5,7.871,0.0,10.111,0.0,12.0,17.2,12.49,-127.68,-7.66,-120.02,1.57,228.01,348.03,,SSW,,-14.81
013HI,2024-01-16T05:20:00Z,11.7,14.18,4.579,212.3,6.729,0.0,9.978,0.0,12.0,17.2,12.48,-127.53,-7.55,-119.98,1.53,227.93,347.91,,SSW,,-14.85
013HI,2024-01-16T05:25:00Z,11.578,14.94,4.522,214.0,6.698,,9.872,0.0,12.0,17.2,12.43,-127.68,-7.58,-120.09,1.18,227.23,347.32,,SW,,-14.32
013HI,2024-01-16T05:30:00Z,11.361,15.4,4.388,215.9,6.045,0.0,9.772,0.0,12.0,17.2,12.4,-127.12,-7.57,-119.55,0.91,227.04,346.59,,SW,,-14.13
013HI,2024-01-16T05:35:00Z,11.378,15.78,4.373,214.6,6.369,0.0,9.678,0.0,12.0,17.2,12.4,-126.86,-7.55,-119.31,1.13,226.92,346.22,,SW,,-13.82
013HI,2024-01-16T05:40:00Z,11.278,16.02,4.414,213.6,5.911,0.0,9.578,0.0,12.0,17.2,12.4,-126.33,-7.5,-118.83,1.13,227.02,345.85,,SSW,,-13.71
013HI,2024-01-16T05:45:00Z,11.222,15.95,4.465,214.7,6.142,0.0,9.478,0.0,12.0,17.2,12.39,-126.03,-7.57,-118.46,1.16,227.07,345.53,,SW,,-13.81
013HI,2024-01-16T05:50:00Z,11.378,15.74,4.368,213.5,5.947,0.0,9.389,0.0,12.0,17.2,12.39,-125.92,-7.58,-118.33,1.39,227.06,345.39,,SSW,,-13.85
013HI,2024-01-16T05:55:00Z,11.311,15.46,4.419,217.5,6.307,0.0,9.289,0.0,12.0,17.2,12.39,-126.17,-7.64,-118.52,1.28,226.59,345.11,,SW,,-14.12
013HI,2024-01-16T06:00:00Z,11.428,14.89,4.692,219.7,6.405,0.0,9.2,0.0,12.0,17.2,12.41,-126.59,-7.65,-118.94,1.39,226.13,345.07,,SW,,-14.48
013HI,2024-01-16T06:05:00Z,11.361,14.8,4.743,215.6,6.173,0.0,9.111,0.0,12.0,17.2,12.45,-126.31,-7.46,-118.86,1.18,226.07,344.93,,SW,,-14.6
013HI,2024-01-16T06:10:00Z,11.372,14.58,4.903,213.9,7.413,0.0,9.011,0.0,12.0,17.2,12.45,-126.02,-7.39,-118.62,1.16,226.29,344.91,,SW,,-14.78
013HI,2024-01-16T06:15:00Z,11.261,14.85,4.913,210.1,6.369,0.0,8.928,0.0,12.0,17.2,12.45,-125.38,-7.27,-118.11,0.98,226.41,344.52,,SSW,,-14.64
013HI,2024-01-16T06:20:00Z,11.222,14.86,4.944,210.4,7.058,0.0,8.85,0.0,12.0,17.2,12.45,-124.92,-7.21,-117.72,,226.56,344.28,,SSW,,-14.67
013HI,2024-01-16T06:25:00Z,11.111,15.82,4.949,206.5,6.662,0.0,8.778,0.0,12.0,17.2,12.45,-124.56,-7.16,-117.4,0.89,226.54,343.94,,SSW,,-14.0
013HI,2024-01-16T06:30:00Z,11.161,15.87,4.892,204.9,6.307,0.0,8.711,0.0,12.0,17.2,12.45,-124.45,-7.24,-117.22,1.2,226.6,343.81,,SSW,,-13.92
013HI,2024-01-16T06:35:00Z,11.339,14.73,5.047,205.7,7.022,0.0,8.628,0.0,12.0,17.2,12.44,-124.79,-7.37,-117.41,1.47,226.61,344.03,,SSW,,-14.68
013HI,2024-01-16T06:40:00Z,11.411,14.27,5.026,205.9,8.005,0.0,8.55,0.0,12.0,17.2,12.44,-124.76,-7.29,-117.47,1.33,226.54,344.02,,SSW,,-15.0
013HI,2024-01-16T06:45:00Z,11.422,14.15,4.939,204.3,6.338,0.0,8.478,0.0,12.0,17.2,12.44,-124.68,-7.25,-117.43,1.21,226.35,343.78,,SSW,,-15.09
013HI,2024-01-16T06:50:00Z,11.411,13.92,5.031,203.1,6.76,0.0,8.411,0.0,12.0,17.2,12.44,-124.85,-7.27,-117.59,1.17,226.12,343.71,,SSW,,-15.3
013HI,2024-01-16T06:55:00Z,11.55,13.3,5.288,204.3,7.022,0.0,8.328,0.0,12.0,17.2,12.44,-125.28,-7.28,-118.0,1.39,226.15,344.14,,SSW,,-15.73
013HI,2024-01-16T07:00:00Z,11.628,13.26,5.294,207.2,7.413,0.0,8.25,0.0,12.0,17.2,12.44,-125.25,-7.25,-118.0,1.28,226.27,344.27,,SSW,,-15.7
013HI,2024-01-16T07:05:00Z,11.55,13.48,5.139,207.1,8.066,0.0,8.189,0.0,12.0,17.2,12.43,-124.53,-7.2,-117.33,0.99,226.64,343.97,,SSW,,-15.57
013HI,2024-01-16T07:10:00Z,11.528,14.33,5.247,204.1,6.96,0.0,8.128,0.0,12.0,17.2,12.43,-124.42,-7.05,-117.37,0.97,226.81,344.18,,SSW,,-14.86
013HI,2024-01-16T07:15:00Z,11.578,14.74,5.613,202.6,8.066,0.0,8.061,0.0,12.0,17.2,12.43,-124.45,-7.15,-117.31,1.18,227.32,344.63,,SSW,,-14.48
013HI,2024-01-16T07:20:00Z,11.561,15.06,5.309,201.9,7.614,0.0,8.0,0.0,12.0,17.2,12.42,-124.42,-6.96,-117.46,0.86,227.01,344.47,,SSW,,-14.23
013HI,2024-01-16T07:25:00Z,11.528,14.76,5.016,203.6,6.924,0.0,7.95,0.0,12.0,17.1,12.43,-124.24,-7.05,-117.19,0.94,226.8,343.99,,SSW,,-14.5
013HI,2024-01-16T07:30:00Z,11.528,14.47,5.412,200.8,7.969,0.0,7.889,0.0,12.0,17.1,12.42,-124.32,-7.13,-117.18,1.08,226.99,344.17,,SSW,,-14.74
013HI,2024-01-16T07:35:00Z,11.661,14.44,5.319,202.8,7.547,0.0,7.833,0.0,12.0,17.1,12.42,-124.16,-7.01,-117.14,1.02,227.09,344.23,,SSW,,-14.66
013HI,2024-01-16T07:40:00Z,11.478,15.06,5.232,202.5,7.285,0.0,7.783,0.0,12.0,17.1,12.42,-123.51,-6.91,-116.6,0.76,227.31,343.91,,SSW,,-14.3
013HI,2024-01-16T07:45:00Z,11.311,15.36,4.759,210.4,7.089,0.0,7.75,0.0,12.0,17.1,12.42,-122.23,-7.08,-115.15,0.69,227.82,342.97,,SSW,,-14.2
013HI,2024-01-16T07:50:00Z,11.539,15.39,5.35,207.0,7.676,0.0,7.694,0.0,12.0,17.1,12.42,-122.13,-7.14,-114.99,1.32,228.69,343.68,,SSW,,-13.99
013HI,2024-01-16T07:55:00Z,11.85,14.13,5.885,206.4,8.591,0.0,7.617,0.0,12.0,17.1,12.41,-122.74,-7.05,-115.69,1.54,229.07,344.76,,SSW,,-14.77
013HI,2024-01-16T08:00:00Z,11.728,14.22,5.422,208.0,8.591,0.0,7.567,0.0,12.0,17.1,12.41,-122.65,-6.91,-115.74,0.91,228.61,344.35,,SSW,,-14.79
013HI,2024-01-16T08:05:00Z,11.528,16.1,6.256,201.3,8.396,0.0,7.522,0.0,12.0,17.1,12.41,-122.52,-6.58,-115.94,0.55,228.79,344.72,,SSW,,-13.45
013HI,2024-01-16T08:10:00Z,11.35,17.0,6.549,203.7,9.342,0.0,7.472,0.0,12.0,17.1,12.41,-122.23,-6.48,-115.75,0.55,228.98,344.73,,SSW,,-12.93
013HI,2024-01-16T08:15:00Z,11.761,14.43,7.552,200.4,10.551,0.0,7.389,0.0,12.0,17.1,12.41,-122.83,-6.6,-116.23,1.41,229.77,345.99,,SSW,,-14.59
013HI,2024-01-16T08:20:00Z,12.011,13.88,7.598,200.6,10.387,0.0,7.322,0.0,12.0,17.1,12.41,-123.1,-6.42,-116.68,1.12,230.15,346.84,,SSW,,-14.85
013HI,2024-01-16T08:25:00Z,11.972,14.25,7.49,199.4,10.454,0.0,7.272,0.0,12.0,17.1,12.41,-123.29,-6.25,-117.04,0.64,229.79,346.83,,SSW,,-14.57
013HI,2024-01-16T08:30:00Z,11.672,15.88,7.537,198.9,10.52,0.0,7.244,0.0,12.0,17.1,12.41,-123.03,-6.03,-117.0,0.15,229.53,346.52,,SSW,,-13.5
013HI,2024-01-16T08:35:00Z,11.889,14.78,8.529,199.5,10.978,0.0,7.183,0.0,12.0,17.1,12.4,-123.55,-6.37,-117.18,1.03,230.23,347.41,,SSW,,-14.19
013HI,2024-01-16T08:40:00Z,12.139,14.48,8.252,199.3,10.844,0.0,7.139,0.0,12.0,17.1,12.4,-124.02,-6.06,-117.97,0.73,229.98,347.95,,SSW,,-14.24
013HI,2024-01-16T08:45:00Z,11.489,16.74,7.784,196.4,10.582,0.0,7.139,0.0,12.0,17.1,12.4,-123.07,-5.78,-117.29,0.0,229.35,346.63,,SSW,,-13.01
013HI,2024-01-16T08:50:00Z,11.661,15.4,7.917,199.3,11.693,0.0,7.1,0.0,12.0,17.1,12.4,-123.33,-6.18,-117.15,0.65,229.58,346.74,,SSW,,-13.88
013HI,2024-01-16T08:55:00Z,11.972,14.01,8.668,198.6,12.187,0.0,7.056,0.0,12.0,17.1,12.4,-123.89,-6.19,-117.7,0.95,229.95,347.66,,SSW,,-14.77
013HI,2024-01-16T09:00:00Z,12.189,13.58,8.442,197.5,11.205,0.0,6.994,0.0,11.9,17.1,12.4,-124.42,-6.12,-118.3,0.89,229.94,348.24,,SSW,,-14.97
013HI,2024-01-16T09:05:00Z,12.072,13.68,8.509,198.0,11.431,0.0,6.967,0.0,11.9,17.1,12.39,-124.24,-6.04,,0.47,229.79,347.99,,SSW,,-14.98
013HI,2024-01-16T09:10:00Z,11.9,15.09,8.499,197.5,11.498,0.0,6.944,0.0,11.9,17.1,12.39,-124.06,-5.93,-118.12,0.31,229.69,347.81,,SSW,,-13.93
013HI,2024-01-16T09:15:00Z,11.589,16.11,8.128,197.9,11.009,0.0,6.939,0.0,11.9,17.1,12.39,-123.08,-5.86,-117.22,0.0,229.72,346.94,,SSW,,-13.39
013HI,2024-01-16T09:20:00Z,11.672,16.16,8.571,195.6,12.084,0.0,6.906,0.0,11.9,17.1,12.39,-123.15,-5.92,-117.23,0.43,229.9,347.13,,SSW,,-13.29
013HI,2024-01-16T09:25:00Z,11.711,15.7,8.298,196.7,10.978,0.0,6.883,0.0,11.9,17.1,12.39,-123.0,-5.95,-117.05,0.56,230.04,347.09,,SSW,,-13.61
013HI,2024-01-16T09:30:00Z,11.861,15.08,8.298,198.4,12.084,0.0,6.844,0.0,11.9,17.1,12.39,-123.23,-6.19,-117.04,0.87,230.33,347.37,,SSW,,-13.97
013HI,2024-01-16T09:35:00Z,11.9,14.87,8.139,197.1,11.302,0.0,6.817,0.0,11.9,17.1,12.38,-123.6,-6.04,-117.56,0.52,229.65,347.21,,SSW,,-14.11
013HI,2024-01-16T09:40:00Z,11.889,15.12,8.751,195.5,11.534,0.0,6.783,0.0,11.9,17.1,12.39,-123.85,-5.9,-117.95,0.47,229.54,347.49,,SSW,,-13.92
013HI,2024-01-16T09:45:00Z,11.039,21.22,8.36,195.4,11.431,0.0,6.794,0.0,11.9,17.1,12.38,-123.24,-5.36,-117.88,0.0,228.2,346.08,,SSW,,-10.44
013HI,2024-01-16T09:50:00Z,10.828,20.63,8.488,197.0,10.716,0.0,6.794,0.0,11.9,17.1,12.37,-122.86,-5.83,-117.03,0.15,228.24,345.27,,SSW,,-10.97
013HI,2024-01-16T09:55:00Z,11.139,20.0,8.751,194.9,11.076,0.0,6.756,0.0,11.9,17.1,12.38,-123.84,-5.91,-117.93,0.71,227.82,345.76,,SSW,,-11.1
013HI,2024-01-16T10:00:00Z,10.711,24.94,8.761,195.8,11.925,0.0,6.744,0.0,11.9,17.1,12.38,-123.61,-5.59,-118.02,0.0,227.39,345.41,,SSW,,-8.67
