# STATION: 014HI
# STATION NAME: Waipa
# LATITUDE: 22.20260
# LONGITUDE: -159.51880
# ELEVATION [ft]: 16.0
# STATE: HI
Station_ID,Date_Time,pressure_set_1,air_temp_set_1,relative_humidity_set_1,wind_speed_set_1,wind_direction_set_1,wind_gust_set_1,solar_radiation_set_1,soil_temp_set_1,soil_temp_set_2,soil_temp_set_3,soil_temp_set_4,precip_accum_five_minute_set_1,soil_moisture_set_1,soil_moisture_set_2,soil_moisture_set_3,volt_set_1,net_radiation_set_1,net_radiation_sw_set_1,net_radiation_lw_set_1,outgoing_radiation_sw_set_1,incoming_radiation_lw_set_1,outgoing_radiation_lw_set_1,wind_chill_set_1d,wind_cardinal_direction_set_1d,heat_index_set_1d,dew_point_temperature_set_1d,altimeter_set_1d,sea_level_pressure_set_1d,wet_bulb_temperature_set_1d
,,Pascals,Celsius,%,m/s,Degrees,m/s,W/m**2,Celsius,Celsius,Celsius,Celsius,Millimeters,%,%,%,volts,W/m**2,W/m**2,W/m**2,W/m**2,W/m**2,W/m**2,Celsius,code,Celsius,Celsius,Pascals,Pascals,Celsius
014HI,2024-01-15T10:05:00Z,101150.0,13.511,95.1,0.478,224.2,0.89,0.0,19.528,20.072,21.7,19.761,0.0,57.1,64.2,71.7,12.89,-52.55,-3.53,-49.03,0.25,325.01,374.04,,SW,,12.73,101208.54,101208.8,
014HI,2024-01-15T10:10:00Z,101140.0,13.511,95.0,0.242,300.9,0.72,0.0,19.506,20.111,21.722,19.75,0.0,57.1,64.2,71.7,12.93,-51.56,-3.46,-48.1,0.0,325.02,373.12,,WNW,,12.72,101198.53,101198.79,
014HI,2024-01-15T10:15:00Z,101130.0,13.511,95.1,0.237,160.2,0.833,0.0,19.461,20.078,21.7,19.739,0.0,57.1,64.2,71.7,12.96,-52.54,-3.63,-48.91,0.0,323.25,372.16,,SSE,,12.73,101188.53,101188.79,
014HI,2024-01-15T10:20:00Z,101120.0,13.472,95.0,0.72,199.2,1.224,0.0,19.45,20.061,21.678,19.739,0.0,57.1,64.2,71.7,12.88,-51.26,-3.27,-47.98,0.0,324.47,372.45,,SSW,,12.68,101178.52,101178.79,
014HI,2024-01-15T10:25:00Z,101120.0,13.178,94.7,0.319,187.9,1.055,0.0,19.472,20.061,21.75,19.739,0.0,57.1,64.2,71.7,12.92,-51.76,-3.55,-48.21,0.0,324.08,372.28,,S,,12.34,101178.52,101178.85,
014HI,2024-01-15T10:30:00Z,101120.0,12.978,94.7,0.015,283.8,0.334,0.0,19.433,20.05,21.678,19.689,0.0,57.1,64.2,71.7,12.95,-52.95,-4.13,-48.82,0.0,322.15,370.97,,WNW,,12.14,101178.52,101178.89,
014HI,2024-01-15T10:35:00Z,101120.0,13.25,95.2,0.19,200.3,0.664,0.0,19.428,20.072,21.689,19.678,0.0,57.1,64.2,71.7,12.88,-50.68,-3.25,-47.43,0.0,322.88,370.31,,SSW,,12.49,101178.52,101178.83,
014HI,2024-01-15T10:40:00Z,101120.0,12.939,94.8,0.0,,0.0,0.0,19.45,20.039,21.689,19.7,0.0,57.1,64.2,71.7,12.92,-51.89,-4.01,-47.88,0.0,322.41,370.29,,,,12.12,101178.52,101178.9,
014HI,2024-01-15T10:45:00Z,101100.0,13.078,95.2,0.0,,0.0,0.0,19.4,20.061,21.678,19.672,0.0,57.1,64.2,71.7,12.95,-51.88,-3.7,-48.18,0.31,321.33,369.51,,,,12.32,101158.51,101158.86,
014HI,2024-01-15T10:50:00Z,101100.0,13.172,95.3,0.0,,0.0,0.0,19.389,20.05,21.7,19.672,0.0,57.1,64.2,71.7,12.88,-50.78,-3.5,-47.28,0.0,321.27,368.56,,,,12.43,101158.51,101158.84,
014HI,2024-01-15T10:55:00Z,101090.0,13.222,95.3,0.149,252.2,0.612,0.0,19.411,20.028,21.689,19.678,0.0,57.1,64.2,71.7,12.87,-50.09,-3.75,-46.34,0.22,322.41,368.74,,WSW,,12.48,101148.5,101148.82,
014HI,2024-01-15T11:00:00Z,101090.0,12.989,95.0,0.005,165.0,0.221,0.0,19.389,20.028,21.689,19.65,0.0,57.1,64.2,71.7,12.91,-50.36,-3.73,-46.63,0.0,322.4,369.03,,SSE,,12.2,101148.5,101148.87,
014HI,2024-01-15T11:05:00Z,101090.0,12.961,95.2,0.283,199.7,0.941,0.0,19.333,20.028,21.661,19.639,0.0,57.1,64.2,71.7,12.94,-52.71,-3.24,-49.48,0.0,319.22,368.7,,SSW,,12.2,101148.5,101148.88,
014HI,2024-01-15T11:10:00Z,101080.0,12.972,95.3,0.031,238.0,0.391,0.0,19.322,20.028,21.65,19.65,0.0,57.1,64.2,71.8,12.87,-50.97,-3.34,-47.63,0.0,320.56,368.2,,WSW,,12.23,101138.5,101138.87,
014HI,2024-01-15T11:15:00Z,101080.0,12.928,95.3,0.0,,0.0,0.0,19.344,20.028,21.689,19.611,0.0,57.1,64.1,71.7,12.91,-51.93,-4.35,-47.58,0.0,320.39,367.97,,,,12.19,101138.5,101138.88,
014HI,2024-01-15T11:20:00Z,101080.0,13.05,95.4,0.0,,0.0,,19.294,20.011,21.678,19.6,0.0,57.1,64.2,71.7,12.94,-50.63,-3.89,-46.74,0.0,320.84,367.58,,,,12.32,101138.5,101138.85,
014HI,2024-01-15T11:25:00Z,101080.0,12.961,95.3,0.067,225.2,0.664,0.0,19.278,20.0,21.689,19.589,0.0,57.1,64.2,71.7,12.86,-50.1,-3.57,-46.53,0.0,320.44,366.96,,SW,,12.22,101138.5,101138.87,
014HI,2024-01-15T11:30:00Z,101080.0,12.961,95.4,0.0,,0.0,0.0,19.289,19.989,21.689,19.561,0.0,57.1,64.2,71.8,12.86,-50.47,-3.27,-47.19,0.0,320.47,367.66,,,,12.24,101138.5,101138.87,
014HI,2024-01-15T11:35:00Z,101070.0,12.861,95.3,0.0,,0.0,0.0,19.267,19.961,21.689,19.561,0.0,57.1,64.2,71.7,12.9,-50.6,-3.91,-46.69,0.0,320.63,367.33,,,,12.12,101128.49,101128.88,
014HI,2024-01-15T11:40:00Z,101060.0,12.761,95.3,0.247,229.8,0.833,0.0,19.222,19.978,21.722,19.55,0.0,57.1,64.2,71.7,12.93,-52.29,-4.05,-48.24,0.0,318.6,366.84,,SW,,12.02,101118.49,101118.9,
014HI,2024-01-15T11:45:00Z,101060.0,12.728,95.4,0.005,246.0,0.221,0.0,19.211,19.989,21.689,19.55,0.0,57.1,64.2,71.7,12.86,-50.3,-3.72,-46.58,0.0,319.84,366.42,,WSW,,12.0,101118.49,101118.91,
014HI,2024-01-15T11:50:00Z,101060.0,12.922,95.7,0.247,172.3,0.664,0.0,19.228,19.978,21.678,19.528,0.0,57.1,64.1,71.8,12.85,-48.7,-2.81,-45.88,0.0,321.56,367.44,,S,,12.24,101118.49,101118.87,
014HI,2024-01-15T11:55:00Z,101050.0,12.822,95.5,0.34,201.8,1.111,0.0,19.206,19.972,21.722,19.511,0.0,57.1,64.2,71.7,12.9,-48.85,-2.86,-45.99,0.0,321.77,367.76,,SSW,,12.11,101108.48,101108.88,
014HI,2024-01-15T12:00:00Z,101050.0,12.689,95.4,0.437,231.9,0.664,0.0,19.156,19.972,21.678,19.511,0.0,57.1,64.2,71.7,12.93,-50.0,-3.42,-46.58,0.0,320.29,366.88,,SW,,11.96,101108.48,101108.91,
014HI,2024-01-15T12:05:00Z,101050.0,12.689,95.6,0.7,242.4,1.276,0.0,19.144,19.95,21.689,19.5,0.0,57.2,64.2,71.7,12.85,-47.42,-3.18,-44.24,0.37,322.14,366.39,,WSW,,12.0,101108.48,101108.91,
014HI,2024-01-15T12:10:00Z,101050.0,12.739,95.7,0.231,152.1,1.055,0.0,19.156,19.95,21.678,19.489,0.0,57.2,64.1,71.7,12.85,-48.62,-3.2,-45.42,0.0,322.27,367.69,,SSE,,12.06,101108.48,101108.9,
014HI,2024-01-15T12:15:00Z,101050.0,12.689,95.6,0.0,,0.0,0.0,19.133,19.939,21.75,19.478,0.0,57.0,64.1,71.8,12.89,-49.4,-3.42,-45.98,0.0,321.77,367.74,,,,12.0,101108.48,101108.91,
014HI,2024-01-15T12:20:00Z,101050.0,12.589,95.5,0.17,248.0,0.612,0.0,19.083,19.939,21.711,19.472,0.0,57.1,64.1,71.7,12.92,-49.51,-3.67,-45.84,0.0,321.24,367.08,,WSW,,11.88,101108.48,101108.93,
014HI,2024-01-15T12:25:00Z,101050.0,12.728,95.8,0.298,274.7,0.72,0.0,19.078,19.928,21.689,19.45,0.0,57.1,64.1,71.8,12.85,-49.03,-3.59,-45.44,0.05,321.66,367.1,,W,,12.07,101108.48,101108.9,
014HI,2024-01-15T12:30:00Z,101050.0,12.75,95.8,0.586,180.8,1.276,0.0,19.089,19.928,21.661,19.428,0.0,57.1,64.1,71.8,12.84,-48.57,-3.04,-45.53,0.0,322.79,368.32,,S,,12.09,101108.48,101108.9,
014HI,2024-01-15T12:35:00Z,101050.0,12.828,95.8,0.571,179.3,1.168,0.0,19.067,19.928,21.689,19.428,0.0,57.0,64.1,71.8,12.84,-49.01,-2.43,-46.58,0.0,323.33,369.92,,S,,12.17,101108.48,101108.88,
014HI,2024-01-15T12:40:00Z,101040.0,12.572,95.5,0.0,,0.0,0.0,19.044,19.939,21.689,19.422,0.0,57.0,64.1,71.8,12.88,-49.01,-3.74,-45.27,0.0,323.27,368.54,,,,11.86,101098.47,101098.93,
014HI,2024-01-15T12:45:00Z,101040.0,12.522,95.6,0.036,272.3,0.442,0.0,19.006,19.911,21.661,19.4,0.0,57.0,64.1,71.8,12.91,-49.53,-3.69,-45.85,0.0,321.69,367.53,,W,,11.83,101098.47,101098.94,
014HI,2024-01-15T12:50:00Z,101040.0,12.639,95.8,0.0,,0.0,0.0,19.006,19.911,21.678,19.389,0.0,57.1,64.1,71.7,12.82,-47.8,-3.63,-44.18,0.0,322.82,367.0,,,,11.98,101098.47,101098.91,
014HI,2024-01-15T12:55:00Z,101030.0,12.539,95.7,0.0,,0.0,0.0,19.022,19.878,21.711,19.389,0.0,57.1,64.1,71.8,12.87,-47.55,-3.53,-44.02,0.0,323.06,367.07,,,,11.86,101088.47,101088.93,
014HI,2024-01-15T13:00:00Z,101030.0,12.378,95.6,0.005,178.9,0.391,0.0,18.978,19.878,21.711,19.361,0.0,57.1,64.1,71.8,12.9,-47.96,-3.87,-44.09,0.0,322.15,366.24,,S,,11.69,101088.47,101088.96,
014HI,2024-01-15T13:05:00Z,101030.0,12.372,95.7,0.535,181.2,0.833,0.0,18.972,19.872,21.678,19.378,0.0,57.2,64.1,71.8,12.83,-45.7,-2.63,-43.06,0.0,323.12,366.18,,S,,11.7,101088.47,101088.96,
014HI,2024-01-15T13:10:00Z,101020.0,12.439,95.9,0.453,197.7,0.941,0.0,18.989,19.878,21.689,19.361,0.0,57.2,64.1,71.8,12.82,-46.52,-2.45,-44.07,0.0,323.03,367.1,,SSW,,11.8,101078.46,101078.94,
014HI,2024-01-15T13:15:00Z,101020.0,12.372,95.8,0.144,227.4,0.612,0.0,18.972,19.839,21.672,19.35,0.0,57.2,64.1,71.8,12.86,-46.79,-3.39,-43.41,0.0,322.88,366.29,,SW,,11.71,101078.46,101078.96,
014HI,2024-01-15T13:20:00Z,101020.0,12.261,95.7,0.108,231.3,0.442,0.0,18.928,19.861,21.711,19.328,0.0,57.1,64.1,71.8,12.89,-47.01,-3.21,-43.8,0.0,321.98,365.78,,SW,,11.59,101078.46,101078.98,
014HI,2024-01-15T13:25:00Z,101020.0,12.25,95.8,0.0,,0.0,0.0,18.922,19.861,21.711,19.311,0.0,57.2,64.1,71.8,12.82,-45.66,-3.59,-42.07,0.0,322.81,364.89,,,,11.59,101078.46,101078.98,
014HI,2024-01-15T13:30:00Z,101020.0,12.161,95.8,0.0,,0.0,0.0,18.95,19.839,21.672,19.3,0.0,57.2,64.1,71.8,12.85,-46.49,-3.62,-42.87,0.0,322.97,365.84,,,,11.5,101078.46,101079.0,
014HI,2024-01-15T13:35:00Z,101010.0,12.45,96.1,0.298,191.1,0.664,0.0,18.894,19.85,21.661,19.289,0.0,57.1,64.1,71.8,12.88,-46.86,-2.94,-43.92,0.0,322.12,366.03,,S,,11.84,101068.46,101068.93,
014HI,2024-01-15T13:40:00Z,101010.0,12.228,95.8,0.139,196.4,0.612,0.0,18.883,19.822,21.678,19.289,0.0,57.1,64.1,71.8,12.81,-46.24,-3.05,-43.19,0.0,321.73,364.92,,SSW,,11.57,101068.46,101068.98,
014HI,2024-01-15T13:45:00Z,101010.0,12.239,95.9,0.0,,0.0,0.0,18.906,19.811,21.722,19.289,0.0,57.1,64.1,71.8,12.84,-46.86,-3.42,-43.44,0.0,321.85,365.3,,,,11.6,101068.46,101068.98,
014HI,2024-01-15T13:50:00Z,101010.0,12.311,96.0,0.0,,0.0,0.0,18.856,19.822,21.678,19.272,0.0,57.1,64.1,71.8,12.88,-46.61,-2.57,-44.03,0.0,320.59,364.63,,,,11.68,101068.46,101068.96,
014HI,2024-01-15T13:55:00Z,101000.0,12.239,96.0,0.231,228.1,0.664,0.0,18.844,19.778,21.728,19.25,0.0,57.2,64.1,71.8,12.8,-45.73,-3.16,-42.56,0.0,321.27,363.83,,SW,,11.61,101058.45,101058.97,
014HI,2024-01-15T14:00:00Z,100990.0,12.139,95.9,0.0,,0.0,0.0,18.861,19.789,21.678,19.228,0.0,57.2,64.1,71.8,12.8,-45.85,-3.19,-42.66,0.0,322.0,364.66,,,,11.5,101048.44,101048.99,
014HI,2024-01-15T14:05:00Z,100980.0,12.111,96.0,0.247,191.3,0.612,0.0,18.844,19.778,21.689,19.228,0.0,57.2,64.1,71.7,12.84,-45.83,-3.03,-42.8,0.0,322.03,364.83,,SSW,,11.49,101038.44,101038.99,
014HI,2024-01-15T14:10:00Z,100980.0,12.15,96.0,0.072,181.2,0.612,0.0,18.794,19.789,21.672,19.2,0.0,57.1,64.1,71.8,12.87,-47.45,-2.9,-44.55,0.0,320.23,364.78,,S,,11.52,101038.44,101038.98,
014HI,2024-01-15T14:15:00Z,100990.0,12.15,96.1,0.0,,0.0,0.0,18.783,19.772,21.678,19.2,0.0,57.1,64.1,71.8,12.79,-46.73,-3.26,-43.48,0.0,320.6,364.08,,,,11.54,101048.44,101048.98,
014HI,2024-01-15T14:20:00Z,100990.0,12.139,96.1,0.0,,0.0,0.0,18.806,19.778,21.672,19.189,0.0,57.1,64.1,71.7,12.78,-46.29,-2.8,-43.48,0.0,320.81,364.3,,,,11.53,101048.44,101048.99,
014HI,2024-01-15T14:25:00Z,100990.0,12.161,96.1,0.0,,0.0,0.0,18.789,19.761,21.678,19.172,0.0,57.1,64.1,71.7,12.82,-46.18,-2.99,-43.19,0.0,321.28,364.47,,,,11.55,101048.44,101048.98,
014HI,2024-01-15T14:30:00Z,100990.0,12.128,96.1,0.108,255.8,0.612,0.0,18.744,19.761,21.661,19.161,0.0,57.2,64.1,71.7,12.85,-46.9,-2.91,-44.0,0.0,320.08,364.08,,WSW,,11.52,101048.44,101048.99,
014HI,2024-01-15T14:35:00Z,100990.0,12.078,96.1,0.0,,0.0,0.0,18.733,19.739,21.672,19.161,0.0,57.1,64.1,71.7,12.78,-45.67,-3.51,-42.16,0.0,321.15,363.31,,,,11.47,101048.44,101049.0,
014HI,2024-01-15T14:40:00Z,100990.0,12.0,96.0,0.0,,0.0,0.0,18.756,19.75,21.7,19.15,0.0,57.2,64.1,71.7,12.82,-46.08,-3.46,-42.63,0.0,321.12,363.75,,,,11.37,101048.44,101049.02,
014HI,2024-01-15T14:45:00Z,100980.0,12.072,96.1,0.0,,0.0,0.0,18.706,19.739,21.689,19.122,0.0,57.2,64.1,71.7,12.85,-47.45,-3.09,-44.36,0.0,318.98,363.34,,,,11.46,101038.44,101039.0,
014HI,2024-01-15T14:50:00Z,100980.0,12.05,96.1,0.087,243.9,0.556,0.0,18.694,19.739,21.661,19.128,0.0,57.2,64.1,71.7,12.77,-46.65,-3.58,-43.07,0.13,319.77,362.84,,WSW,,11.44,101038.44,101039.0,
014HI,2024-01-15T14:55:00Z,100980.0,12.089,96.2,0.226,217.0,0.612,0.0,18.711,19.678,21.672,19.111,0.0,57.2,64.1,71.7,12.76,-45.79,-2.82,-42.96,0.0,320.67,363.64,,SW,,11.5,101038.44,101038.99,
014HI,2024-01-15T15:00:00Z,100970.0,12.039,96.2,0.0,,0.0,0.0,18.689,19.711,21.678,19.111,0.0,57.1,64.1,71.7,12.8,-45.82,-2.75,-43.07,0.0,320.68,363.74,,,,11.45,101028.43,101029.0,
014HI,2024-01-15T15:05:00Z,100970.0,11.928,96.1,0.283,184.7,0.998,0.0,18.644,19.689,21.678,19.078,0.0,57.1,64.1,71.7,12.83,-46.37,-2.76,-43.61,0.0,319.54,363.15,,S,,11.32,101028.43,101029.02,
014HI,2024-01-15T15:10:00Z,100970.0,11.978,96.2,0.725,198.6,1.224,0.0,18.639,19.7,21.678,19.072,0.0,57.1,64.1,71.7,12.76,-45.11,-2.41,-42.7,0.0,320.5,363.2,,SSW,,11.38,101028.43,101029.01,
014HI,2024-01-15T15:15:00Z,100970.0,11.939,96.2,0.041,252.1,0.391,0.0,18.65,19.7,21.672,19.078,0.0,57.1,64.1,71.7,12.75,-46.6,-3.38,-43.22,0.0,320.02,363.23,,WSW,,11.35,101028.43,101029.02,
014HI,2024-01-15T15:20:00Z,100980.0,11.978,96.3,0.046,145.3,0.556,0.0,18.633,19.65,21.689,19.061,0.0,57.1,64.1,71.7,12.79,-47.05,-3.26,-43.79,0.0,320.41,364.2,,SE,,11.4,101038.44,101039.01,
014HI,2024-01-15T15:25:00Z,100980.0,12.161,96.4,0.478,131.5,0.941,0.0,18.583,19.672,21.672,19.05,0.0,57.2,64.1,71.7,12.82,-47.43,-2.6,-44.83,0.0,319.71,364.54,,SE,,11.6,101038.44,101038.98,
014HI,2024-01-15T15:30:00Z,100980.0,11.95,96.2,0.293,231.3,0.556,0.0,18.567,19.672,21.672,19.039,0.0,57.2,64.1,71.7,12.74,-46.78,-3.12,-43.66,0.0,319.55,363.21,,SW,,11.36,101038.44,101039.02,
014HI,2024-01-15T15:35:00Z,100980.0,11.872,96.2,0.0,,0.0,0.0,18.589,19.65,21.689,19.028,0.0,57.2,64.1,71.7,12.73,-46.31,-3.31,,0.0,320.28,363.28,,,,11.28,101038.44,101039.04,
014HI,2024-01-15T15:40:00Z,100980.0,11.739,96.1,0.005,199.0,0.278,0.0,18.583,19.65,21.65,19.011,0.0,57.2,64.1,71.7,12.78,-45.88,-3.12,-42.76,0.0,320.6,363.35,,SSW,,11.13,101038.44,101039.06,
014HI,2024-01-15T15:45:00Z,100970.0,11.9,96.3,0.18,201.9,0.499,0.0,18.539,19.672,21.7,18.989,0.0,57.1,64.1,71.7,12.8,-45.39,-2.33,-43.06,0.0,320.13,363.2,,SSW,,11.32,101028.43,101029.02,
014HI,2024-01-15T15:50:00Z,100970.0,11.789,96.3,0.561,183.0,1.055,0.0,18.533,19.628,21.672,19.0,0.0,57.1,64.0,71.7,12.73,-44.35,-2.39,-41.95,0.0,321.04,363.0,,S,,11.21,101028.43,101029.05,
014HI,2024-01-15T15:55:00Z,100970.0,11.672,96.2,0.226,184.1,0.664,0.0,18.55,19.65,21.628,18.989,0.0,57.2,64.0,71.7,12.72,-46.04,-2.74,-43.3,0.0,320.8,364.1,,S,,11.08,101028.43,101029.07,
014HI,2024-01-15T16:00:00Z,100970.0,11.75,96.4,0.154,207.1,0.612,0.0,18.533,19.639,21.7,18.972,0.0,57.2,64.0,71.7,12.76,-45.66,-3.11,-42.55,0.0,320.91,363.46,,SSW,,11.19,101028.43,101029.06,
014HI,2024-01-15T16:05:00Z,100970.0,11.839,96.5,0.0,,0.0,0.0,18.483,19.639,21.678,18.95,0.0,57.2,64.0,71.7,12.79,-46.03,-2.96,-43.07,0.0,319.73,362.8,,,,11.29,101028.43,101029.04,
014HI,2024-01-15T16:10:00Z,100970.0,11.722,96.3,0.0,,0.0,0.0,18.483,19.661,21.672,18.939,0.0,57.2,64.0,71.7,12.72,-45.63,-3.18,-42.44,0.0,320.11,362.55,,,,11.15,101028.43,101029.06,
014HI,2024-01-15T16:15:00Z,100960.0,11.739,96.4,0.0,,0.0,0.0,18.506,19.589,21.711,18.928,0.0,57.2,64.0,71.7,12.71,-45.7,-3.43,-42.27,0.0,320.4,362.67,,,,11.18,101018.43,101019.05,
014HI,2024-01-15T16:20:00Z,100960.0,11.589,96.3,0.0,,0.0,0.0,18.494,19.6,21.678,18.928,0.0,57.2,64.0,71.7,12.75,-45.76,-3.43,-42.33,0.0,320.15,362.48,,,,11.01,101018.43,101019.08,
014HI,2024-01-15T16:25:00Z,100960.0,11.561,96.3,0.072,217.9,0.499,0.0,18.456,19.539,21.7,18.9,0.0,57.2,64.0,71.7,12.79,-45.73,-3.04,-42.69,0.0,319.18,361.88,,SW,,10.99,101018.43,101019.09,
014HI,2024-01-15T16:30:00Z,100950.0,11.722,96.5,0.473,195.5,0.89,0.0,18.45,19.578,21.65,18.9,0.0,57.2,64.0,71.7,12.71,-44.19,-2.44,-41.74,0.0,320.56,362.31,,SSW,,11.18,101008.42,101009.05,
014HI,2024-01-15T16:35:00Z,100950.0,11.461,96.3,0.082,213.2,0.72,0.0,18.467,19.578,21.65,18.889,0.0,57.2,64.0,71.7,12.75,-45.17,-2.82,-42.36,0.0,320.15,362.5,,SSW,,10.89,101008.42,101009.1,
014HI,2024-01-15T16:40:00Z,100940.0,11.6,96.4,0.144,163.5,0.612,0.0,18.422,19.561,21.672,18.9,0.0,57.2,64.0,71.7,12.77,-47.34,-3.12,-44.22,0.0,318.52,362.74,,SSE,,11.04,100998.42,100999.07,
014HI,2024-01-15T16:45:00Z,100930.0,11.561,96.4,0.01,136.1,0.221,0.0,18.411,19.561,21.678,18.861,0.0,57.1,64.0,71.7,12.71,-47.26,-3.47,-43.78,0.0,317.97,361.76,,SE,,11.0,100988.41,100989.07,
014HI,2024-01-15T16:50:00Z,100940.0,11.6,96.5,0.0,,0.0,0.0,18.428,19.55,21.711,18.861,0.0,57.1,64.0,71.7,12.7,-46.86,-2.9,-43.96,0.0,318.33,362.3,,,,11.06,100998.42,100999.07,
014HI,2024-01-15T16:55:00Z,100940.0,11.611,96.5,0.0,,0.0,0.0,18.411,19.522,21.689,18.839,0.0,57.2,64.0,71.7,12.74,-47.33,-3.43,-43.9,0.0,318.09,361.99,,,,11.07,100998.42,100999.07,
014HI,2024-01-15T17:00:00Z,100950.0,11.372,96.3,0.0,,0.0,0.0,18.372,19.561,21.678,18.839,0.0,57.1,64.0,71.7,12.77,-48.03,-3.33,-44.7,0.0,316.38,361.08,,,,10.8,101008.42,101009.12,
014HI,2024-01-15T17:05:00Z,100950.0,11.522,96.5,0.098,222.6,0.556,0.0,18.372,19.539,21.689,18.828,0.0,57.1,64.0,71.7,12.7,-46.06,-2.8,-43.26,0.0,317.09,360.35,,SW,,10.98,101008.42,101009.09,
014HI,2024-01-15T17:10:00Z,100950.0,11.639,96.7,0.772,192.5,1.168,0.0,18.394,19.522,21.661,18.822,0.0,57.1,64.0,71.7,12.7,-45.27,-1.55,-43.72,0.0,317.79,361.51,,SSW,,11.13,101008.42,101009.07,
014HI,2024-01-15T17:15:00Z,100950.0,11.339,96.4,0.803,180.3,1.111,0.0,18.372,19.5,21.639,18.8,0.0,57.1,64.0,71.7,12.74,-45.07,-0.68,-44.39,0.0,317.33,361.72,,S,,10.78,101008.42,101009.13,
014HI,2024-01-15T17:20:00Z,100950.0,11.45,96.6,0.643,217.9,1.055,0.65,18.322,19.45,21.672,18.8,0.0,57.1,64.0,71.7,12.77,-45.12,0.58,-45.69,0.07,316.09,361.78,,SW,,10.92,101008.42,101009.11,
014HI,2024-01-15T17:25:00Z,100950.0,11.5,96.7,0.062,249.9,0.612,3.32,18.306,19.55,21.661,18.778,0.0,57.1,64.0,71.7,12.69,-42.2,2.47,-44.67,0.86,316.68,361.35,,WSW,,10.99,101008.42,101009.1,
014HI,2024-01-15T17:30:00Z,100950.0,11.611,96.7,0.273,176.6,1.055,6.17,18.328,19.5,21.639,18.778,0.0,57.1,64.0,71.7,12.69,-39.52,5.45,-44.97,0.73,317.43,362.4,,S,,11.1,101008.42,101009.07,
014HI,2024-01-15T17:35:00Z,100950.0,11.578,96.7,0.237,154.5,0.833,9.41,18.306,19.478,21.678,18.772,0.0,57.1,64.0,71.7,12.69,-37.91,8.38,-46.29,1.03,317.26,363.54,,SSE,,11.07,101008.42,101009.08,
014HI,2024-01-15T17:40:00Z,100940.0,11.561,96.6,0.0,,0.0,13.3,18.289,19.472,21.7,18.75,0.0,57.1,64.0,71.7,12.73,-36.15,11.21,-47.36,2.09,316.61,363.97,,,,11.03,100998.42,100999.08,
014HI,2024-01-15T17:45:00Z,100940.0,11.7,96.7,0.365,203.1,0.777,17.18,18.239,19.461,21.689,18.75,0.0,57.1,64.0,71.7,12.77,-34.09,14.87,-48.96,2.31,315.53,364.49,,SSW,,11.19,100998.42,100999.05,
014HI,2024-01-15T17:50:00Z,100930.0,11.8,96.8,0.093,228.1,0.612,24.93,18.233,19.472,21.65,18.739,0.0,57.1,64.0,71.7,12.71,-29.79,19.35,-49.14,5.58,315.36,364.5,,SW,,11.3,100988.41,100989.02,
014HI,2024-01-15T17:55:00Z,100930.0,11.761,96.7,0.458,148.5,1.055,43.78,18.256,19.439,21.672,18.711,0.0,57.1,64.0,71.7,12.77,-21.26,30.37,-51.64,13.4,315.84,367.47,,SSE,,11.25,100988.41,100989.03,
014HI,2024-01-15T18:00:00Z,100930.0,11.889,96.8,0.34,333.2,1.168,79.5,18.2,19.45,21.7,18.711,0.0,57.1,64.0,71.7,12.9,4.23,59.86,-55.63,19.63,313.95,369.58,,NNW,,11.39,100988.41,100989.0,
014HI,2024-01-15T18:05:00Z,100930.0,12.128,96.9,0.139,316.4,0.664,92.47,18.144,19.45,21.678,18.7,0.0,57.1,64.0,71.7,12.92,5.48,65.0,-59.52,27.47,312.99,372.5,,NW,,11.65,100988.41,100988.95,
014HI,2024-01-15T18:10:00Z,100930.0,12.439,97.1,0.154,147.7,0.664,106.24,18.156,19.439,21.65,18.689,0.0,57.1,64.0,71.7,12.91,11.35,72.93,-61.59,33.31,314.85,376.44,,SSE,,11.99,100988.41,100988.89,
014HI,2024-01-15T18:15:00Z,100930.0,12.839,97.2,0.0,,0.0,121.13,18.133,19.428,21.672,18.661,0.0,57.1,64.0,71.7,13.04,17.62,83.62,-66.01,37.5,314.75,380.75,,,,12.4,100988.41,100988.81,
014HI,2024-01-15T18:20:00Z,100930.0,13.061,97.2,0.494,140.1,0.777,143.6,18.078,19.428,21.65,18.678,0.0,57.1,64.0,71.7,13.14,33.7,102.23,-68.53,41.37,314.85,383.38,,SE,,12.62,100988.41,100988.76,
014HI,2024-01-15T18:25:00Z,100930.0,13.511,97.3,0.36,126.3,0.833,168.94,18.067,19.422,21.661,18.65,0.0,57.1,64.0,71.7,13.23,52.15,123.34,-71.19,45.61,315.61,386.8,,SE,,13.09,100988.41,100988.67,
014HI,2024-01-15T18:30:00Z,100940.0,14.172,97.5,0.031,352.3,0.334,196.62,18.061,19.422,21.661,18.661,0.0,57.1,64.0,71.7,13.32,71.92,146.85,-74.93,49.77,315.79,390.72,,N,,13.78,100998.42,100998.54,
014HI,2024-01-15T18:35:00Z,100940.0,14.65,97.6,0.0,,0.0,225.18,18.056,19.4,21.711,18.661,0.0,57.1,64.0,71.7,13.39,95.06,171.95,-76.9,53.23,317.35,394.24,,,,14.27,100998.42,100998.44,
014HI,2024-01-15T18:40:00Z,100930.0,14.989,97.6,0.401,225.9,0.72,256.34,18.05,19.389,21.672,18.628,0.0,57.1,64.0,71.7,13.47,120.55,199.36,-78.81,56.98,319.0,397.81,,SW,,14.61,100988.41,100988.37,
014HI,2024-01-15T18:45:00Z,100930.0,15.328,97.6,0.051,198.9,0.777,286.24,18.05,19.372,21.639,18.6,0.0,57.1,64.0,71.7,13.52,143.99,225.12,-81.14,61.12,320.42,401.56,,SSW,,14.95,100988.41,100988.3,
014HI,2024-01-15T18:50:00Z,100930.0,15.422,97.5,0.72,197.1,1.497,310.76,18.05,19.372,21.678,18.622,0.0,57.1,64.0,71.7,13.56,164.5,246.77,-82.26,63.99,322.27,404.53,,SSW,,15.02,100988.41,100988.28,
014HI,2024-01-15T18:55:00Z,100930.0,15.7,97.4,0.818,185.2,1.497,330.97,18.05,19.35,21.689,18.589,0.0,57.1,64.0,71.7,13.6,178.07,262.24,-84.17,68.73,323.63,407.8,,S,,15.29,100988.41,100988.22,
014HI,2024-01-15T19:00:00Z,100930.0,16.089,97.4,0.818,190.4,1.888,344.8,18.056,19.361,21.65,18.589,0.0,57.1,64.0,71.7,13.64,184.7,270.78,-86.08,74.02,324.82,410.9,,S,,15.67,100988.41,100988.15,
014HI,2024-01-15T19:05:00Z,100920.0,16.911,97.5,0.015,208.3,0.391,349.91,18.061,19.328,21.711,18.578,0.0,57.1,64.0,71.7,13.65,182.69,271.67,-88.98,78.24,325.27,414.25,,SSW,,16.51,100978.4,100977.97,
014HI,2024-01-15T19:10:00Z,100910.0,17.372,97.3,0.0,,0.0,355.24,18.072,19.328,21.622,18.561,0.0,57.1,64.0,71.7,13.67,183.26,273.75,-90.49,81.49,326.58,417.07,,,,16.94,100968.4,100967.88,
014HI,2024-01-15T19:15:00Z,100900.0,17.8,97.0,0.067,185.1,0.664,367.42,18.083,19.328,21.639,18.55,0.0,57.1,64.0,71.7,13.7,189.84,282.95,-93.11,84.47,327.28,420.38,,S,,17.31,100958.39,100957.79,
014HI,2024-01-15T19:20:00Z,100900.0,18.222,96.2,0.149,115.8,0.777,386.02,18.106,19.372,21.65,18.572,0.0,57.2,64.0,71.7,13.73,202.96,298.57,-95.61,87.45,327.95,423.56,,ESE,,17.6,100958.39,100957.7,
014HI,2024-01-15T19:25:00Z,100890.0,18.6,95.1,0.154,92.5,0.777,403.2,18.122,19.328,21.661,18.561,0.0,57.1,64.0,71.7,13.67,214.61,312.49,-97.87,90.71,327.9,425.78,,E,,17.79,100948.39,100947.62,
014HI,2024-01-15T19:30:00Z,100890.0,19.039,94.0,0.123,48.92,0.499,418.76,18.15,19.322,21.672,18.55,0.0,57.2,64.0,71.7,13.67,224.93,324.76,-99.83,,328.8,428.63,,NE,,18.04,100948.39,100947.53,
014HI,2024-01-15T19:35:00Z,100880.0,19.272,92.7,0.221,26.84,0.556,434.81,18.178,19.3,21.661,18.561,0.0,57.1,64.0,71.7,13.68,236.63,338.11,-101.48,96.7,329.78,431.26,,NNE,,18.05,100938.38,100937.48,
014HI,2024-01-15T19:40:00Z,100870.0,19.472,91.9,0.165,107.5,0.556,450.25,18.206,19.311,21.639,18.528,0.0,57.2,64.0,71.7,13.68,248.63,350.76,-102.13,99.48,331.16,433.29,,ESE,,18.11,100928.38,100927.44,
014HI,2024-01-15T19:45:00Z,100860.0,19.85,90.6,0.185,37.68,0.777,468.17,18.244,19.3,21.661,18.511,0.0,57.1,64.0,71.7,13.67,262.37,365.56,-103.2,102.6,332.12,435.32,,NE,,18.26,100918.37,100917.36,
014HI,2024-01-15T19:50:00Z,100860.0,20.122,88.9,0.206,78.19,0.72,485.03,18.267,19.35,21.661,18.528,0.0,57.1,64.0,71.7,13.66,276.0,379.73,-103.73,105.3,333.97,437.7,,ENE,,18.22,100918.37,100917.31,
014HI,2024-01-15T19:55:00Z,100860.0,20.889,86.7,0.185,68.6,0.612,503.49,18.289,19.322,21.628,18.522,0.0,57.2,63.9,71.7,13.66,289.97,395.54,-105.58,107.95,335.37,440.94,,ENE,,18.58,100918.37,100917.16,
014HI,2024-01-15T20:00:00Z,100860.0,21.528,83.0,0.149,102.6,0.833,520.69,18.311,19.3,21.639,18.511,0.0,57.2,64.0,71.7,13.65,303.43,409.99,-106.56,110.7,336.88,443.44,,ESE,,18.5,100918.37,100917.03,
014HI,2024-01-15T20:05:00Z,100850.0,21.789,80.2,0.365,31.8,0.833,536.44,18.333,19.261,21.678,18.522,0.0,57.2,64.0,71.7,13.64,,423.58,-107.58,112.86,338.43,446.01,,NNE,,18.21,100908.36,100906.98,
014HI,2024-01-15T20:10:00Z,100840.0,22.078,78.74,0.226,68.13,0.72,553.77,18.356,19.278,21.672,18.511,0.0,57.2,63.9,71.7,13.64,328.73,437.56,-108.82,116.22,339.54,448.37,,ENE,,18.2,100898.36,100896.91,
014HI,2024-01-15T20:15:00Z,100840.0,22.5,75.23,0.869,7.84,2.5,569.31,18.378,19.261,21.661,18.511,0.0,57.2,63.9,71.7,13.63,342.12,451.71,-109.6,117.6,340.93,450.53,,N,,17.88,100898.36,100896.83,
014HI,2024-01-15T20:20:00Z,100830.0,22.511,71.14,1.343,0.66,2.109,586.01,18.406,19.25,21.689,18.511,0.0,57.1,63.9,71.7,13.63,358.47,467.36,-108.88,118.65,341.26,450.14,,N,,17.0,100888.35,100886.83,
014HI,2024-01-15T20:25:00Z,100830.0,22.578,69.73,1.538,5.55,2.608,601.67,18.439,19.272,21.65,18.511,0.0,57.1,63.9,71.7,13.62,371.96,480.71,-108.75,120.97,340.96,449.7,,N,,16.75,100888.35,100886.81,
014HI,2024-01-15T20:30:00Z,100830.0,22.761,71.37,0.839,345.1,1.888,616.31,18.472,19.239,21.672,18.522,0.0,57.1,63.9,71.7,13.62,379.77,492.21,-112.44,124.1,341.03,453.47,,NNW,,17.29,100888.35,100886.78,
014HI,2024-01-15T20:35:00Z,100820.0,22.911,70.0,1.497,349.1,2.33,629.14,18.506,19.25,21.628,18.528,0.0,57.2,63.9,71.7,13.61,391.0,503.65,-112.65,125.49,341.52,454.18,,N,,17.13,100878.35,100876.74,
014HI,2024-01-15T20:40:00Z,100820.0,22.989,68.67,1.446,353.0,2.5,641.06,18.539,19.228,21.661,18.522,0.0,57.2,63.9,71.7,13.61,400.23,514.01,-113.79,127.05,341.62,455.41,,N,,16.9,100878.35,100876.73,
014HI,2024-01-15T20:45:00Z,100820.0,23.1,69.14,1.574,355.8,2.778,653.85,18.572,19.239,21.65,18.522,0.0,57.2,63.9,71.7,13.62,410.89,525.03,-114.15,128.82,342.44,456.59,,N,,17.11,100878.35,100876.71,
014HI,2024-01-15T20:50:00Z,100820.0,23.222,70.7,1.939,335.3,3.112,666.85,18.606,19.228,21.622,18.522,0.0,57.2,63.9,71.7,13.62,422.23,536.15,-113.92,130.7,344.22,458.14,,NNW,,17.59,100878.35,100876.68,
014HI,2024-01-15T20:55:00Z,100820.0,23.2,69.92,2.192,320.8,3.498,677.18,18.644,19.222,21.639,18.528,0.0,57.1,63.9,71.7,13.61,431.44,545.02,-113.58,132.16,344.33,457.91,,NW,,17.39,100878.35,100876.69,
014HI,2024-01-15T21:00:00Z,100810.0,23.189,68.05,1.919,294.1,3.39,688.5,18.678,19.211,21.689,18.55,0.0,57.2,63.9,71.7,13.61,439.93,554.39,-114.45,134.12,344.53,458.98,,WNW,,16.95,100868.34,100866.68,
014HI,2024-01-15T21:05:00Z,100800.0,23.272,68.09,1.41,323.0,2.886,700.79,18.711,19.211,21.661,18.55,0.0,57.1,63.9,71.7,13.61,446.79,563.91,-117.12,136.87,344.46,461.58,,NW,,17.04,100858.34,100856.66,
014HI,2024-01-15T21:10:00Z,100790.0,23.211,68.46,1.775,344.2,2.665,710.55,18.739,19.211,21.628,18.561,0.0,57.1,63.9,71.7,13.6,455.81,572.59,-116.78,137.96,345.24,462.02,,NNW,,17.06,100848.33,100846.67,
014HI,2024-01-15T21:15:00Z,100780.0,23.35,67.49,1.651,344.1,3.941,718.1,18.767,19.228,21.711,18.561,0.0,57.1,63.9,71.7,13.6,461.61,579.1,-117.48,139.0,345.84,463.32,,NNW,,16.97,100838.32,100836.64,
014HI,2024-01-15T21:20:00Z,100770.0,23.25,68.82,1.739,356.9,3.164,726.74,18.8,19.222,21.672,18.561,0.0,57.1,63.9,71.7,13.6,468.37,586.54,-118.17,140.19,346.04,464.22,,N,,17.18,100828.32,100826.65,
014HI,2024-01-15T21:25:00Z,100760.0,23.289,68.94,2.089,355.2,3.663,737.19,18.833,19.2,21.672,18.561,0.0,57.1,63.9,71.7,13.6,476.2,595.1,-118.89,142.09,346.29,465.18,,N,,17.25,100818.31,100816.64,
014HI,2024-01-15T21:30:00Z,100750.0,23.161,68.91,1.497,349.2,2.608,746.85,18.872,19.228,21.661,18.572,0.0,57.1,63.9,71.7,13.6,483.58,602.97,-119.39,143.88,346.47,465.86,,N,,17.12,100808.31,100806.66,
014HI,2024-01-15T21:35:00Z,100750.0,23.272,69.31,1.641,15.61,3.22,754.82,18.906,19.222,21.628,18.578,0.0,57.1,63.9,71.7,13.6,488.1,608.69,-120.59,146.13,347.13,467.72,,NNE,,17.32,100808.31,100806.63,
014HI,2024-01-15T21:40:00Z,100750.0,23.289,69.12,1.693,17.03,3.611,762.55,18.933,19.228,21.639,18.6,0.0,57.1,63.9,71.7,13.61,494.25,615.33,-121.07,147.22,347.26,468.33,,NNE,,17.29,100808.31,100806.63,
014HI,2024-01-15T21:45:00Z,100750.0,23.2,68.69,1.435,14.04,2.721,768.04,18.961,19.2,21.672,18.6,0.0,57.1,63.9,71.7,13.61,497.68,620.28,-122.6,147.77,347.27,469.87,,NNE,,17.11,100808.31,100806.65,
014HI,2024-01-15T21:50:00Z,100750.0,23.222,69.96,1.59,13.21,2.943,775.86,18.994,19.211,21.689,18.628,0.0,57.1,63.9,71.7,13.6,503.8,626.66,-122.86,149.21,347.61,470.47,,NNE,,17.42,100808.31,100806.64,
014HI,2024-01-15T21:55:00Z,100740.0,23.25,71.24,1.43,3.33,2.829,782.03,19.028,19.222,21.65,18.65,0.0,57.1,63.9,71.7,13.61,507.88,632.12,-124.23,149.92,347.34,471.58,,N,,17.73,100798.3,100796.63,
014HI,2024-01-15T22:00:00Z,100720.0,23.361,72.61,1.687,4.33,3.164,787.91,19.061,19.222,21.628,18.661,0.0,57.1,63.9,71.8,13.61,511.1,636.61,-125.5,151.31,347.74,473.24,,N,,18.14,100778.29,100776.6,
014HI,2024-01-15T22:05:00Z,100710.0,23.339,72.37,1.847,354.7,3.056,792.37,19.089,19.222,21.661,18.661,0.0,57.1,63.9,71.8,13.61,515.64,640.73,-125.09,151.64,348.1,473.2,,N,,18.07,100768.28,100766.6,
014HI,2024-01-15T22:10:00Z,100710.0,23.189,72.36,2.361,345.6,3.941,796.61,19.122,19.222,21.628,18.689,0.0,57.1,63.9,71.7,13.6,520.62,644.84,-124.21,151.78,347.76,471.97,,NNW,,17.92,100768.28,100766.63,
014HI,2024-01-15T22:15:00Z,100710.0,23.078,71.93,2.14,335.9,3.889,801.18,19.161,19.239,21.628,18.678,0.0,57.1,63.9,71.7,13.6,524.29,648.69,-124.39,152.5,347.38,471.77,,NNW,,17.72,100768.28,100766.65,
014HI,2024-01-15T22:20:00Z,100710.0,23.278,72.62,1.579,338.2,2.608,804.0,19.194,19.239,21.639,18.689,0.0,57.1,63.9,71.7,13.6,523.97,650.45,-126.48,153.55,348.67,475.15,,NNW,,18.07,100768.28,100766.61,
014HI,2024-01-15T22:25:00Z,100720.0,23.539,71.41,2.161,331.2,3.442,806.37,19.217,19.228,21.661,18.711,0.0,57.1,63.9,71.6,13.6,526.69,652.77,-126.08,153.6,349.25,475.34,,NNW,,18.05,100778.29,100776.57,
014HI,2024-01-15T22:30:00Z,100720.0,23.4,70.28,2.13,331.0,4.218,808.52,19.25,19.228,21.65,18.722,0.0,57.1,63.9,71.6,13.6,531.23,655.54,-124.3,152.98,349.26,473.56,,NNW,,17.66,100778.29,100776.59,
014HI,2024-01-15T22:35:00Z,100720.0,23.278,70.44,2.3,3.6,3.997,808.99,19.289,19.228,21.611,18.75,0.0,57.1,63.9,71.6,13.6,532.69,655.54,-122.85,153.45,349.5,472.35,,N,,17.58,100778.29,100776.62,
014HI,2024-01-15T22:40:00Z,100710.0,23.172,71.22,2.392,3.58,4.666,808.98,19.328,19.25,21.65,18.761,0.0,57.1,63.9,71.6,13.6,532.87,655.52,-122.65,153.46,349.62,472.28,,N,,17.65,100768.28,100766.63,
014HI,2024-01-15T22:45:00Z,100710.0,23.228,72.29,1.471,36.16,4.496,810.9,19.372,19.239,21.6,18.772,0.0,57.1,63.9,71.6,13.6,530.71,655.88,-125.17,155.02,350.27,475.44,,NE,,17.95,100768.28,100766.62,
014HI,2024-01-15T22:50:00Z,100690.0,23.4,71.97,2.027,358.6,3.498,811.39,19.4,19.25,21.639,18.8,0.0,57.1,63.9,71.6,13.61,531.31,656.76,-125.45,154.63,350.88,476.32,,N,,18.04,100748.27,100746.58,
014HI,2024-01-15T22:55:00Z,100690.0,23.489,72.43,1.862,355.9,4.553,809.76,19.439,19.261,21.65,18.8,0.0,57.1,63.9,71.6,13.61,530.05,656.02,-125.97,153.75,351.26,477.23,,N,,18.23,100748.27,100746.56,
014HI,2024-01-15T23:00:00Z,100680.0,23.45,71.58,1.209,6.13,3.164,808.82,19.467,19.278,21.628,18.839,0.0,57.1,63.9,71.6,13.61,529.2,655.21,-126.01,153.61,351.03,477.04,,N,,18.0,100738.27,100736.56,
014HI,2024-01-15T23:05:00Z,100680.0,23.561,71.66,1.775,347.9,4.11,805.76,19.494,19.2,21.628,18.839,0.0,57.1,63.9,71.6,13.61,527.0,653.33,-126.33,152.43,351.99,478.32,,NNW,,18.13,100738.27,100736.54,
014HI,2024-01-15T23:10:00Z,100670.0,23.6,71.95,1.924,358.5,3.719,802.86,19.517,19.272,21.65,18.861,0.0,57.1,63.9,71.6,13.61,525.6,651.3,-125.7,151.56,352.32,478.02,,N,,18.23,100728.26,100726.53,
014HI,2024-01-15T23:15:00Z,100660.0,23.622,70.84,1.518,351.8,,802.23,19.55,19.278,21.65,18.878,0.0,57.1,63.9,71.6,13.61,524.33,650.78,-126.44,151.45,351.63,478.07,,N,,18.0,100718.25,100716.52,
014HI,2024-01-15T23:20:00Z,100650.0,23.672,70.77,1.502,342.3,3.056,799.69,19.578,19.322,21.678,18.889,0.0,57.1,63.9,71.6,13.62,521.89,648.78,-126.89,150.91,352.09,478.98,,NNW,,18.03,100708.25,100706.5,
014HI,2024-01-15T23:25:00Z,100650.0,23.628,70.74,1.801,1.43,3.498,796.4,19.617,19.311,21.661,18.922,0.0,57.0,63.9,71.6,13.62,521.62,646.61,-125.0,149.78,352.43,477.43,,N,,17.98,100708.25,100706.51,
014HI,2024-01-15T23:30:00Z,100640.0,23.65,70.86,1.718,353.3,3.22,790.92,19.656,19.322,21.672,18.928,0.0,57.0,63.9,71.6,13.62,516.43,641.85,-125.42,149.06,352.24,477.67,,N,,18.03,100698.24,100696.5,
014HI,2024-01-15T23:35:00Z,100640.0,23.65,70.45,1.878,345.4,3.22,788.49,19.694,19.289,21.639,18.961,0.0,57.0,63.9,71.6,13.6,514.96,639.96,-125.0,148.53,352.69,477.69,,NNW,,17.94,100698.24,100696.5,
014HI,2024-01-15T23:40:00Z,100630.0,23.689,69.83,1.548,344.9,2.5,783.09,19.728,19.322,21.65,18.978,0.0,57.0,63.9,71.6,13.6,509.56,635.48,-125.92,147.61,352.82,478.74,,NNW,,17.84,100688.24,100686.49,
014HI,2024-01-15T23:45:00Z,100620.0,23.772,69.59,1.615,4.83,2.608,777.41,19.761,19.322,21.622,19.0,0.0,57.0,63.9,71.6,13.6,505.12,630.24,-125.12,147.17,352.97,478.08,,N,,17.86,100678.23,100676.47,
014HI,2024-01-15T23:50:00Z,100610.0,23.939,70.65,1.564,7.73,2.608,770.45,19.789,19.322,21.628,19.028,0.0,57.0,63.9,71.6,13.61,498.11,623.78,-125.67,146.67,353.25,478.92,,N,,18.26,100668.23,100666.43,
014HI,2024-01-15T23:55:00Z,100600.0,23.911,69.78,1.142,25.61,2.557,765.49,19.822,19.328,21.628,19.022,0.0,57.0,63.9,71.6,13.61,493.39,619.92,-126.53,145.56,352.48,479.01,,NNE,,18.04,100658.22,100656.43,
014HI,2024-01-16T00:00:00Z,100600.0,23.9,69.23,1.404,34.67,2.557,758.27,19.85,19.339,21.65,19.05,0.0,57.0,63.9,71.6,13.61,487.63,613.02,-125.39,145.25,352.55,477.94,,NE,,17.9,100658.22,100656.43,
014HI,2024-01-16T00:05:00Z,100590.0,23.722,70.21,1.801,348.7,3.334,751.51,19.883,19.35,21.628,19.078,0.0,57.0,63.9,71.6,13.61,484.32,608.16,-123.84,143.35,352.57,476.41,,NNW,,17.96,100648.21,100646.46,
014HI,2024-01-16T00:10:00Z,100580.0,23.772,69.72,2.176,330.2,3.277,744.81,19.911,19.378,21.6,19.078,0.0,57.0,63.8,71.6,13.6,480.46,603.18,-122.72,141.63,352.57,475.29,,NNW,,17.89,100638.21,100636.44,
014HI,2024-01-16T00:15:00Z,100580.0,23.75,70.31,2.099,343.1,3.277,735.08,19.95,19.372,21.678,19.111,0.0,57.0,63.8,71.6,13.6,472.74,594.85,-122.11,140.23,351.99,474.1,,NNW,,18.0,100638.21,100636.45,
014HI,2024-01-16T00:20:00Z,100580.0,23.911,68.67,1.687,345.0,2.943,726.54,19.978,19.389,21.611,19.139,0.0,57.0,63.8,71.6,13.6,463.85,586.77,-122.91,139.77,351.84,474.76,,NNW,,17.78,100638.21,100636.42,
014HI,2024-01-16T00:25:00Z,100580.0,23.839,67.02,2.325,333.0,3.498,717.38,20.006,19.378,21.622,19.15,0.0,57.0,63.8,71.6,13.6,458.85,579.7,-120.86,137.68,352.11,472.97,,NNW,,17.33,100638.21,100636.43,
014HI,2024-01-16T00:30:00Z,100580.0,23.861,67.16,1.857,357.2,3.719,705.67,20.039,19.411,21.622,19.178,0.0,57.0,63.8,71.6,13.6,449.13,569.67,-120.54,135.99,352.6,473.14,,N,,17.38,100638.21,100636.43,
014HI,2024-01-16T00:35:00Z,100580.0,23.85,67.83,2.099,340.3,3.22,694.32,20.061,19.411,21.622,19.2,0.0,57.0,63.8,71.6,13.6,441.64,560.18,-118.54,134.14,352.97,471.51,,NNW,,17.53,100638.21,100636.43,
014HI,2024-01-16T00:40:00Z,100580.0,23.889,67.83,2.022,345.9,3.555,683.09,20.078,19.428,21.678,19.228,0.0,57.0,63.8,71.6,13.6,432.39,550.72,-118.34,132.37,352.86,471.2,,NNW,,17.57,100638.21,100636.42,
014HI,2024-01-16T00:45:00Z,100580.0,23.9,67.68,2.011,339.8,2.943,672.03,20.094,19.422,21.628,19.239,0.0,57.0,63.8,71.6,13.61,423.6,541.21,-117.61,130.82,353.46,471.07,,NNW,,17.54,100638.21,100636.42,
014HI,2024-01-16T00:50:00Z,100580.0,23.989,67.18,1.497,5.98,2.829,658.61,20.117,19.439,21.628,19.272,0.0,57.0,63.8,71.6,13.61,411.4,529.4,-118.0,129.21,353.37,471.38,,N,,17.51,100638.21,100636.4,
014HI,2024-01-16T00:55:00Z,100580.0,23.911,65.84,1.847,358.8,3.22,646.59,20.133,19.45,21.628,19.278,0.0,57.0,63.8,71.6,13.59,401.95,518.61,-116.66,127.98,353.7,470.37,,N,,17.11,100638.21,100636.42,
014HI,2024-01-16T01:00:00Z,100580.0,23.928,66.91,1.78,347.6,3.056,633.19,20.156,19.45,21.639,19.3,0.0,57.0,63.8,71.6,13.59,392.96,508.2,-115.24,125.0,354.17,469.41,,NNW,,17.39,100638.21,100636.41,
014HI,2024-01-16T01:05:00Z,100590.0,24.0,67.61,2.186,344.0,3.164,620.88,20.172,19.478,21.589,19.322,0.0,57.0,63.8,71.6,13.59,383.35,497.59,-114.23,123.29,354.47,468.7,,NNW,,17.62,100648.21,100646.41,
014HI,2024-01-16T01:10:00Z,100590.0,23.861,69.55,1.322,343.5,2.721,605.68,20.194,19.489,21.611,19.339,0.0,57.0,63.8,71.6,13.6,371.1,484.76,-113.67,120.92,355.26,468.92,,NNW,,17.94,100648.21,100646.43,
014HI,2024-01-16T01:15:00Z,100590.0,23.922,69.38,1.075,356.5,2.053,589.93,20.211,19.5,21.611,19.361,0.0,57.0,63.8,71.6,13.6,356.34,470.69,-114.35,119.24,355.33,469.68,,N,,17.96,100648.21,100646.42,
014HI,2024-01-16T01:20:00Z,100580.0,23.95,69.6,0.602,2.4,1.723,573.62,20.228,19.489,21.65,19.378,0.0,57.0,63.8,71.6,13.6,342.94,456.65,-113.71,116.96,355.59,469.31,,N,,18.03,100638.21,100636.41,
014HI,2024-01-16T01:25:00Z,100580.0,23.889,69.79,1.188,12.33,2.222,557.28,20.244,19.522,21.661,19.4,0.0,57.0,63.8,71.6,13.6,331.63,443.43,-111.8,113.85,356.56,468.36,,NNE,,18.02,100638.21,100636.42,
014HI,2024-01-16T01:30:00Z,100580.0,23.911,69.85,0.751,29.02,1.775,542.84,20.267,19.55,21.589,19.422,0.0,57.0,63.8,71.6,13.6,319.65,430.92,-111.27,111.92,356.52,467.79,,NNE,,18.05,100638.21,100636.42,
014HI,2024-01-16T01:35:00Z,100570.0,23.9,69.86,0.885,28.22,1.775,527.29,20.283,19.55,21.611,19.461,0.0,57.0,63.8,71.6,13.6,307.13,417.59,-110.46,109.69,356.73,467.19,,NNE,,18.05,100628.2,100626.41,
014HI,2024-01-16T01:40:00Z,100570.0,23.85,69.8,1.389,354.5,2.5,511.91,20.3,19.539,21.611,19.478,0.0,57.0,63.8,71.6,13.6,296.9,404.96,-108.06,106.95,357.32,465.38,,N,,17.98,100628.2,100626.42,
014HI,2024-01-16T01:45:00Z,100580.0,23.778,68.63,1.23,2.53,2.166,494.09,20.322,19.578,21.622,19.511,0.0,57.0,63.8,71.6,13.6,284.56,390.21,-105.65,103.88,357.79,463.44,,N,,17.65,100638.21,100636.44,
014HI,2024-01-16T01:50:00Z,100580.0,23.889,68.71,1.528,353.2,3.334,478.01,20.339,19.578,21.589,19.511,0.0,57.0,63.8,71.6,13.6,272.4,376.62,-104.22,101.39,358.32,462.54,,N,,17.77,100638.21,100636.42,
014HI,2024-01-16T01:55:00Z,100580.0,23.889,68.04,1.533,345.8,2.665,460.59,20.356,19.611,21.628,19.55,0.0,57.0,63.8,71.6,13.6,259.43,362.04,-102.6,98.55,358.4,461.0,,NNW,,17.62,100638.21,100636.42,
014HI,2024-01-16T02:00:00Z,100580.0,23.8,68.17,1.801,331.5,2.444,443.26,20.372,19.611,21.6,19.528,0.0,57.0,63.6,71.6,13.6,246.91,348.12,-101.2,95.14,358.68,459.88,,NNW,,17.56,100638.21,100636.44,
014HI,2024-01-16T02:05:00Z,100590.0,23.789,69.63,1.79,341.9,2.5,426.56,20.389,19.622,21.589,19.578,0.0,57.0,63.6,71.6,13.6,233.95,333.81,-99.86,92.75,359.09,458.95,,NNW,,17.89,100648.21,100646.45,
014HI,2024-01-16T02:10:00Z,100590.0,23.8,70.08,1.888,346.9,3.056,408.4,20.4,19.611,21.589,19.578,0.0,57.0,63.6,71.6,13.6,221.32,318.81,-97.49,89.59,359.58,457.07,,NNW,,18.0,100648.21,100646.44,
014HI,2024-01-16T02:15:00Z,100600.0,23.889,69.71,1.754,347.7,2.886,390.28,20.417,19.622,21.622,19.622,0.0,57.0,63.6,71.6,13.6,206.62,303.37,-96.75,86.91,359.75,456.49,,NNW,,18.0,100658.22,100656.43,
014HI,2024-01-16T02:20:00Z,100600.0,23.839,69.14,1.831,343.4,2.886,371.82,20.422,19.628,21.589,19.622,0.0,57.0,63.6,71.6,13.6,193.66,288.46,-94.8,83.36,359.86,454.66,,NNW,,17.82,100658.22,100656.44,
014HI,2024-01-16T02:25:00Z,100600.0,23.811,69.93,1.564,349.7,2.886,353.04,20.433,19.65,21.622,19.639,0.0,57.0,63.6,71.6,13.61,178.59,272.65,-94.06,80.39,360.16,454.22,,N,,17.98,100658.22,100656.45,
014HI,2024-01-16T02:30:00Z,100610.0,23.861,69.48,1.482,339.3,2.5,334.19,20.439,19.711,21.622,19.639,0.0,57.0,63.6,71.6,13.61,164.03,256.93,-92.9,77.26,360.34,453.24,,NNW,,17.92,100668.23,100666.44,
014HI,2024-01-16T02:35:00Z,100610.0,23.8,70.41,1.312,346.1,2.109,314.36,20.444,19.678,21.578,19.678,0.0,57.0,63.6,71.6,13.61,149.25,240.88,-91.63,73.48,360.14,451.77,,NNW,,18.08,100668.23,100666.45,
014HI,2024-01-16T02:40:00Z,100610.0,23.778,70.27,0.761,340.4,1.446,293.43,20.45,19.7,21.589,19.689,0.0,57.0,63.6,71.6,13.61,132.45,223.74,-91.3,69.69,360.03,451.33,,NNW,,18.02,100668.23,100666.46,
014HI,2024-01-16T02:45:00Z,100610.0,23.828,69.87,0.633,26.26,1.554,273.83,20.461,19.678,21.589,19.711,0.0,57.0,63.6,71.6,13.6,116.41,206.69,-90.27,67.14,360.01,450.28,,NNE,,17.98,100668.23,100666.45,
014HI,2024-01-16T02:50:00Z,100610.0,23.828,69.63,0.206,338.7,0.833,253.79,20.467,19.689,21.589,19.728,0.0,57.0,63.6,71.6,13.61,102.35,191.21,-88.86,62.58,360.34,449.2,,NNW,,17.92,100668.23,100666.45,
014HI,2024-01-16T02:55:00Z,100610.0,23.872,69.77,0.437,17.23,1.055,236.83,20.472,19.75,21.6,19.761,0.0,57.0,63.6,71.6,13.61,89.89,177.39,-87.5,59.44,360.53,448.03,,NNE,,18.0,100668.23,100666.44,
014HI,2024-01-16T03:00:00Z,100610.0,23.861,70.09,0.468,342.9,1.224,218.06,20.483,19.711,21.628,19.75,0.0,57.0,63.6,71.6,13.61,77.94,163.68,-85.74,54.37,360.78,446.52,,NNW,,18.06,100668.23,100666.44,
014HI,2024-01-16T03:05:00Z,100600.0,23.772,69.83,0.417,338.9,1.224,199.97,20.494,19.728,21.639,19.772,0.0,57.0,63.6,71.6,13.61,66.68,150.62,-83.95,49.34,360.63,444.57,,NNW,,17.92,100658.22,100656.45,
014HI,2024-01-16T03:10:00Z,100600.0,23.939,69.87,0.18,266.6,0.998,159.19,20.511,19.739,21.589,19.789,0.0,57.0,63.6,71.6,13.59,39.24,120.48,-81.24,38.71,360.93,442.17,,W,,18.09,100658.22,100656.42,
014HI,2024-01-16T03:15:00Z,100600.0,24.039,71.38,0.401,165.1,0.941,164.23,20.522,19.772,21.572,19.811,0.0,57.0,63.6,71.6,13.59,43.35,123.47,-80.11,40.76,360.92,441.04,,SSE,,18.52,100658.22,100656.4,
014HI,2024-01-16T03:20:00Z,100600.0,23.522,73.79,0.952,182.0,1.389,147.47,20.528,19.778,21.622,19.8,0.0,57.0,63.6,71.6,13.59,33.55,111.81,-78.26,35.67,359.65,437.91,,S,,18.56,100658.22,100656.5,
014HI,2024-01-16T03:25:00Z,100610.0,22.928,75.77,1.121,199.6,1.667,131.65,20.533,19.761,21.622,19.822,0.0,57.0,63.6,71.6,13.59,23.44,99.17,-75.73,32.49,358.63,434.36,,SSW,,18.41,100668.23,100666.62,
014HI,2024-01-16T03:30:00Z,100610.0,22.65,77.13,1.039,204.1,1.888,106.21,20.55,19.778,21.578,19.839,0.0,57.0,63.6,71.6,13.44,8.19,81.97,-73.78,24.24,357.11,430.89,,SSW,,18.42,100668.23,100666.67,
014HI,2024-01-16T03:35:00Z,100620.0,22.028,78.13,1.26,201.4,1.831,29.59,20.567,19.772,21.572,19.9,0.0,57.0,63.6,71.6,13.33,-38.92,28.87,-67.79,0.72,355.28,423.07,,SSW,,18.02,100678.23,100676.8,
014HI,2024-01-16T03:40:00Z,100620.0,21.378,80.2,0.725,190.3,1.224,23.48,20.6,19.789,21.6,19.861,0.0,57.0,63.6,71.6,13.29,-41.39,22.91,-64.3,0.57,353.13,417.43,,S,,17.81,100678.23,100676.92,
014HI,2024-01-16T03:45:00Z,100620.0,20.989,82.3,0.875,225.8,2.053,20.2,20.606,19.822,21.611,19.872,0.0,57.0,63.6,71.6,13.26,-43.93,19.18,-63.11,1.02,351.97,415.08,,SW,,17.84,100678.23,100677.0,
014HI,2024-01-16T03:50:00Z,100630.0,20.711,84.4,1.034,231.5,1.497,17.06,20.594,19.85,21.6,19.889,0.0,57.0,63.6,71.6,13.24,-45.82,15.99,-61.81,1.07,351.04,412.85,,SW,,17.97,100688.24,100687.06,
014HI,2024-01-16T03:55:00Z,100630.0,20.389,85.2,0.334,223.2,0.89,13.82,20.578,19.822,21.622,19.922,0.0,57.0,63.6,71.6,13.22,-46.47,12.46,-58.93,1.37,350.58,409.51,,SW,,17.81,100688.24,100687.12,
014HI,2024-01-16T04:00:00Z,100630.0,20.15,85.9,0.442,206.0,1.497,10.87,20.561,19.839,21.589,19.922,0.0,57.0,63.6,71.6,13.21,-46.66,9.4,-56.06,1.47,350.76,406.82,,SSW,,17.7,100688.24,100687.17,
014HI,2024-01-16T04:05:00Z,100640.0,19.972,86.8,0.499,236.3,0.89,7.59,20.539,19.839,21.65,19.939,0.0,57.0,63.6,71.6,13.15,-49.59,6.4,-56.0,1.19,349.76,405.76,,WSW,,17.69,100698.24,100697.21,
014HI,2024-01-16T04:10:00Z,100640.0,19.75,87.5,0.226,244.0,0.777,4.38,20.55,19.861,21.6,19.95,0.0,57.0,63.6,71.6,13.1,-49.88,3.39,-53.27,1.0,350.99,404.26,,WSW,,17.6,100698.24,100697.25,
014HI,2024-01-16T04:15:00Z,100650.0,19.511,88.0,0.715,220.7,1.111,1.61,20.528,19.861,21.589,19.95,0.0,57.0,63.6,71.6,13.16,-51.57,1.16,-52.73,0.45,350.69,403.43,,SW,,17.46,100708.25,100707.31,
014HI,2024-01-16T04:20:00Z,100660.0,19.178,88.2,0.283,205.4,0.777,0.0,20.483,19.872,21.611,19.922,0.0,57.0,63.6,71.5,13.13,-50.9,-0.98,-49.92,0.0,350.06,399.98,,SSW,,17.17,100718.25,100717.38,
014HI,2024-01-16T04:25:00Z,100670.0,19.0,88.9,0.664,220.7,1.224,0.0,20.511,19.878,21.561,19.972,0.0,57.0,63.6,71.6,13.08,-50.36,-2.22,-48.14,0.07,351.26,399.4,,SW,,17.12,100728.26,100727.42,
014HI,2024-01-16T04:30:00Z,100680.0,18.861,89.3,0.705,209.6,1.332,0.0,20.494,19.9,21.622,19.961,0.0,57.0,63.6,71.5,13.14,-52.25,-3.09,-49.16,0.0,349.87,399.03,,SSW,,17.05,100738.27,100737.45,
014HI,2024-01-16T04:35:00Z,100680.0,18.7,89.7,0.792,219.2,1.497,0.0,20.444,19.95,21.572,19.972,0.0,57.0,63.6,71.5,13.11,-52.67,-3.38,-49.29,0.0,349.55,398.83,,SW,,16.96,100738.27,100737.48,
014HI,2024-01-16T04:40:00Z,100680.0,18.578,89.9,0.957,220.2,1.554,0.0,20.456,19.928,21.589,19.989,0.0,57.0,63.6,71.5,13.02,-53.1,-3.61,-49.49,0.07,350.7,400.19,,SW,,16.88,100738.27,100737.51,
014HI,2024-01-16T04:45:00Z,100680.0,18.489,90.0,1.559,201.5,2.778,0.0,20.461,19.889,21.572,19.989,0.0,57.0,63.6,71.5,13.05,-53.94,-3.5,-50.44,0.4,352.46,402.9,,SSW,,16.81,100738.27,100737.52,
014HI,2024-01-16T04:50:00Z,100680.0,18.522,89.8,1.25,215.9,2.721,0.0,20.4,19.939,21.578,20.022,0.0,57.0,63.6,71.5,13.12,-54.22,-3.56,-50.66,0.34,352.07,402.74,,SW,,16.8,100738.27,100737.52,
014HI,2024-01-16T04:55:00Z,100680.0,18.489,90.1,0.869,255.2,1.446,0.0,20.344,19.961,21.6,20.0,0.0,57.0,63.6,71.5,13.09,-51.64,-3.79,-47.86,0.0,352.69,400.55,,WSW,,16.82,100738.27,100737.52,
014HI,2024-01-16T05:00:00Z,100680.0,18.25,90.3,0.684,180.9,0.941,0.0,20.367,19.939,21.55,20.039,0.0,57.0,63.6,71.5,13.05,-46.08,-3.38,-42.7,0.0,356.1,398.8,,S,,16.62,100738.27,100737.57,
014HI,2024-01-16T05:05:00Z,100680.0,18.261,90.8,1.204,178.5,2.053,0.0,20.356,19.939,21.561,20.028,0.0,57.0,63.6,71.5,13.07,-41.78,-2.62,-39.17,0.2,360.5,399.67,,S,,16.72,100738.27,100737.57,
014HI,2024-01-16T05:10:00Z,100680.0,18.3,90.1,1.353,180.3,2.053,0.0,20.339,19.939,21.589,20.028,0.0,57.0,63.6,71.5,13.04,-41.0,-2.62,-38.37,0.14,362.69,401.07,,S,,16.64,100738.27,100737.56,
014HI,2024-01-16T05:15:00Z,100680.0,18.222,90.3,0.54,213.2,1.389,0.0,20.322,19.972,21.578,20.022,0.0,57.0,63.6,71.5,13.11,-45.99,-3.25,-42.73,0.0,356.64,399.38,,SSW,,16.59,100738.27,100737.58,
014HI,2024-01-16T05:20:00Z,100690.0,18.128,90.5,1.008,191.2,1.945,0.0,20.283,19.972,21.572,20.022,0.0,57.0,63.6,71.5,13.08,-44.76,-3.01,-41.75,0.0,357.9,399.65,,S,,16.54,100748.27,100747.6,
014HI,2024-01-16T05:25:00Z,100690.0,18.178,90.7,0.376,232.0,0.998,0.0,20.311,19.972,21.572,20.028,0.0,57.0,63.6,71.6,13.03,-38.44,-2.95,-35.49,0.49,363.95,399.44,,SW,,16.62,100748.27,100747.59,
014HI,2024-01-16T05:30:00Z,100700.0,18.322,90.7,0.947,229.8,1.446,0.0,20.294,19.961,21.578,20.028,0.0,57.0,63.6,71.6,13.06,-40.64,-2.78,-37.86,0.69,363.75,401.61,,SW,,16.76,100758.28,100757.57,
014HI,2024-01-16T05:35:00Z,100700.0,18.372,90.3,0.427,147.9,1.332,0.0,20.272,19.972,21.572,20.022,0.0,57.0,63.6,71.6,13.03,-45.36,-3.12,-42.24,0.38,358.07,400.31,,SSE,,16.74,100758.28,100757.56,
014HI,2024-01-16T05:40:00Z,100710.0,18.389,90.1,0.751,210.0,1.497,0.0,20.261,20.011,21.572,20.05,0.0,57.0,63.6,71.6,13.05,-45.36,-3.04,-42.32,0.0,356.94,399.25,,SSW,,16.72,100768.28,100767.56,
014HI,2024-01-16T05:45:00Z,100700.0,18.239,90.2,0.622,285.9,1.389,0.0,20.256,20.0,21.589,20.039,0.0,57.0,63.5,71.6,13.02,-50.62,-3.75,-46.87,0.0,351.83,398.7,,WNW,,16.59,100758.28,100757.58,
014HI,2024-01-16T05:50:00Z,100710.0,18.111,90.6,0.746,132.0,1.224,0.0,20.256,19.989,21.539,20.039,0.0,57.0,63.6,71.5,13.05,-46.08,-3.18,-42.9,0.0,355.09,397.99,,SE,,16.54,100768.28,100767.62,
014HI,2024-01-16T05:55:00Z,100710.0,17.911,90.5,0.756,69.15,1.446,0.0,20.256,20.05,21.572,20.05,0.0,57.0,63.6,71.5,13.02,-45.94,-3.34,-42.59,0.0,354.63,397.22,,ENE,,16.32,100768.28,100767.66,
014HI,2024-01-16T06:00:00Z,100720.0,17.789,91.0,0.391,235.2,1.224,0.0,20.25,20.022,21.578,20.039,0.0,57.0,63.6,71.5,13.04,-43.48,-3.67,-39.81,0.0,356.2,396.01,,SW,,16.29,100778.29,100777.69,
014HI,2024-01-16T06:05:00Z,100720.0,17.739,91.2,0.792,208.5,1.446,0.0,20.25,20.011,21.55,20.05,0.0,57.0,63.6,71.5,13.01,-42.38,-3.05,-39.34,0.0,356.89,396.22,,SSW,,16.27,100778.29,100777.7,
014HI,2024-01-16T06:10:00Z,100720.0,17.489,91.3,0.031,284.3,0.499,0.0,20.244,20.0,21.55,20.039,0.0,57.0,63.6,71.5,13.08,-47.04,-3.54,-43.51,0.0,351.75,395.25,,WNW,,16.04,100778.29,100777.74,
014HI,2024-01-16T06:15:00Z,100730.0,17.511,91.7,0.864,157.2,1.61,0.0,20.206,20.022,21.622,20.05,0.0,57.0,63.6,71.5,13.05,-40.11,-3.06,-37.05,0.0,357.64,394.68,,SSE,,16.13,100788.29,100787.75,
014HI,2024-01-16T06:20:00Z,100730.0,17.361,91.7,0.417,152.4,1.111,0.0,20.233,20.022,21.572,20.0,0.0,57.0,63.6,71.5,12.97,-35.57,-2.48,-33.09,0.0,362.12,395.22,,SSE,,15.99,100788.29,100787.78,
014HI,2024-01-16T06:25:00Z,100730.0,17.25,92.0,0.268,210.8,0.777,0.0,20.256,20.0,21.578,20.028,0.0,57.0,63.6,71.5,13.0,-37.59,-3.03,-34.57,0.0,361.38,395.95,,SSW,,15.93,100788.29,100787.8,
014HI,2024-01-16T06:30:00Z,100730.0,17.278,92.3,0.875,236.6,1.224,0.0,20.206,20.0,21.578,20.039,0.0,57.0,63.6,71.5,13.03,-43.0,-3.01,-39.99,0.0,356.04,396.03,,WSW,,16.01,100788.29,100787.79,
014HI,2024-01-16T06:35:00Z,100730.0,17.228,92.3,0.093,199.2,0.612,0.0,20.194,20.022,21.578,20.05,0.0,57.0,63.6,71.5,13.0,-39.89,-3.3,-36.59,0.0,357.53,394.12,,SSW,,15.96,100788.29,100787.8,
014HI,2024-01-16T06:40:00Z,100730.0,17.072,92.3,0.144,178.4,0.664,0.0,20.183,20.022,21.561,20.028,0.0,57.0,63.6,71.5,13.03,-34.71,-2.54,-32.16,0.0,361.74,393.9,,S,,15.8,100788.29,100787.83,
014HI,2024-01-16T06:45:00Z,100740.0,16.989,92.5,0.772,169.0,1.497,0.0,20.183,19.989,21.561,20.022,0.0,57.0,63.6,71.5,13.0,-34.14,-2.35,-31.79,0.0,362.54,394.32,,S,,15.75,100798.3,100797.86,
014HI,2024-01-16T06:50:00Z,100740.0,16.928,92.8,0.499,312.0,1.111,0.0,20.172,20.039,21.578,20.039,0.0,57.0,63.6,71.5,13.02,-40.51,-2.93,-37.58,0.0,356.6,394.18,,NW,,15.75,100798.3,100797.87,
014HI,2024-01-16T06:55:00Z,100740.0,16.978,92.9,0.782,191.2,1.446,0.0,20.161,20.061,21.528,20.022,0.0,57.0,63.5,71.5,12.94,-37.93,-2.78,-35.15,0.0,359.32,394.47,,S,,15.81,100798.3,100797.86,
014HI,2024-01-16T07:00:00Z,100730.0,16.828,93.0,0.345,282.0,1.055,0.0,20.178,20.061,21.55,20.028,0.0,57.0,63.5,71.5,12.99,-39.13,-2.81,-36.32,0.0,358.51,394.84,,WNW,,15.68,100788.29,100787.88,
014HI,2024-01-16T07:05:00Z,100730.0,16.922,93.3,0.797,169.9,1.224,0.0,20.133,20.089,21.589,20.022,0.0,57.0,63.5,71.5,13.02,-42.62,-3.0,-39.62,0.0,354.68,394.3,,S,,15.82,100788.29,100787.86,
014HI,2024-01-16T07:10:00Z,100730.0,16.878,93.2,0.977,58.66,1.446,0.0,20.122,20.061,21.589,20.028,0.0,57.0,63.5,71.5,12.95,-34.28,-2.46,-31.82,0.0,363.3,395.12,,ENE,,15.76,100788.29,100787.87,
014HI,2024-01-16T07:15:00Z,100720.0,16.972,93.5,0.782,331.0,1.497,0.0,20.139,20.039,21.55,20.022,0.0,57.0,63.5,71.5,12.98,-30.75,-2.42,-28.34,0.0,369.28,397.62,,NNW,,15.91,100778.29,100777.85,
014HI,2024-01-16T07:20:00Z,100720.0,16.922,93.3,0.746,156.2,1.667,0.0,20.083,20.05,21.561,20.011,0.0,57.0,63.5,71.5,13.01,-29.97,-2.27,-27.71,0.0,369.56,397.26,,SSE,,15.82,100778.29,100777.86,
014HI,2024-01-16T07:25:00Z,100720.0,16.811,93.4,0.201,214.3,0.833,0.0,20.078,20.011,21.578,20.011,0.0,57.0,63.5,71.5,12.98,-25.61,-2.06,-23.55,0.0,372.53,396.08,,SW,,15.73,100778.29,100777.88,
014HI,2024-01-16T07:30:00Z,100720.0,16.739,93.4,0.252,303.8,0.664,0.0,20.072,20.05,21.561,19.989,0.0,57.0,63.5,71.5,13.01,-21.7,-1.84,-19.86,0.0,376.64,396.51,,NW,,15.66,100778.29,100777.89,
014HI,2024-01-16T07:35:00Z,100720.0,16.878,93.8,0.556,116.0,1.667,0.0,20.067,20.05,21.572,19.989,0.0,57.0,63.5,71.5,12.94,-21.4,-1.64,-19.76,0.0,378.01,397.77,,ESE,,15.86,100778.29,100777.87,
014HI,2024-01-16T07:40:00Z,100720.0,16.961,93.7,0.828,171.8,1.61,0.0,20.083,20.039,21.572,20.0,0.0,57.0,63.5,71.5,12.97,-25.58,-1.45,-24.13,0.0,375.7,399.83,,S,,15.93,100778.29,100777.85,
014HI,2024-01-16T07:45:00Z,100720.0,17.028,93.8,0.911,297.8,1.276,0.0,20.033,20.061,21.578,19.989,0.0,57.0,63.5,71.5,13.0,-34.81,-2.2,-32.62,0.0,366.49,399.1,,WNW,,16.01,100778.29,100777.84,
014HI,2024-01-16T07:50:00Z,100710.0,17.011,93.7,0.463,161.3,0.941,0.0,20.028,20.05,21.589,19.978,0.0,57.0,63.5,71.5,12.98,-35.96,-2.54,-33.41,0.0,363.77,397.19,,SSE,,15.98,100768.28,100767.83,
014HI,2024-01-16T07:55:00Z,100710.0,16.872,93.5,1.147,182.6,1.497,0.0,20.028,20.061,21.539,19.972,0.0,57.0,63.5,71.5,13.0,-44.16,-2.52,-41.65,0.0,354.15,395.79,,S,,15.81,100768.28,100767.86,
014HI,2024-01-16T08:00:00Z,100710.0,16.822,93.7,0.921,121.6,1.389,0.0,20.033,20.028,21.561,20.011,0.0,57.0,63.5,71.5,12.93,-43.1,-2.74,-40.36,0.0,354.69,395.05,,ESE,,15.79,100768.28,100767.87,
014HI,2024-01-16T08:05:00Z,100720.0,16.739,93.6,0.458,250.8,1.055,0.0,20.061,20.039,21.572,19.961,0.0,57.0,63.5,71.5,12.97,-43.37,-3.15,-40.22,0.0,354.66,394.88,,WSW,,15.69,100778.29,100777.89,
014HI,2024-01-16T08:10:00Z,100720.0,16.75,93.8,0.278,41.98,0.777,0.0,20.022,20.061,21.522,19.972,0.0,57.0,63.5,71.5,13.0,-43.86,-3.0,-40.86,0.0,352.65,393.51,,NE,,15.74,100778.29,100777.89,
014HI,2024-01-16T08:15:00Z,100720.0,16.578,93.6,0.324,220.5,0.833,0.0,20.022,20.028,21.561,19.989,0.0,57.0,63.5,71.5,12.97,-41.3,-3.09,-38.21,0.0,352.88,391.08,,SW,,15.53,100778.29,100777.93,
014HI,2024-01-16T08:20:00Z,100720.0,16.472,93.6,0.0,,0.278,0.0,20.028,20.072,21.572,19.95,0.0,57.0,63.5,71.5,12.99,-38.95,-2.98,-35.97,0.0,355.34,391.31,,,,15.43,100778.29,100777.95,
014HI,2024-01-16T08:25:00Z,100720.0,16.439,93.7,0.283,105.2,0.833,0.0,20.028,20.089,21.528,19.928,0.0,57.0,63.5,71.5,12.96,-39.18,-3.07,-36.11,0.0,354.32,390.43,,ESE,,15.41,100778.29,100777.95,
014HI,2024-01-16T08:30:00Z,100710.0,16.361,93.7,0.062,160.3,0.499,0.0,20.022,20.011,21.539,19.95,0.0,57.0,63.5,71.5,12.99,-38.12,-2.74,-35.38,0.0,354.75,390.12,,SSE,,15.33,100768.28,100767.96,
014HI,2024-01-16T08:35:00Z,100710.0,16.428,94.1,0.412,282.2,1.168,0.0,20.017,20.061,21.589,19.95,0.0,57.0,63.5,71.5,12.92,-38.17,-2.82,-35.35,0.0,354.78,390.14,,WNW,,15.47,100768.28,100767.95,
014HI,2024-01-16T08:40:00Z,100710.0,16.65,94.3,0.746,133.3,1.61,0.0,20.028,20.061,21.528,19.961,0.0,57.0,63.5,71.5,12.9,-34.94,-2.21,-32.72,0.0,359.96,392.69,,SE,,15.72,100768.28,100767.91,
014HI,2024-01-16T08:45:00Z,100700.0,16.511,94.0,0.427,112.7,1.554,0.0,20.006,20.05,21.611,19.939,0.0,57.0,63.5,71.5,12.96,-38.2,-2.61,-35.59,0.0,358.29,393.88,,ESE,,15.53,100758.28,100757.93,
014HI,2024-01-16T08:50:00Z,100700.0,16.428,94.1,0.792,240.7,1.111,0.0,19.956,20.05,21.572,19.939,0.0,57.0,63.5,71.5,12.98,-34.73,-2.6,-32.13,0.0,361.13,393.25,,WSW,,15.47,100758.28,100757.95,
014HI,2024-01-16T08:55:00Z,100700.0,16.35,94.0,1.188,192.1,1.667,0.0,19.95,20.05,21.55,19.922,0.0,57.0,63.5,71.5,12.96,-30.86,-2.13,-28.73,0.0,365.3,394.03,,SSW,,15.37,100758.28,100757.96,
014HI,2024-01-16T09:00:00Z,100700.0,16.289,94.2,0.669,171.4,1.332,0.0,19.939,20.039,21.539,19.928,0.0,57.0,63.5,71.5,12.98,-30.64,-2.03,-28.61,0.0,365.64,394.25,,S,,15.35,100758.28,100757.97,
014HI,2024-01-16T09:05:00Z,100700.0,16.322,94.3,0.468,102.3,1.111,0.0,19.939,20.05,21.55,19.911,0.0,57.0,63.5,71.5,12.91,-27.86,-2.05,-25.82,0.0,367.59,393.41,,ESE,,15.4,100758.28,100757.97,
014HI,2024-01-16T09:10:00Z,100690.0,16.35,94.4,0.314,246.3,1.332,0.0,19.961,20.111,21.561,19.928,0.0,57.0,63.5,71.5,12.95,-26.43,-2.1,-24.33,0.0,370.44,394.77,,WSW,,15.44,100748.27,100747.96,
014HI,2024-01-16T09:15:00Z,100680.0,16.45,94.5,0.669,212.1,1.497,0.0,19.917,20.078,21.55,19.9,0.0,57.0,63.5,71.5,12.98,-35.01,-2.41,-32.61,0.0,362.28,394.89,,SSW,,15.56,100738.27,100737.93,
014HI,2024-01-16T09:20:00Z,100670.0,16.411,94.4,0.309,177.2,0.833,0.0,19.911,20.039,21.528,19.9,0.0,57.0,63.5,71.5,12.91,-36.28,-2.41,-33.88,0.0,359.02,392.9,,S,,15.5,100728.26,100727.93,
014HI,2024-01-16T09:25:00Z,100660.0,16.228,94.2,0.134,104.2,0.612,0.0,19.944,20.05,21.539,19.9,0.0,57.0,63.5,71.5,12.95,-35.86,-2.81,-33.05,0.0,359.32,392.37,,ESE,,15.29,100718.25,100717.96,
014HI,2024-01-16T09:30:00Z,100660.0,16.239,94.3,0.273,72.51,0.777,0.0,19.911,20.061,21.55,19.9,0.0,57.0,63.5,71.5,13.02,-34.19,-2.52,-31.67,0.0,359.92,391.6,,ENE,,15.31,100718.25,100717.96,
014HI,2024-01-16T09:35:00Z,100660.0,16.239,94.4,0.777,264.0,1.111,0.0,19.883,20.028,21.578,19.9,0.0,57.0,63.5,71.5,12.98,-33.28,-2.34,-30.94,0.0,360.72,391.66,,W,,15.33,100718.25,100717.96,
014HI,2024-01-16T09:40:00Z,100660.0,16.328,94.5,0.869,221.6,1.276,0.0,19.906,20.05,21.511,19.9,0.0,57.0,63.5,71.5,12.91,-27.69,-2.06,-25.63,0.0,368.0,393.64,,SW,,15.44,100718.25,100717.94,
014HI,2024-01-16T09:45:00Z,100650.0,16.211,94.5,0.622,3.06,0.941,0.0,19.928,20.022,21.522,19.878,0.0,57.0,63.5,71.5,12.94,-34.34,-2.37,-31.98,0.0,361.6,393.57,,N,,15.32,100708.25,100707.96,
014HI,2024-01-16T09:50:00Z,100650.0,16.372,94.7,1.476,157.5,2.721,0.0,19.878,20.05,21.511,19.872,0.0,57.0,63.5,71.5,12.97,-37.16,-2.17,-34.99,0.0,360.13,395.12,,SSE,,15.51,100708.25,100707.93,
014HI,2024-01-16T09:55:00Z,100650.0,16.389,94.7,0.617,247.1,1.168,0.0,19.872,20.039,21.539,19.872,0.0,57.0,63.5,71.5,12.9,-37.3,-2.74,-34.57,0.0,359.31,393.88,,WSW,,15.53,100708.25,100707.92,
