# STATION: 015HI
# STATION NAME: Common Ground
# LATITUDE: 22.19750
# LONGITUDE: -159.42100
# ELEVATION [ft]: 364.0
# STATE: HI
Station_ID,Date_Time,pressure_set_1,air_temp_set_1,relative_humidity_set_1,wind_speed_set_1,wind_direction_set_1,wind_gust_set_1,solar_radiation_set_1,soil_temp_set_1,soil_temp_set_2,soil_temp_set_3,soil_temp_set_4,precip_accum_five_minute_set_1,soil_moisture_set_1,soil_moisture_set_2,soil_moisture_set_3,volt_set_1,net_radiation_set_1,net_radiation_sw_set_1,net_radiation_lw_set_1,outgoing_radiation_sw_set_1,incoming_radiation_lw_set_1,outgoing_radiation_lw_set_1,wind_chill_set_1d,wind_cardinal_direction_set_1d,heat_index_set_1d,dew_point_temperature_set_1d,altimeter_set_1d,sea_level_pressure_set_1d,wet_bulb_temperature_set_1d
,,Pascals,Celsius,%,m/s,Degrees,m/s,W/m**2,Celsius,Celsius,Celsius,Celsius,Millimeters,%,%,%,volts,W/m**2,W/m**2,W/m**2,W/m**2,W/m**2,W/m**2,Celsius,code,Celsius,Celsius,Pascals,Pascals,Celsius
015HI,2024-01-15T10:05:00Z,,14.289,95.4,0.221,295.8,0.72,0.0,20.544,20.828,22.061,20.428,0.0,47.3,48.0,47.7,12.87,-55.78,-4.82,-50.96,0.0,326.98,377.94,,WNW,,13.56,,None,
015HI,2024-01-15T10:10:00Z,,14.139,95.6,0.484,284.1,0.833,0.0,20.556,20.828,22.05,20.378,0.0,47.3,48.0,47.7,12.91,-55.39,-4.62,-50.77,0.23,327.92,378.69,,WNW,,13.44,,None,
015HI,2024-01-15T10:15:00Z,,14.178,95.8,0.319,274.9,0.777,0.0,20.5,20.839,22.089,20.361,0.0,47.3,48.0,47.7,12.94,-56.45,-4.66,-51.8,0.21,324.05,375.85,,W,,13.51,,None,
015HI,2024-01-15T10:20:00Z,,14.128,96.0,0.571,281.7,0.998,0.0,,20.811,22.039,20.339,0.0,47.3,48.0,47.7,12.87,-57.36,-4.83,-52.53,0.0,324.5,377.03,,WNW,,13.49,,None,
015HI,2024-01-15T10:25:00Z,,14.111,96.1,0.514,289.6,0.777,0.0,20.5,20.8,22.011,20.361,0.0,47.3,48.0,47.7,12.91,-57.91,-4.68,-53.23,0.33,326.73,379.96,,WNW,,13.49,,None,
015HI,2024-01-15T10:30:00Z,,14.139,96.2,0.304,295.7,0.72,0.0,,20.761,22.072,20.3,0.0,47.3,48.0,47.7,12.94,-58.96,-4.94,-54.03,0.0,322.27,376.3,,WNW,,13.54,,None,
015HI,2024-01-15T10:35:00Z,,14.161,96.2,0.36,282.3,0.833,0.0,20.428,20.789,22.078,20.311,0.0,47.3,48.0,47.7,12.87,-57.82,-4.73,-53.09,0.44,325.18,378.27,,WNW,,13.56,,None,
015HI,2024-01-15T10:40:00Z,,13.928,95.9,0.273,299.0,0.72,0.0,20.444,20.772,22.039,20.311,0.0,47.3,48.0,47.7,12.89,-57.12,-4.84,-52.28,0.0,325.19,377.48,,WNW,,13.28,,None,
015HI,2024-01-15T10:45:00Z,,13.85,96.1,0.237,284.1,0.664,0.0,20.394,20.75,22.039,20.289,0.0,47.3,48.0,47.7,12.94,-57.81,-4.8,-53.01,0.0,322.04,375.05,,WNW,,13.23,,None,
015HI,2024-01-15T10:50:00Z,,13.872,96.5,0.123,286.7,0.664,0.0,20.383,20.739,22.039,20.311,0.0,47.3,48.0,47.7,12.86,-55.92,-4.6,-51.32,0.44,324.27,375.58,,WNW,,13.32,,None,
015HI,2024-01-15T10:55:00Z,99890.0,13.989,96.6,0.34,312.9,0.941,0.0,20.4,20.778,22.05,20.289,0.0,47.3,48.0,47.7,12.86,-58.25,-4.66,-53.59,0.64,324.58,378.17,,NW,,13.45,101215.05,101215.53,
015HI,2024-01-15T11:00:00Z,99880.0,13.822,96.4,0.046,286.1,0.612,0.0,20.378,20.7,22.078,20.278,0.0,47.3,48.0,47.7,12.9,-56.92,-4.97,-51.96,0.0,324.52,376.48,,WNW,,13.25,101204.92,101206.17,
015HI,2024-01-15T11:05:00Z,99880.0,13.9,96.7,0.165,337.0,0.664,0.0,20.322,20.7,22.05,20.222,0.0,47.3,48.0,47.7,12.93,-56.72,-4.85,-51.87,0.53,322.72,374.59,,NNW,,13.38,101204.92,101205.81,
015HI,2024-01-15T11:10:00Z,99880.0,13.678,96.3,0.159,286.4,0.664,0.0,20.317,20.7,22.011,20.189,0.0,47.3,48.0,47.7,12.86,-54.3,-4.67,-49.63,0.0,323.94,373.57,,WNW,,13.09,101204.92,101206.84,
015HI,2024-01-15T11:15:00Z,99880.0,13.811,97.0,0.17,273.3,0.833,0.0,20.339,20.672,22.022,20.189,0.0,47.3,48.0,47.7,12.9,-54.59,-4.68,-49.91,0.39,324.59,374.5,,W,,13.34,101204.92,101206.22,
015HI,2024-01-15T11:20:00Z,99880.0,13.822,96.9,0.412,262.2,0.833,0.0,20.283,20.678,22.089,20.2,0.0,47.3,48.0,47.7,12.92,-55.28,-4.25,-51.03,0.17,321.93,372.96,,W,,13.33,101204.92,101206.17,
015HI,2024-01-15T11:25:00Z,99870.0,13.789,97.0,0.293,262.9,0.612,0.0,20.267,20.689,22.089,20.172,0.0,47.3,48.0,47.7,12.85,-53.8,-4.29,-49.51,0.03,323.65,373.16,,W,,13.32,101194.78,101196.19,
015HI,2024-01-15T11:30:00Z,99870.0,13.472,96.5,0.0,,0.0,0.0,20.289,20.689,22.039,20.172,0.0,47.3,48.0,47.7,12.89,-53.69,-4.3,-49.39,0.0,323.29,372.68,,,,12.92,101194.78,101197.67,
015HI,2024-01-15T11:35:00Z,99870.0,13.322,96.8,0.0,,0.0,0.0,,20.661,22.072,20.139,0.0,47.3,48.0,47.7,12.92,-53.35,-4.21,-49.14,0.0,319.0,368.15,,,,12.82,101194.78,101198.37,
015HI,2024-01-15T11:40:00Z,99860.0,13.189,96.9,0.0,,0.0,0.0,20.261,20.639,22.011,20.122,0.0,47.3,48.0,47.7,12.85,-52.22,-4.5,-47.72,0.0,321.59,369.31,,,,12.7,101184.65,101188.86,
015HI,2024-01-15T11:45:00Z,99860.0,13.089,97.1,0.0,,0.0,0.0,20.289,20.639,22.072,20.089,0.0,47.3,48.0,47.7,12.89,-52.21,-4.41,-47.8,0.0,322.07,369.87,,,,12.63,101184.65,101189.32,
015HI,2024-01-15T11:50:00Z,99850.0,13.161,97.5,0.19,259.1,0.664,0.0,,20.639,22.028,20.1,0.0,47.3,48.0,47.7,12.92,-52.56,-4.31,-48.25,0.0,318.59,366.84,,W,,12.77,101174.52,101178.85,
015HI,2024-01-15T11:55:00Z,99850.0,13.289,97.7,0.01,273.8,0.278,0.0,20.206,20.628,22.078,20.111,0.0,47.3,48.0,47.7,12.84,-53.03,-3.88,-49.14,0.29,321.52,370.67,,W,,12.93,101174.52,101178.26,
015HI,2024-01-15T12:00:00Z,99840.0,13.272,97.8,0.314,267.9,0.89,0.0,,20.611,22.078,20.072,0.0,47.3,48.0,47.7,12.83,-51.66,-3.56,-48.1,0.0,322.83,370.93,,W,,12.93,101164.39,101168.2,
015HI,2024-01-15T12:05:00Z,99840.0,13.55,98.1,0.165,296.8,0.612,0.0,20.167,20.578,22.028,20.061,0.0,47.3,48.0,47.7,12.84,-52.12,-4.03,-48.08,0.78,325.32,373.41,,WNW,,13.25,101164.39,101166.9,
015HI,2024-01-15T12:10:00Z,99840.0,13.161,97.4,0.226,284.3,0.777,0.0,20.133,20.611,22.061,20.022,0.0,47.3,48.0,47.7,12.88,-52.27,-3.87,-48.4,0.0,325.1,373.5,,WNW,,12.75,101164.39,101168.72,
015HI,2024-01-15T12:15:00Z,99840.0,13.178,97.9,0.525,270.3,0.777,0.0,20.072,20.589,22.061,20.011,0.0,47.3,48.0,47.7,12.91,-54.31,-3.79,-50.52,0.0,322.03,372.55,,W,,12.85,101164.39,101168.64,
015HI,2024-01-15T12:20:00Z,99840.0,13.261,98.3,0.453,277.1,0.777,0.0,20.056,20.572,22.072,20.028,0.0,47.3,48.0,47.7,12.84,-53.05,-3.8,-49.25,0.59,324.41,373.66,,W,,13.0,101164.39,101168.25,
015HI,2024-01-15T12:25:00Z,99840.0,13.239,98.1,0.586,283.9,0.998,0.0,20.067,20.539,22.078,20.011,0.0,47.3,48.0,47.7,12.83,-55.81,-3.92,-51.89,0.0,324.67,376.56,,WNW,,12.94,101164.39,101168.36,
015HI,2024-01-15T12:30:00Z,99840.0,13.289,98.3,0.705,300.9,1.055,0.0,20.039,20.55,22.011,19.978,0.0,47.3,48.0,47.7,12.83,-55.55,-3.93,-51.62,0.11,325.04,376.66,,WNW,,13.02,101164.39,101168.12,
015HI,2024-01-15T12:35:00Z,99840.0,13.311,98.3,0.72,297.1,0.998,0.0,20.017,20.55,22.072,19.978,0.0,47.3,48.0,47.7,12.83,-53.56,-3.72,-49.83,0.08,325.77,375.61,,WNW,,13.05,101164.39,101168.02,
015HI,2024-01-15T12:40:00Z,99840.0,13.178,98.1,0.057,291.2,0.442,0.0,20.0,20.528,22.039,19.972,0.0,47.3,48.0,47.7,12.87,-52.65,-4.02,-48.63,0.0,326.26,374.88,,WNW,,12.88,101164.39,101168.64,
015HI,2024-01-15T12:45:00Z,99830.0,13.2,98.3,0.0,,0.0,0.0,19.95,20.511,22.089,19.939,0.0,47.3,48.0,47.7,12.9,-51.98,-4.25,-47.73,0.0,323.86,371.59,,,,12.93,101154.25,101158.4,
015HI,2024-01-15T12:50:00Z,99830.0,13.072,98.1,0.062,287.2,0.833,0.0,,20.5,22.05,19.928,0.0,47.3,48.0,47.7,12.82,-49.77,-4.38,-45.39,0.0,324.5,369.89,,WNW,,12.78,101154.25,101159.0,
015HI,2024-01-15T12:55:00Z,99830.0,13.0,98.3,0.53,237.7,0.89,0.0,19.978,20.5,22.011,19.939,0.0,47.3,48.0,47.7,12.86,-51.0,-3.54,-47.46,0.0,326.3,373.76,,WSW,,12.74,101154.25,101159.34,
015HI,2024-01-15T13:00:00Z,99820.0,12.922,98.3,0.401,234.8,0.941,0.0,19.928,20.5,22.061,19.911,0.0,47.3,48.0,47.7,12.89,-50.95,-3.51,-47.44,0.0,323.5,370.94,,SW,,12.66,101144.12,101149.57,
015HI,2024-01-15T13:05:00Z,99820.0,13.05,98.6,0.129,256.7,0.72,0.0,19.922,20.45,22.072,19.911,0.0,47.3,48.0,47.7,12.82,-50.32,-3.8,-46.53,0.04,325.9,372.42,,WSW,,12.83,101144.12,101148.97,
015HI,2024-01-15T13:10:00Z,99820.0,12.989,98.4,0.051,272.2,0.556,0.0,,20.472,22.011,19.9,0.0,47.3,48.0,47.7,12.81,-51.78,-5.0,-46.77,0.0,324.6,371.37,,W,,12.74,101144.12,101149.26,
015HI,2024-01-15T13:15:00Z,99810.0,12.85,98.3,0.185,283.9,0.777,0.0,19.917,20.461,22.022,19.839,0.0,47.3,48.0,47.7,12.85,-51.24,-3.85,-47.39,0.0,325.86,373.24,,WNW,,12.59,101133.99,101139.77,
015HI,2024-01-15T13:20:00Z,99810.0,12.678,98.2,0.0,,0.0,0.0,19.867,20.45,22.061,19.878,0.0,47.3,48.0,47.7,12.88,-51.25,-4.35,-46.9,0.0,322.07,368.97,,,,12.4,101133.99,101140.58,
015HI,2024-01-15T13:25:00Z,99810.0,12.561,98.3,0.149,230.7,0.72,0.0,19.872,20.428,22.05,19.839,0.0,47.3,47.9,47.7,12.81,-48.48,-3.51,-44.98,0.0,324.4,369.38,,SW,,12.3,101133.99,101141.13,
015HI,2024-01-15T13:30:00Z,99810.0,12.778,98.8,0.489,260.1,1.111,0.0,19.894,20.461,22.05,19.839,0.0,47.3,47.9,47.7,12.8,-50.25,-3.54,-46.71,0.0,325.18,371.89,,W,,12.59,101133.99,101140.11,
015HI,2024-01-15T13:35:00Z,99810.0,12.889,98.8,0.226,266.0,0.72,0.0,19.867,20.422,22.022,19.772,0.0,47.3,47.9,47.7,12.84,-49.89,-3.99,-45.91,0.41,326.63,372.54,,W,,12.7,101133.99,101139.59,
015HI,2024-01-15T13:40:00Z,99800.0,13.011,98.8,0.036,257.7,0.556,0.0,19.806,20.422,22.072,19.778,0.0,47.3,47.9,47.7,12.87,-50.32,-3.81,-46.51,0.0,323.26,369.77,,WSW,,12.82,101123.85,101128.89,
015HI,2024-01-15T13:45:00Z,99800.0,12.761,98.4,0.021,259.5,0.391,0.0,19.794,20.4,22.05,19.8,0.0,47.3,47.9,47.7,12.8,-49.12,-4.08,-45.04,0.0,324.41,369.45,,W,,12.51,101123.85,101130.06,
015HI,2024-01-15T13:50:00Z,99800.0,12.55,98.3,0.319,228.0,0.833,0.0,19.822,20.361,22.039,19.789,0.0,47.3,47.9,47.7,12.83,-50.26,-3.74,-46.53,0.0,324.83,371.36,,SW,,12.29,101123.85,101131.05,
015HI,2024-01-15T13:55:00Z,99790.0,12.361,98.3,0.057,228.3,0.556,0.0,,20.35,22.089,19.789,0.0,47.2,47.9,47.7,12.86,-52.29,-4.14,-48.15,0.0,319.57,367.73,,SW,,12.1,101113.72,101121.8,
015HI,2024-01-15T14:00:00Z,99780.0,12.3,98.5,0.0,,0.0,0.0,19.772,20.328,22.05,19.761,0.0,47.2,47.9,47.7,12.79,-50.17,-3.93,-46.23,0.0,322.47,368.7,,,,12.07,101103.59,101111.95,
015HI,2024-01-15T14:05:00Z,99780.0,12.272,98.6,0.0,,0.0,0.0,19.8,20.361,22.05,19.772,0.0,47.2,47.9,47.7,12.83,-49.79,-3.77,-46.02,0.0,322.91,368.93,,,,12.06,101103.59,101112.08,
015HI,2024-01-15T14:10:00Z,99780.0,12.189,98.5,0.0,,0.0,0.0,19.761,20.328,22.072,19.761,0.0,47.2,47.9,47.7,12.85,-50.2,-4.17,-46.03,0.0,319.66,365.69,,,,11.96,101103.59,101112.47,
015HI,2024-01-15T14:15:00Z,99780.0,12.4,99.0,0.144,279.4,0.612,0.0,19.75,20.322,22.072,19.7,0.0,47.2,47.9,47.7,12.78,-49.43,-3.7,-45.73,0.68,321.77,367.5,,W,,12.25,101103.59,101111.48,
015HI,2024-01-15T14:20:00Z,99780.0,12.472,98.9,0.206,295.0,0.612,0.0,19.75,20.328,22.039,19.7,0.0,47.2,47.9,47.7,12.77,-51.64,-4.11,-47.53,0.0,321.92,369.45,,WNW,,12.3,101103.59,101111.15,
015HI,2024-01-15T14:25:00Z,99780.0,12.411,98.8,0.005,293.9,0.334,0.0,,20.339,22.05,19.711,0.0,47.2,47.9,47.7,12.81,-49.66,-4.06,-45.6,0.0,321.86,367.46,,WNW,,12.23,101103.59,101111.43,
015HI,2024-01-15T14:30:00Z,99780.0,12.322,98.7,0.0,,0.0,0.0,19.656,20.322,22.061,19.678,0.0,47.2,47.9,47.7,12.83,-50.94,-3.98,-46.96,0.0,318.96,365.92,,,,12.12,101103.59,101111.85,
015HI,2024-01-15T14:35:00Z,99780.0,12.222,98.7,0.036,290.1,0.499,0.0,19.65,20.289,22.011,19.661,0.0,47.2,47.9,47.7,12.77,-49.39,-3.51,-45.88,0.0,320.86,366.74,,WNW,,12.02,101103.59,101112.32,
015HI,2024-01-15T14:40:00Z,99780.0,12.361,99.0,0.401,306.0,0.777,0.0,,20.278,22.061,19.678,0.0,47.2,47.9,47.7,12.76,-51.24,-4.05,-47.18,0.0,320.84,368.03,,NW,,12.21,101103.59,101111.67,
015HI,2024-01-15T14:45:00Z,99770.0,12.3,98.9,0.216,266.4,0.72,0.0,19.639,20.272,22.061,19.628,0.0,47.2,47.9,47.7,12.8,-50.18,-3.86,-46.32,0.0,322.28,368.6,,W,,12.13,101093.46,101101.82,
015HI,2024-01-15T14:50:00Z,99760.0,12.139,98.7,0.149,246.6,1.224,0.0,,20.261,22.078,19.628,0.0,47.2,47.9,47.7,12.83,-50.71,-3.67,-47.04,0.0,317.01,364.05,,WSW,,11.94,101083.32,101092.44,
015HI,2024-01-15T14:55:00Z,99760.0,12.061,98.8,0.01,241.8,0.499,0.0,19.589,20.272,22.05,19.628,0.0,47.2,47.9,47.7,12.76,-49.57,-3.68,-45.89,0.0,320.78,366.67,,WSW,,11.88,101083.32,101092.81,
015HI,2024-01-15T15:00:00Z,99760.0,12.072,99.0,0.0,,0.0,0.0,,20.228,22.078,19.622,0.0,47.2,47.9,47.7,12.79,-50.09,-4.08,-46.01,0.0,319.73,365.75,,,,11.92,101083.32,101092.76,
015HI,2024-01-15T15:05:00Z,99760.0,12.178,99.1,0.0,,0.0,0.0,19.567,20.228,22.061,19.589,0.0,47.2,47.9,47.7,12.82,-50.94,-4.28,-46.66,0.0,318.28,364.93,,,,12.04,101083.32,101092.26,
015HI,2024-01-15T15:10:00Z,99760.0,12.189,99.1,0.0,,0.0,0.0,19.556,20.222,22.1,19.561,0.0,47.2,47.9,47.7,12.75,-48.95,-3.83,-45.12,0.0,321.02,366.14,,,,12.05,101083.32,101092.21,
015HI,2024-01-15T15:15:00Z,99760.0,12.078,98.9,0.026,230.5,0.391,0.0,19.572,20.228,22.028,19.561,0.0,47.2,47.9,47.7,12.74,-47.87,-3.38,-44.49,0.0,322.04,366.53,,SW,,11.91,101083.32,101092.73,
015HI,2024-01-15T15:20:00Z,99770.0,12.011,99.0,0.0,,0.0,0.0,19.556,20.222,22.078,19.528,0.0,47.2,47.9,47.7,12.77,-46.24,-3.07,-43.16,0.0,323.25,366.42,,,,11.86,101093.46,101103.18,
015HI,2024-01-15T15:25:00Z,99770.0,12.089,99.2,0.0,,0.0,0.0,19.5,20.2,22.061,19.522,0.0,47.2,47.9,47.7,12.81,-47.67,-3.21,-44.47,0.0,320.15,364.62,,,,11.97,101093.46,101102.81,
015HI,2024-01-15T15:30:00Z,99770.0,12.039,99.1,0.0,,0.0,0.0,19.489,20.2,22.072,19.528,0.0,47.2,47.9,47.7,12.73,-47.54,-3.57,-43.98,0.0,321.95,365.93,,,,11.9,101093.46,101103.05,
015HI,2024-01-15T15:35:00Z,99770.0,12.1,99.2,0.0,,0.0,0.0,,20.161,22.05,19.5,0.0,47.2,47.9,47.7,12.76,-46.1,-3.16,-42.94,0.0,322.4,365.34,,,,11.98,101093.46,101102.76,
015HI,2024-01-15T15:40:00Z,99770.0,12.1,99.2,0.149,223.9,0.833,0.0,19.45,20.161,22.072,19.522,0.0,47.2,47.9,47.7,12.8,-48.13,-3.41,-44.73,0.11,320.42,365.15,,SW,,11.98,101093.46,101102.76,
015HI,2024-01-15T15:45:00Z,99770.0,12.189,99.3,0.0,,0.0,0.0,19.433,20.161,22.089,19.478,0.0,47.2,47.9,47.7,12.73,-47.81,-3.6,-44.21,0.2,322.37,366.58,,,,12.08,101093.46,101102.34,
015HI,2024-01-15T15:50:00Z,99770.0,12.289,99.4,0.334,244.5,0.89,0.0,19.444,20.139,22.078,19.472,0.0,47.2,47.9,47.7,12.72,-49.59,-3.59,-46.01,0.1,322.67,368.67,,WSW,,12.2,101093.46,101101.87,
015HI,2024-01-15T15:55:00Z,99760.0,11.989,99.0,0.0,,0.0,0.0,19.422,20.128,22.039,19.478,0.0,47.2,47.9,47.7,12.76,-48.55,-3.85,-44.7,0.0,323.06,367.76,,,,11.83,101083.32,101093.15,
015HI,2024-01-15T16:00:00Z,99760.0,11.972,99.2,0.19,257.4,0.777,0.0,19.367,20.122,22.061,19.45,0.0,47.2,47.9,47.7,12.78,-48.44,-3.17,-45.26,0.0,320.81,366.07,,WSW,,11.85,101083.32,101093.23,
015HI,2024-01-15T16:05:00Z,99770.0,12.022,99.3,0.355,265.8,0.777,0.0,19.356,20.111,22.1,19.439,0.0,47.2,47.9,47.7,12.71,-50.12,-3.43,-46.69,0.0,321.64,368.33,,W,,11.91,101093.46,101103.13,
015HI,2024-01-15T16:10:00Z,99770.0,11.978,99.3,0.113,260.8,0.612,0.0,19.372,20.089,22.078,19.411,0.0,47.2,47.9,47.7,12.71,-49.63,-3.6,-46.04,0.0,322.4,368.44,,W,,11.87,101093.46,101103.33,
015HI,2024-01-15T16:15:00Z,99760.0,12.061,99.4,0.154,254.2,0.556,0.0,19.356,20.078,22.061,19.411,0.0,47.2,47.9,47.7,12.75,-48.97,-3.32,-45.65,0.0,322.76,368.41,,WSW,,11.97,101083.32,101092.81,
015HI,2024-01-15T16:20:00Z,99750.0,12.2,99.6,0.694,266.9,1.389,0.0,19.3,20.078,22.078,19.378,0.0,47.2,47.9,47.7,12.78,-51.78,-3.39,-48.39,0.0,319.81,368.2,,W,,12.14,101073.19,101082.02,
015HI,2024-01-15T16:25:00Z,99750.0,12.011,99.1,0.0,,0.057,0.0,19.289,20.072,22.072,19.389,0.0,47.2,47.9,47.7,12.71,-52.0,-3.86,-48.15,0.0,319.87,368.02,,,,11.87,101073.19,101082.91,
015HI,2024-01-15T16:30:00Z,99750.0,11.861,99.2,0.0,,0.0,0.0,19.311,20.061,22.061,19.361,0.0,47.2,47.9,47.7,12.7,-50.87,-3.97,-46.89,0.0,320.01,366.9,,,,11.74,101073.19,101083.62,
015HI,2024-01-15T16:35:00Z,99740.0,11.928,99.4,0.026,280.6,0.391,0.0,19.306,20.039,22.078,19.361,0.0,47.2,47.9,47.7,12.74,-49.99,-3.65,-46.34,0.0,320.79,367.12,,W,,11.84,101063.06,101073.17,
015HI,2024-01-15T16:40:00Z,99740.0,11.922,99.4,0.062,278.1,0.499,0.0,,20.05,22.028,19.361,0.0,47.2,47.9,47.7,12.77,-50.63,-4.07,-46.56,0.0,317.37,363.94,,W,,11.83,101063.06,101073.2,
015HI,2024-01-15T16:45:00Z,99730.0,11.811,99.2,0.0,,0.0,0.0,19.25,20.039,22.039,19.328,0.0,47.2,47.9,47.7,12.69,-49.56,-3.74,-45.81,0.0,319.41,365.22,,,,11.69,101052.93,101063.58,
015HI,2024-01-15T16:50:00Z,99730.0,11.722,99.2,0.0,,0.0,0.0,,20.022,22.1,19.322,0.0,47.2,47.9,47.7,12.74,-48.34,-3.89,-44.46,0.0,319.47,363.93,,,,11.6,101052.93,101064.0,
015HI,2024-01-15T16:55:00Z,99740.0,11.65,99.2,0.149,119.3,1.055,0.0,19.233,20.0,22.039,19.278,0.0,47.2,47.9,47.7,12.77,-49.21,-3.43,-45.77,0.0,317.37,363.15,,ESE,,11.53,101063.06,101074.48,
015HI,2024-01-15T17:00:00Z,99740.0,11.928,99.7,0.123,125.3,1.055,0.0,19.228,20.022,22.05,19.322,0.0,47.2,47.9,47.7,12.69,-49.2,-3.22,-45.98,0.0,318.42,364.4,,SE,,11.88,101063.06,101073.17,
015HI,2024-01-15T17:05:00Z,99740.0,11.9,99.5,0.0,,0.0,0.0,19.244,19.989,22.05,19.289,0.0,47.2,47.9,47.7,12.69,-48.61,-3.37,-45.24,0.0,319.37,364.61,,,,11.82,101063.06,101073.3,
015HI,2024-01-15T17:10:00Z,99750.0,11.889,99.5,0.0,,0.0,0.0,19.228,19.989,22.1,19.261,0.0,47.2,47.9,47.7,12.69,-48.02,-2.63,-45.39,0.0,319.73,365.12,,,,11.81,101073.19,101083.48,
015HI,2024-01-15T17:15:00Z,99750.0,11.861,99.4,0.118,240.7,0.612,0.0,19.211,19.972,22.072,19.239,0.0,47.2,47.9,47.7,12.73,-47.09,-1.6,-45.5,0.08,319.82,365.31,,WSW,,11.77,101073.19,101083.62,
015HI,2024-01-15T17:20:00Z,99750.0,11.861,99.5,0.643,254.3,1.332,0.9,19.156,19.961,22.05,19.272,0.0,47.2,47.9,47.7,12.76,-48.94,0.31,-49.25,0.59,316.23,365.47,,WSW,,11.78,101073.19,101083.62,
015HI,2024-01-15T17:25:00Z,99750.0,11.711,99.3,0.185,280.1,0.612,3.25,19.144,19.961,22.05,19.228,0.0,47.2,47.9,47.7,12.69,-47.64,2.32,-49.96,0.92,317.83,367.79,,W,,11.6,101073.19,101084.32,
015HI,2024-01-15T17:30:00Z,99740.0,11.861,99.7,0.201,225.4,0.664,7.03,19.156,19.939,22.061,19.239,0.0,47.2,47.9,47.7,12.69,-45.64,5.27,-50.91,1.75,317.75,368.66,,SW,,11.81,101063.06,101073.48,
015HI,2024-01-15T17:35:00Z,99740.0,11.839,99.6,0.206,273.9,0.777,12.68,19.128,19.928,22.022,19.189,0.0,47.2,47.9,47.7,12.69,-40.43,10.27,-50.7,2.41,318.59,369.29,,W,,11.78,101063.06,101073.59,
015HI,2024-01-15T17:40:00Z,99730.0,11.778,99.5,0.211,252.3,0.777,26.29,19.111,19.9,22.011,19.211,0.0,47.2,47.9,47.6,12.74,-28.38,22.02,-50.4,4.27,318.95,369.35,,WSW,,11.7,101052.93,101063.74,
015HI,2024-01-15T17:45:00Z,99730.0,11.939,99.7,0.087,251.2,0.612,53.19,19.056,19.911,22.022,19.211,0.0,47.2,47.9,47.6,12.79,-16.27,37.35,-53.62,15.83,315.41,369.03,,WSW,,11.89,101052.93,101062.98,
015HI,2024-01-15T17:50:00Z,99730.0,12.011,99.7,0.0,,0.0,70.59,19.039,19.911,22.072,19.189,0.0,47.2,47.9,47.6,12.77,-8.67,47.93,-56.6,22.66,316.17,372.77,,,,11.96,101052.93,101062.64,
015HI,2024-01-15T17:55:00Z,99730.0,12.278,99.9,0.154,252.4,0.612,87.42,19.022,19.911,22.078,19.161,0.0,47.2,47.9,47.6,12.83,-0.46,59.42,-59.88,28.0,314.61,374.49,,WSW,,12.26,101052.93,101061.39,
015HI,2024-01-15T18:00:00Z,99720.0,12.45,100.0,0.0,,0.0,100.72,19.0,19.878,22.039,19.172,0.0,47.2,47.9,47.6,12.8,7.02,68.27,-61.25,32.45,317.75,379.0,,,,12.45,101042.79,101050.45,
015HI,2024-01-15T18:05:00Z,99720.0,12.722,100.0,0.0,,0.0,112.84,18.978,19.878,22.039,19.172,0.0,47.2,47.9,47.6,12.92,11.48,75.77,-64.29,37.08,316.87,381.16,,,,12.72,101042.79,101049.17,
015HI,2024-01-15T18:10:00Z,99720.0,12.878,100.0,0.268,272.2,0.941,123.52,18.928,19.872,22.078,19.139,0.0,47.2,47.9,47.6,13.0,15.41,82.59,-67.18,40.94,315.62,382.79,,W,,12.88,101042.79,101048.44,
015HI,2024-01-15T18:15:00Z,99720.0,13.05,99.9,0.087,293.9,0.556,130.1,18.922,19.828,22.078,19.122,0.0,47.2,47.9,47.6,13.07,14.37,83.56,-69.19,46.54,316.49,385.68,,WNW,,13.03,101042.79,101047.64,
015HI,2024-01-15T18:20:00Z,99720.0,13.539,100.0,0.319,263.3,0.833,139.8,18.917,19.839,22.039,19.122,0.0,47.2,47.9,47.6,13.14,16.52,87.75,-71.23,52.05,317.72,388.95,,W,,13.54,101042.79,101045.36,
015HI,2024-01-15T18:25:00Z,99720.0,14.139,100.0,0.057,283.4,0.664,159.61,18.911,19.85,22.1,19.122,0.0,47.2,47.9,47.6,13.23,26.12,101.44,-75.33,58.17,317.7,393.02,,WNW,,14.14,101042.79,101042.57,
015HI,2024-01-15T18:30:00Z,99720.0,14.411,100.0,0.381,281.8,0.833,194.31,18.906,19.839,22.072,19.122,0.0,47.2,47.9,47.6,13.3,54.15,131.15,,63.17,319.3,396.3,,WNW,,14.41,101042.79,101041.31,
015HI,2024-01-15T18:35:00Z,99720.0,14.9,100.0,0.268,265.3,0.612,236.61,18.906,19.828,22.05,19.078,0.0,47.2,47.9,47.6,13.37,89.26,168.5,-79.23,68.12,320.9,400.13,,W,,14.9,101042.79,101039.05,
015HI,2024-01-15T18:40:00Z,99720.0,15.372,100.0,0.226,259.0,0.833,280.62,18.911,19.8,22.072,19.111,0.0,47.2,47.9,47.6,13.42,125.61,208.02,-82.41,72.6,321.46,403.87,,W,,15.37,101042.79,101036.88,
015HI,2024-01-15T18:45:00Z,99720.0,16.111,100.0,0.0,,0.0,319.94,,19.772,22.039,19.1,0.0,47.2,47.9,47.6,13.47,157.59,243.35,-85.76,76.59,320.85,406.61,,,,16.11,101042.79,101033.49,
015HI,2024-01-15T18:50:00Z,99720.0,16.511,99.9,0.036,189.1,0.556,351.71,,19.778,22.011,19.089,0.0,47.2,47.9,47.6,13.5,183.43,270.89,-87.46,80.81,322.92,410.38,,S,,16.5,101042.79,101031.67,
015HI,2024-01-15T18:55:00Z,99720.0,16.789,99.3,0.082,196.6,0.442,370.71,18.933,19.728,22.061,19.072,0.0,47.2,47.9,47.6,13.54,194.9,284.38,-89.48,86.33,325.93,415.41,,SSW,,16.68,101042.79,101030.4,
015HI,2024-01-15T19:00:00Z,99710.0,17.028,98.2,0.057,179.1,0.442,374.28,,19.778,22.039,19.089,0.0,47.2,47.9,47.6,13.57,193.38,284.43,-91.05,89.85,325.28,416.33,,S,,16.74,101032.66,101019.18,
015HI,2024-01-15T19:05:00Z,99710.0,17.65,98.0,0.015,174.0,0.391,374.59,,19.761,22.061,19.072,0.0,47.2,47.9,47.6,13.59,187.76,281.54,-93.77,93.06,325.65,419.42,,S,,17.33,101032.66,101016.36,
015HI,2024-01-15T19:10:00Z,99710.0,18.228,96.4,0.175,160.1,0.612,379.98,19.006,19.772,22.05,19.05,0.0,47.2,47.9,47.6,13.61,184.83,279.9,-95.07,100.08,330.24,425.3,,SSE,,17.64,101032.66,101013.76,
015HI,2024-01-15T19:15:00Z,99700.0,18.922,95.3,0.046,217.6,0.664,386.27,19.033,19.728,22.05,19.072,0.0,47.2,47.9,47.6,13.63,182.89,281.42,-98.53,104.85,331.24,429.77,,SW,,18.15,101022.53,101000.51,
015HI,2024-01-15T19:20:00Z,99690.0,19.4,92.0,0.242,356.8,1.168,393.9,19.067,19.728,22.022,19.089,0.0,47.2,47.9,47.6,13.66,185.77,285.45,-99.68,108.45,332.66,432.34,,N,,18.06,101012.4,100988.24,
015HI,2024-01-15T19:25:00Z,99680.0,19.761,90.2,0.021,7.17,0.612,408.31,19.117,19.761,22.022,19.078,0.0,47.2,47.9,47.6,13.67,194.39,296.18,-101.79,112.12,333.94,435.73,,N,,18.1,101002.26,100976.5,
015HI,2024-01-15T19:30:00Z,99680.0,20.078,86.6,0.154,305.7,0.89,423.41,19.167,19.739,22.05,19.1,0.0,47.2,47.9,47.6,13.67,206.19,308.49,-102.3,114.92,335.44,437.75,,NW,,17.76,101002.26,100975.1,
015HI,2024-01-15T19:35:00Z,99680.0,20.472,82.0,0.144,3.35,0.998,439.0,19.222,19.772,22.1,19.1,0.0,47.2,47.9,47.6,13.66,218.05,321.15,-103.1,117.85,336.14,439.24,,N,,17.28,101002.26,100973.35,
015HI,2024-01-15T19:40:00Z,99670.0,20.778,80.4,0.211,12.48,0.777,459.46,19.283,19.711,22.022,19.122,0.0,47.2,47.9,47.6,13.65,233.7,338.29,-104.59,121.16,336.66,441.25,,NNE,,17.26,100992.13,100961.87,
015HI,2024-01-15T19:45:00Z,99650.0,20.989,78.42,0.159,357.7,0.833,480.98,19.333,19.722,22.05,19.1,0.0,47.2,47.9,47.6,13.64,251.97,357.36,-105.39,123.62,337.42,442.81,,N,,17.07,100971.87,100940.68,
015HI,2024-01-15T19:50:00Z,99650.0,21.289,76.42,0.18,342.4,1.055,500.84,19.389,19.722,22.039,19.128,0.0,47.2,47.9,47.6,13.64,267.65,373.95,-106.31,126.88,338.68,444.99,,NNW,,16.95,100971.87,100939.36,
015HI,2024-01-15T19:55:00Z,99650.0,21.522,77.6,0.195,13.36,1.111,518.99,19.439,19.7,22.039,19.15,0.0,47.2,47.9,47.6,13.63,281.32,388.95,-107.63,130.05,339.43,447.05,,NNE,,17.42,100971.87,100938.33,
015HI,2024-01-15T20:00:00Z,99650.0,21.522,76.71,0.242,345.4,0.833,536.19,19.494,19.722,22.022,19.161,0.0,47.2,47.9,47.6,13.62,293.45,402.39,-108.94,133.8,339.77,448.71,,NNW,,17.24,100971.87,100938.33,
015HI,2024-01-15T20:05:00Z,99640.0,21.672,76.88,0.139,10.43,0.72,551.13,19.539,19.722,22.039,19.172,0.0,47.2,47.9,47.6,13.62,303.12,413.98,-110.86,137.15,340.07,450.93,,N,,17.42,100961.73,100927.54,
015HI,2024-01-15T20:10:00Z,99640.0,21.75,75.24,0.273,4.89,0.89,567.17,19.594,19.672,22.072,19.211,0.0,47.2,47.9,47.6,13.62,315.49,427.17,-111.68,140.0,341.04,452.73,,N,,17.15,100961.73,100927.2,
015HI,2024-01-15T20:15:00Z,99630.0,22.05,72.31,0.314,49.85,1.224,583.08,19.65,19.711,22.0,19.211,0.0,47.2,47.9,47.6,13.61,328.33,439.77,-111.44,143.3,342.46,453.9,,NE,,16.81,100951.6,100915.76,
015HI,2024-01-15T20:20:00Z,99630.0,22.222,70.86,0.34,28.03,1.276,597.73,19.706,19.7,22.061,19.239,0.0,47.1,47.9,47.6,13.61,339.42,451.04,-111.62,146.69,343.36,454.98,,NNE,,16.66,100951.6,100915.01,
015HI,2024-01-15T20:25:00Z,99620.0,22.578,68.97,0.314,14.6,1.497,612.28,19.761,19.711,22.05,19.289,0.0,47.1,47.9,47.6,13.6,349.1,462.27,-113.17,150.0,344.14,457.32,,NNE,,16.57,100941.47,100903.33,
015HI,2024-01-15T20:30:00Z,99620.0,22.611,65.01,0.494,56.44,1.389,626.71,19.817,19.739,22.039,19.311,0.0,47.1,47.9,47.6,13.59,359.38,472.65,-113.27,154.05,345.12,458.4,,ENE,,15.68,100941.47,100903.19,
015HI,2024-01-15T20:35:00Z,99620.0,23.039,66.42,0.195,24.47,1.389,639.57,19.878,19.689,22.072,19.322,0.0,47.1,47.9,47.6,13.59,368.98,484.14,-115.16,155.43,347.24,462.4,,NNE,,16.42,100941.47,100901.32,
015HI,2024-01-15T20:40:00Z,99610.0,23.122,67.42,0.54,330.1,,651.36,19.939,19.739,22.039,19.339,0.0,47.1,47.9,47.6,13.59,380.36,494.59,-114.23,156.77,348.79,463.02,,NNW,,16.74,100931.33,100890.83,
015HI,2024-01-15T20:45:00Z,99610.0,23.128,68.99,0.643,10.51,1.831,662.32,,19.728,22.022,19.389,0.0,47.1,47.9,47.6,13.58,390.35,503.81,-113.46,158.51,349.03,462.49,,N,,17.11,100931.33,100890.8,
015HI,2024-01-15T20:50:00Z,99610.0,22.972,69.94,0.355,348.1,1.831,675.95,20.067,19.728,22.061,19.411,0.0,47.1,47.9,47.6,13.58,400.09,514.32,-114.24,161.62,348.81,463.05,,NNW,,17.17,100931.33,100891.48,
015HI,2024-01-15T20:55:00Z,99620.0,23.239,70.27,0.231,16.96,1.332,686.28,20.133,19.728,22.022,19.422,0.0,47.1,47.9,47.6,13.58,406.07,521.78,-115.71,164.5,349.47,465.18,,NNE,,17.5,100941.47,100900.44,
015HI,2024-01-15T21:00:00Z,99620.0,23.361,69.15,0.602,319.6,2.608,695.9,20.2,19.711,22.022,19.45,0.0,47.1,47.9,47.6,13.58,413.36,529.49,-116.14,166.4,349.97,466.1,,NW,,17.37,100941.47,100899.91,
015HI,2024-01-15T21:05:00Z,99610.0,23.0,66.18,0.561,57.19,1.775,705.98,20.261,19.8,22.039,19.489,0.0,47.1,47.9,47.6,13.58,421.54,537.91,-116.36,168.07,348.26,464.62,,ENE,,16.33,100931.33,100891.36,
015HI,2024-01-15T21:10:00Z,99590.0,23.072,66.99,0.509,106.3,1.775,718.64,20.322,19.728,22.039,19.489,0.0,47.1,47.9,47.6,13.58,426.84,546.36,-119.52,172.28,349.03,468.55,,ESE,,16.59,100911.07,100870.79,
015HI,2024-01-15T21:15:00Z,99590.0,23.372,65.41,0.674,316.0,2.557,728.75,20.389,19.772,22.039,19.561,0.0,47.1,47.9,47.6,13.58,434.5,554.68,-120.19,174.07,349.05,469.23,,NW,,16.5,100911.07,100869.49,
015HI,2024-01-15T21:20:00Z,99580.0,23.089,64.4,0.875,295.9,2.166,738.84,20.45,19.811,22.039,19.578,0.0,47.1,47.9,47.6,13.58,444.81,563.82,-119.0,175.03,348.25,467.26,,WNW,,15.98,100900.94,100860.59,
015HI,2024-01-15T21:25:00Z,99580.0,23.2,67.16,0.854,279.7,3.056,749.22,20.494,19.811,22.072,19.611,0.0,47.1,47.9,47.6,13.58,450.79,571.26,-120.47,177.97,349.17,469.63,,W,,16.75,100900.94,100860.1,
015HI,2024-01-15T21:30:00Z,99570.0,23.289,65.48,0.844,317.9,2.33,756.84,20.539,19.789,22.061,19.65,0.0,47.1,47.9,47.6,13.58,455.6,577.07,-121.47,179.77,349.43,470.9,,NW,,16.43,100890.8,100849.59,
015HI,2024-01-15T21:35:00Z,99560.0,23.15,66.49,0.849,294.3,2.166,764.66,20.594,19.789,22.078,19.689,0.0,47.1,47.9,47.6,13.57,462.36,583.66,-121.3,180.99,349.54,470.84,,WNW,,16.54,100880.67,100840.07,
015HI,2024-01-15T21:40:00Z,99550.0,23.278,66.28,0.839,299.4,2.222,771.37,20.65,19.822,22.05,19.722,0.0,47.1,47.9,47.6,13.58,468.09,588.71,-120.62,182.65,350.56,471.18,,WNW,,16.62,100870.54,100829.38,
015HI,2024-01-15T21:45:00Z,99550.0,23.378,66.66,0.741,340.3,1.667,777.14,20.706,19.839,22.061,19.772,0.0,47.1,47.9,47.6,13.58,471.58,593.4,-121.82,183.74,351.16,472.98,,NNW,,16.8,100870.54,100828.95,
015HI,2024-01-15T21:50:00Z,99540.0,23.428,65.59,0.839,283.4,2.222,784.97,20.761,19.85,22.028,19.811,0.0,47.1,47.9,47.6,13.58,477.6,599.83,-122.23,185.14,351.97,474.2,,WNW,,16.59,100860.41,100818.6,
015HI,2024-01-15T21:55:00Z,99530.0,23.75,65.7,0.499,316.0,2.222,789.91,20.822,19.872,22.011,19.872,0.0,47.1,47.8,47.6,13.58,478.36,603.32,-124.96,186.59,352.62,477.58,,NW,,16.93,100850.27,100807.08,
015HI,2024-01-15T22:00:00Z,99520.0,23.722,64.94,0.736,314.8,1.775,794.82,20.883,19.872,22.061,19.878,0.0,47.1,47.8,47.6,13.58,483.36,607.34,-123.98,187.49,352.0,475.97,,NW,,16.72,100840.14,100797.07,
015HI,2024-01-15T22:05:00Z,99500.0,23.739,64.94,1.121,287.4,2.33,800.0,20.95,19.9,22.039,19.922,0.0,47.1,47.8,47.6,13.57,487.45,611.64,-124.19,188.36,351.9,476.09,,WNW,,16.73,100819.88,100776.74,
015HI,2024-01-15T22:10:00Z,99500.0,23.85,65.24,0.628,314.1,1.831,805.66,21.011,19.922,22.039,19.972,0.0,47.1,47.8,47.6,13.57,487.88,615.13,-127.25,190.53,351.65,478.89,,NW,,16.91,100819.88,100776.26,
015HI,2024-01-15T22:15:00Z,99500.0,23.9,65.58,0.638,293.0,2.053,809.89,21.072,19.939,22.078,20.028,0.0,47.1,47.8,47.6,13.57,493.14,618.98,-125.84,190.91,352.67,478.51,,WNW,,17.04,100819.88,100776.04,
015HI,2024-01-15T22:20:00Z,99490.0,23.939,66.67,0.885,313.5,2.444,813.47,21.133,19.972,22.039,20.039,0.0,47.1,47.9,47.6,13.57,496.29,622.11,-125.82,191.36,353.46,479.28,,NW,,17.34,100809.74,100765.74,
015HI,2024-01-15T22:25:00Z,99500.0,23.961,65.76,1.075,314.5,3.442,814.01,21.194,19.989,22.039,20.089,0.0,47.1,47.8,47.6,13.57,500.59,623.83,-123.24,190.19,353.58,476.82,,NW,,17.14,100819.88,100775.78,
015HI,2024-01-15T22:30:00Z,99500.0,23.461,65.13,1.065,310.6,2.943,816.87,21.256,19.978,22.072,20.111,0.0,47.0,47.8,47.6,13.57,504.63,626.5,-121.87,190.37,352.66,474.53,,NW,,16.51,100819.88,100777.95,
015HI,2024-01-15T22:35:00Z,99500.0,23.522,66.22,0.509,285.6,1.945,819.33,21.311,20.028,22.028,20.172,0.0,47.0,47.8,47.6,13.58,503.34,627.51,-124.17,191.82,352.12,476.29,,WNW,,16.83,100819.88,100777.68,
015HI,2024-01-15T22:40:00Z,99500.0,23.611,65.32,0.617,340.4,1.667,818.66,21.367,20.0,22.05,20.25,0.0,47.0,47.8,47.6,13.58,501.8,626.58,-124.78,192.08,352.89,477.67,,NNW,,16.7,100819.88,100777.3,
015HI,2024-01-15T22:45:00Z,99500.0,23.478,65.61,0.787,342.1,1.831,818.34,21.422,20.061,22.05,20.222,0.0,47.0,47.8,47.6,13.58,504.42,627.55,-123.13,190.78,353.34,476.47,,NNW,,16.65,100819.88,100777.87,
015HI,2024-01-15T22:50:00Z,99490.0,23.539,67.29,0.489,279.7,2.721,819.6,21.483,20.061,22.039,20.322,0.0,47.0,47.8,47.6,13.58,501.72,627.51,-125.78,192.1,352.62,478.41,,W,,17.1,100809.74,100767.48,
015HI,2024-01-15T22:55:00Z,99490.0,23.8,66.95,0.525,4.79,1.497,819.31,21.544,20.089,22.061,20.372,0.0,47.0,47.8,47.6,13.58,500.92,627.07,-126.14,192.25,352.65,478.8,,N,,17.27,100809.74,100766.35,
015HI,2024-01-15T23:00:00Z,99480.0,23.539,69.53,0.911,290.2,2.5,817.24,21.606,20.139,22.0,20.378,0.0,47.0,47.8,47.6,13.58,504.38,627.15,-122.77,190.09,354.37,477.14,,WNW,,17.62,100799.61,100757.34,
015HI,2024-01-15T23:05:00Z,99470.0,23.439,71.66,1.085,63.06,2.886,815.6,21.672,20.128,22.078,20.372,0.0,47.0,47.8,47.6,13.59,501.59,625.29,-123.7,190.31,354.45,478.15,,ENE,,18.01,100789.48,100747.64,
015HI,2024-01-15T23:10:00Z,99470.0,23.311,71.15,0.458,90.7,1.667,813.59,21.739,20.172,21.989,20.45,0.0,47.0,47.8,47.6,13.59,498.04,623.0,-124.95,190.59,354.75,479.7,,E,,17.77,100789.48,100748.2,
015HI,2024-01-15T23:15:00Z,99460.0,23.428,70.94,0.705,79.76,2.053,808.95,21.794,20.178,22.039,20.461,0.0,47.0,47.8,47.6,13.59,495.1,619.24,-124.14,189.71,355.42,479.56,,E,,17.84,100779.34,100737.56,
015HI,2024-01-15T23:20:00Z,99460.0,23.4,71.26,0.828,327.8,2.721,805.98,21.856,20.2,22.022,20.539,0.0,47.0,47.8,47.6,13.59,496.5,618.2,-121.69,187.78,356.44,478.13,,NNW,,17.88,100779.34,100737.69,
015HI,2024-01-15T23:25:00Z,99450.0,23.561,70.76,0.134,163.7,1.055,803.1,21.917,20.228,22.072,20.611,0.0,47.0,47.8,47.5,13.59,489.62,615.11,-125.48,187.99,356.12,481.61,,SSE,,17.92,100769.21,100726.86,
015HI,2024-01-15T23:30:00Z,99440.0,24.011,68.65,0.334,243.1,1.111,797.28,21.961,20.261,22.039,20.661,0.0,47.0,47.8,47.5,13.59,485.52,610.03,-124.51,187.25,357.07,481.58,,WSW,,17.87,100759.08,100714.79,
015HI,2024-01-15T23:35:00Z,99440.0,23.928,66.6,0.916,309.9,3.056,795.62,22.011,20.278,21.972,20.628,0.0,47.0,47.8,47.5,13.58,488.33,610.47,-122.15,185.14,356.99,479.14,,NW,,17.31,100759.08,100715.15,
015HI,2024-01-15T23:40:00Z,99430.0,23.611,67.21,0.921,256.2,3.442,789.71,22.078,20.278,22.028,20.689,0.0,47.0,47.8,47.5,13.58,483.16,605.59,-122.43,184.13,356.83,479.27,,WSW,,17.15,100748.95,100706.39,
015HI,2024-01-15T23:45:00Z,99420.0,23.778,68.34,0.869,314.9,2.166,785.74,22.133,20.328,22.072,20.772,0.0,47.0,47.8,47.5,13.58,480.69,602.59,-121.9,183.15,357.11,479.01,,NW,,17.58,100738.81,100695.54,
015HI,2024-01-15T23:50:00Z,99410.0,23.811,66.53,1.178,286.8,2.5,779.11,22.189,20.339,22.022,20.789,0.0,47.0,47.8,47.5,13.58,477.96,597.47,-119.51,181.64,356.33,475.84,,WNW,,17.18,100728.68,100685.27,
015HI,2024-01-15T23:55:00Z,99400.0,23.55,65.35,0.761,291.3,2.33,773.18,22.25,20.389,22.039,20.839,0.0,46.9,47.8,47.5,13.59,468.9,591.54,-122.64,181.63,354.44,477.08,,WNW,,16.65,100718.55,100676.28,
015HI,2024-01-16T00:00:00Z,99400.0,23.711,66.21,0.818,309.2,,765.27,22.311,20.389,22.072,20.878,0.0,46.9,47.8,47.5,13.57,462.78,584.68,-121.9,180.58,354.87,476.77,,NW,,17.01,100718.55,100675.58,
015HI,2024-01-16T00:05:00Z,99390.0,23.622,65.84,0.725,314.7,2.222,758.67,22.356,20.439,22.072,20.911,0.0,46.9,47.8,47.5,13.57,458.44,580.14,-121.7,178.53,354.88,476.58,,NW,,16.84,100708.42,100665.83,
015HI,2024-01-16T00:10:00Z,99380.0,23.511,66.02,0.828,309.3,2.387,749.82,22.406,20.461,22.039,20.95,0.0,46.9,47.8,47.5,13.57,451.76,573.28,-121.52,176.54,354.95,476.47,,NW,,16.78,100698.28,100656.19,
015HI,2024-01-16T00:15:00Z,99380.0,23.622,66.61,0.731,307.1,3.22,742.13,22.461,20.489,22.072,20.989,0.0,46.9,47.8,47.5,13.56,444.63,566.29,-121.66,175.84,354.89,476.54,,NW,,17.02,100698.28,100655.7,
015HI,2024-01-16T00:20:00Z,99380.0,23.761,66.68,0.772,314.7,2.279,733.56,22.5,20.522,22.022,21.039,0.0,46.9,47.8,47.5,13.57,440.92,560.6,-119.68,172.96,355.68,475.36,,NW,,17.17,100698.28,100655.1,
015HI,2024-01-16T00:25:00Z,99380.0,23.95,66.18,0.7,309.5,2.166,723.89,22.539,20.522,22.089,21.05,0.0,46.9,47.8,47.5,13.57,430.96,551.89,-120.92,,355.8,476.72,,NW,,17.23,100698.28,100654.29,
015HI,2024-01-16T00:30:00Z,99380.0,24.122,65.18,0.53,323.0,1.831,712.39,22.572,20.572,22.05,21.111,0.0,46.9,47.8,47.5,13.58,423.46,543.33,-119.87,169.06,356.18,476.06,,NW,,17.16,100698.28,100653.55,
015HI,2024-01-16T00:35:00Z,99370.0,23.9,65.67,0.787,308.1,2.166,701.64,22.611,20.578,22.028,21.139,0.0,46.9,47.8,47.5,13.57,416.57,535.3,-118.74,166.34,356.45,475.18,,NW,,17.06,100688.15,100644.38,
015HI,2024-01-16T00:40:00Z,99380.0,23.972,66.35,0.643,339.2,2.665,689.71,22.656,20.6,21.989,21.15,0.0,46.9,47.8,47.5,13.58,406.34,525.36,-119.02,164.35,357.19,476.21,,NNW,,17.3,100698.28,100654.19,
015HI,2024-01-16T00:45:00Z,99380.0,23.711,65.8,1.147,304.6,2.5,677.33,22.694,20.639,22.05,21.189,0.0,46.9,47.8,47.5,13.58,401.89,516.78,-114.89,160.55,357.3,472.18,,NW,,16.91,100698.28,100655.32,
015HI,2024-01-16T00:50:00Z,99380.0,23.572,67.49,1.353,299.5,2.665,666.77,22.744,20.678,22.011,21.239,0.0,46.9,47.8,47.5,13.58,396.58,508.39,-111.81,158.38,357.17,468.98,,WNW,,17.18,100698.28,100655.92,
015HI,2024-01-16T00:55:00Z,99380.0,23.528,68.35,1.214,299.9,3.112,655.53,22.794,20.689,22.072,21.278,0.0,46.9,47.8,47.5,13.58,387.16,498.06,-110.9,157.47,357.61,468.5,,WNW,,17.34,100698.28,100656.11,
015HI,2024-01-16T01:00:00Z,99390.0,23.489,69.23,0.844,285.7,2.886,643.33,22.833,20.722,22.061,21.311,0.0,46.9,47.8,47.5,13.58,376.65,487.82,-111.17,155.52,357.34,468.5,,WNW,,17.51,100708.42,100666.4,
015HI,2024-01-16T01:05:00Z,99390.0,23.678,68.18,0.854,306.3,2.109,629.95,22.856,20.739,22.022,21.339,0.0,46.9,47.8,47.5,13.58,365.13,476.43,-111.31,153.52,357.29,468.6,,NW,,17.45,100708.42,100665.59,
015HI,2024-01-16T01:10:00Z,99400.0,23.539,69.79,1.075,312.0,3.056,614.93,22.872,20.761,22.0,21.378,0.0,46.9,47.8,47.5,13.59,356.18,464.86,-108.69,150.07,358.65,467.34,,NW,,17.68,100718.55,100676.31,
015HI,2024-01-16T01:15:00Z,99400.0,23.578,71.26,0.684,314.0,2.387,599.02,22.9,20.8,22.028,21.389,0.0,46.9,47.8,47.5,13.59,343.31,451.97,-108.66,147.05,359.04,467.7,,NW,,18.05,100718.55,100676.14,
015HI,2024-01-16T01:20:00Z,99400.0,23.75,71.74,0.545,350.2,,585.72,22.917,20.828,22.039,21.428,0.0,46.9,47.8,47.5,13.59,332.11,440.79,-108.68,144.93,359.53,468.21,,N,,18.33,100718.55,100675.4,
015HI,2024-01-16T01:25:00Z,99400.0,23.761,72.19,0.669,111.5,1.775,572.93,22.939,20.85,22.05,21.45,0.0,46.9,47.8,47.5,13.59,320.79,429.97,-109.19,142.95,359.68,468.87,,ESE,,18.44,100718.55,100675.35,
015HI,2024-01-16T01:30:00Z,99390.0,23.439,71.98,0.674,264.6,,564.0,22.961,20.878,21.989,21.478,0.0,46.9,47.8,47.5,13.59,316.72,422.99,-106.28,141.0,359.99,466.27,,W,,18.08,100708.42,100666.62,
015HI,2024-01-16T01:35:00Z,99400.0,23.45,73.7,0.7,41.79,3.39,543.8,22.983,20.911,22.0,21.511,0.0,46.9,47.7,47.5,13.59,301.16,407.07,-105.92,136.73,360.35,466.26,,NE,,18.47,100718.55,100676.69,
015HI,2024-01-16T01:40:00Z,99390.0,23.4,73.05,0.324,21.7,1.332,502.53,23.011,20.922,22.05,21.522,0.0,46.9,47.8,47.5,13.58,272.74,375.12,-102.38,127.41,359.8,462.18,,NNE,,18.28,100708.42,100666.78,
015HI,2024-01-16T01:45:00Z,99390.0,23.222,72.94,0.499,75.05,1.497,,23.033,20.961,22.022,21.572,0.0,46.9,47.8,47.5,13.58,288.18,391.0,-102.81,134.8,361.82,464.63,,ENE,,18.08,100708.42,100667.56,
015HI,2024-01-16T01:50:00Z,99390.0,23.172,72.66,2.161,109.1,3.941,514.53,23.05,20.961,22.039,21.589,0.0,46.8,47.8,47.5,13.57,284.83,383.73,-98.9,130.8,362.66,461.56,,ESE,,17.97,100708.42,100667.77,
015HI,2024-01-16T01:55:00Z,99390.0,23.028,72.92,2.192,109.2,3.776,489.37,23.083,21.0,21.978,21.6,0.0,46.8,47.7,47.5,13.58,265.35,363.47,-98.12,125.89,358.83,456.95,,ESE,,17.89,100708.42,100668.4,
015HI,2024-01-16T02:00:00Z,99390.0,23.072,73.74,1.173,96.3,2.279,355.92,23.106,21.022,21.972,21.628,0.0,46.8,47.7,47.5,13.57,169.65,265.65,-95.99,90.28,357.67,453.66,,E,,18.11,100708.42,100668.21,
015HI,2024-01-16T02:05:00Z,99390.0,22.878,73.89,1.713,98.6,2.665,285.73,23.122,21.05,22.039,21.639,0.0,46.8,47.7,47.5,13.58,127.58,215.82,-88.25,69.9,356.37,444.61,,E,,17.96,100708.42,100669.05,
015HI,2024-01-16T02:10:00Z,99410.0,22.811,73.77,1.23,98.9,2.222,301.46,23.128,21.072,22.011,21.661,0.0,46.8,47.7,47.5,13.58,134.39,224.43,-90.05,77.02,355.67,445.72,,E,,17.87,100728.68,100689.6,
015HI,2024-01-16T02:15:00Z,99410.0,22.722,72.8,1.399,91.8,2.222,334.02,23.122,21.061,22.061,21.672,0.0,46.8,47.7,47.5,13.58,155.96,247.22,-91.27,86.8,355.57,446.84,,E,,17.57,100728.68,100689.99,
015HI,2024-01-16T02:20:00Z,99410.0,22.722,73.01,0.885,109.4,,307.84,23.111,21.1,22.05,21.7,0.0,46.8,47.7,47.5,13.59,138.64,227.43,-88.79,80.41,355.36,444.14,,ESE,,17.61,100728.68,100689.99,
015HI,2024-01-16T02:25:00Z,99410.0,22.972,72.87,1.317,119.7,2.557,374.34,23.089,21.111,21.972,21.689,0.0,46.8,47.7,47.5,13.58,178.74,271.82,-93.08,102.52,356.57,449.65,,ESE,,17.83,100728.68,100688.9,
015HI,2024-01-16T02:30:00Z,99420.0,22.95,71.96,1.147,133.3,2.721,353.92,23.061,21.15,22.028,21.711,0.0,46.8,47.7,47.5,13.59,164.95,256.96,-92.01,96.96,356.77,448.79,,SE,,17.6,100738.81,100699.12,
015HI,2024-01-16T02:35:00Z,99420.0,22.889,72.5,0.71,132.4,1.61,331.42,23.039,21.172,22.0,21.722,0.0,46.8,47.7,47.5,13.59,149.63,240.44,-90.81,90.99,357.24,448.05,,SE,,17.66,100738.81,100699.39,
015HI,2024-01-16T02:40:00Z,99430.0,22.961,72.62,0.694,153.7,1.723,309.06,23.028,21.172,21.972,21.739,0.0,46.8,47.7,47.5,13.59,135.21,224.08,-88.87,84.99,357.82,446.69,,SSE,,17.76,100748.95,100709.2,
015HI,2024-01-16T02:45:00Z,99430.0,23.072,72.66,0.154,37.86,0.777,270.53,23.017,21.2,22.0,21.761,0.0,46.8,47.7,47.5,13.59,110.23,197.55,-87.32,72.98,357.74,445.06,,NE,,17.88,100748.95,100708.72,
015HI,2024-01-16T02:50:00Z,99430.0,23.061,73.59,0.458,117.7,1.389,273.12,23.006,21.211,22.039,21.778,0.0,46.8,47.7,47.5,13.59,113.16,200.02,-86.86,73.1,358.31,445.17,,ESE,,18.07,100748.95,100708.77,
015HI,2024-01-16T02:55:00Z,99430.0,22.922,72.12,0.941,142.5,1.775,251.04,23.006,21.178,21.972,21.772,0.0,46.8,47.7,47.5,13.59,103.06,186.65,-83.59,64.39,357.96,441.55,,SE,,17.61,100748.95,100709.38,
015HI,2024-01-16T03:00:00Z,99430.0,22.85,72.81,0.607,141.3,1.276,231.71,23.006,21.261,21.989,21.772,0.0,46.8,47.7,47.5,13.59,95.45,176.83,-81.38,54.89,357.17,438.54,,SE,,17.69,100748.95,100709.69,
015HI,2024-01-16T03:05:00Z,99420.0,22.8,73.6,0.875,127.4,2.222,211.88,23.011,21.272,22.039,21.772,0.0,46.8,47.7,47.5,13.59,91.19,169.27,-78.09,42.61,356.78,434.87,,SE,,17.82,100738.81,100699.77,
015HI,2024-01-16T03:10:00Z,99420.0,22.728,73.01,1.317,102.5,1.945,193.89,23.011,21.289,22.011,21.772,0.0,46.8,47.7,47.5,13.59,89.0,163.73,-74.73,30.16,355.9,430.63,,ESE,,17.62,100738.81,100700.09,
015HI,2024-01-16T03:15:00Z,99420.0,22.65,74.13,0.756,110.5,1.667,177.3,23.017,21.35,22.011,21.8,0.0,46.8,47.7,47.5,13.6,81.99,153.95,-71.96,23.35,355.39,427.35,,ESE,,17.79,100738.81,100700.43,
015HI,2024-01-16T03:20:00Z,99420.0,22.489,74.85,0.746,143.1,1.723,158.1,23.011,21.311,22.022,21.778,0.0,46.8,47.7,47.5,13.61,70.87,140.33,-69.46,17.77,355.45,424.91,,SE,,17.79,100738.81,100701.13,
015HI,2024-01-16T03:25:00Z,99420.0,22.322,75.17,0.535,136.9,1.389,111.41,23.006,21.328,22.0,21.8,0.0,46.8,47.7,47.5,13.53,29.94,97.95,-68.01,13.46,354.73,422.74,,SE,,17.69,100738.81,100701.86,
015HI,2024-01-16T03:30:00Z,99430.0,22.239,75.53,1.116,118.0,,59.72,22.989,21.378,22.022,21.789,0.0,46.8,47.7,47.5,13.46,-19.18,48.22,-67.41,11.5,354.03,421.43,,ESE,,17.69,100748.95,100712.35,
015HI,2024-01-16T03:35:00Z,99440.0,22.2,75.68,1.039,113.6,1.723,48.12,22.978,21.339,21.989,21.811,0.0,46.8,47.7,47.5,13.48,-25.65,37.57,-63.21,10.55,356.72,419.93,,ESE,,17.68,100759.08,100722.65,
015HI,2024-01-16T03:40:00Z,99440.0,22.128,76.68,0.293,80.2,0.998,66.67,22.961,21.372,21.961,21.8,0.0,46.8,47.7,47.5,13.5,-2.13,56.02,-58.15,10.65,360.8,418.96,,E,,17.82,100759.08,100722.96,
015HI,2024-01-16T03:45:00Z,99440.0,21.978,77.02,0.427,128.9,1.723,64.23,22.95,21.372,22.022,21.8,0.0,46.8,47.7,47.5,13.41,0.87,55.41,-54.54,8.82,363.53,418.07,,SE,,17.75,100759.08,100723.62,
015HI,2024-01-16T03:50:00Z,99440.0,21.839,77.55,0.53,150.7,1.168,35.19,22.939,21.372,22.022,21.8,0.0,46.8,47.7,47.5,13.34,-21.54,28.78,-50.32,6.41,367.22,417.55,,SSE,,17.72,100759.08,100724.22,
015HI,2024-01-16T03:55:00Z,99450.0,21.639,78.44,0.0,,0.0,25.35,22.922,21.411,21.989,21.789,0.0,46.8,47.7,47.5,13.3,-23.26,20.23,-43.49,5.12,372.86,416.35,,,,17.71,100769.21,100735.23,
015HI,2024-01-16T04:00:00Z,99450.0,21.4,80.0,0.0,,0.0,16.41,22.906,21.4,22.039,21.8,0.0,46.8,47.7,47.5,13.26,-30.81,13.47,-44.28,2.94,370.39,414.67,,,,17.79,100769.21,100736.28,
015HI,2024-01-16T04:05:00Z,99450.0,21.072,82.0,0.283,168.6,0.89,7.92,22.889,21.422,22.011,21.789,0.0,46.8,47.7,47.5,13.24,-41.36,7.09,-48.45,0.82,363.62,412.07,,SSE,,17.86,100769.21,100737.72,
015HI,2024-01-16T04:10:00Z,99450.0,20.761,83.4,0.0,,0.0,3.05,22.867,21.428,21.961,21.789,0.0,46.8,47.7,47.5,13.22,-44.62,3.01,-47.63,0.04,360.22,407.85,,,,17.83,100769.21,100739.09,
015HI,2024-01-16T04:15:00Z,99450.0,20.4,85.9,0.0,,0.0,0.02,22.85,21.478,21.972,21.778,0.0,46.8,47.7,47.5,13.2,-45.91,0.2,-46.1,0.0,358.89,404.99,,,,17.95,100769.21,100740.68,
015HI,2024-01-16T04:20:00Z,99460.0,20.089,87.8,0.0,,0.0,0.0,22.828,21.472,22.022,21.778,0.0,46.8,47.7,47.5,13.15,-37.26,-1.08,-36.18,0.0,368.6,404.78,,,,17.99,100779.34,100752.19,
015HI,2024-01-16T04:25:00Z,99470.0,19.828,88.7,0.0,,0.0,0.0,22.828,21.428,21.961,21.789,0.0,46.8,47.7,47.5,13.09,-21.58,-1.13,-20.45,0.0,389.91,410.36,,,,17.9,100789.48,100763.47,
015HI,2024-01-16T04:30:00Z,99480.0,19.678,89.8,0.0,,0.0,0.0,22.783,21.472,21.972,21.772,0.0,46.8,47.7,47.5,13.15,-18.65,-1.14,-17.5,0.0,394.6,412.11,,,,17.95,100799.61,100774.27,
015HI,2024-01-16T04:35:00Z,99490.0,19.6,90.7,0.0,,0.0,0.0,22.7,21.478,21.978,21.75,0.0,46.8,47.7,47.5,13.11,-14.68,-1.19,-13.49,0.0,399.37,412.87,,,,18.03,100809.74,100784.75,
015HI,2024-01-16T04:40:00Z,99490.0,19.561,91.2,0.0,,0.0,0.0,22.694,21.439,21.961,21.761,0.0,46.8,47.7,47.5,13.07,-14.82,-1.29,-13.53,0.05,402.63,416.16,,,,18.08,100809.74,100784.92,
015HI,2024-01-16T04:45:00Z,99490.0,19.5,91.3,0.0,,0.0,0.0,22.65,21.489,21.989,21.739,0.0,46.8,47.7,47.5,13.13,-21.48,-1.59,-19.89,0.0,394.42,414.3,,,,18.03,100809.74,100785.19,
015HI,2024-01-16T04:50:00Z,99490.0,19.472,91.5,0.0,,0.0,0.0,22.589,21.489,22.022,21.722,0.0,46.8,47.7,47.5,13.09,-30.8,-2.49,-28.31,0.0,382.62,410.93,,,,18.04,100809.74,100785.32,
015HI,2024-01-16T04:55:00Z,99480.0,19.4,91.7,0.0,,0.0,0.0,22.6,21.461,21.972,21.722,0.0,46.8,47.7,47.5,13.05,-39.51,-3.24,-36.27,0.0,373.83,410.1,,,,18.01,100799.61,100775.51,
015HI,2024-01-16T05:00:00Z,99480.0,19.25,91.8,0.0,,0.0,0.0,22.583,21.511,21.978,21.722,0.0,46.8,47.7,47.5,13.07,-44.53,-3.69,-40.84,0.0,364.66,405.5,,,,17.87,100799.61,100776.18,
015HI,2024-01-16T05:05:00Z,99480.0,19.05,91.8,0.0,,0.0,0.0,22.572,21.489,22.0,21.7,0.0,46.8,47.7,47.5,13.04,-53.42,-4.27,-49.15,0.0,354.01,403.16,,,,17.68,100799.61,100777.07,
015HI,2024-01-16T05:10:00Z,99480.0,18.861,92.0,0.098,288.5,0.556,0.0,22.556,21.489,22.011,21.678,0.0,46.8,47.7,47.5,13.06,-55.54,-4.6,-50.93,0.0,347.88,398.81,,WNW,,17.52,100799.61,100777.91,
015HI,2024-01-16T05:15:00Z,99490.0,18.711,92.1,0.118,295.3,0.664,0.0,22.55,21.5,21.989,21.672,0.0,46.8,47.7,47.5,13.03,-53.05,-4.34,-48.72,0.0,350.49,399.21,,WNW,,17.39,100809.74,100788.72,
015HI,2024-01-16T05:20:00Z,99500.0,18.472,92.4,0.175,273.8,0.612,0.0,22.539,21.489,21.978,21.661,0.0,46.8,47.7,47.5,13.05,-53.71,-4.45,-49.26,0.0,347.6,396.87,,W,,17.21,100819.88,100799.92,
015HI,2024-01-16T05:25:00Z,99500.0,18.311,92.8,0.077,303.4,0.556,0.0,22.522,21.522,22.011,21.65,0.0,46.8,47.7,47.5,13.02,-52.8,-4.46,-48.34,0.0,349.48,397.82,,WNW,,17.12,100819.88,100800.64,
015HI,2024-01-16T05:30:00Z,99500.0,18.2,93.4,0.0,,0.0,0.0,22.5,21.478,22.0,21.639,0.0,46.8,47.7,47.5,13.05,-53.64,-4.46,-49.18,0.0,346.28,395.46,,,,17.11,100819.88,100801.14,
015HI,2024-01-16T05:35:00Z,99510.0,18.161,93.8,0.0,,0.113,0.0,22.472,21.55,22.0,21.622,0.0,46.8,47.7,47.5,12.98,-52.8,-4.47,-48.33,0.0,348.4,396.73,,,,17.14,100830.01,100811.44,
015HI,2024-01-16T05:40:00Z,99510.0,17.972,93.9,0.0,,0.0,0.0,22.467,21.511,21.972,21.639,0.0,46.8,47.7,47.5,13.01,-52.69,-4.51,-48.17,0.0,347.93,396.11,,,,16.97,100830.01,100812.3,
015HI,2024-01-16T05:45:00Z,99510.0,17.822,94.2,0.041,254.0,0.556,0.0,22.4,21.528,21.95,21.6,0.0,46.8,47.7,47.5,13.04,-53.45,-4.29,-49.16,0.0,343.67,392.83,,WSW,,16.87,100830.01,100812.97,
015HI,2024-01-16T05:50:00Z,99520.0,17.761,94.7,0.0,,0.165,0.0,22.378,21.5,21.978,21.578,0.0,46.8,47.7,47.5,13.01,-52.87,-4.36,-48.51,0.0,346.07,394.58,,,,16.89,100840.14,100823.38,
015HI,2024-01-16T05:55:00Z,99520.0,17.75,94.9,0.0,,0.0,0.0,22.339,21.511,21.989,21.578,0.0,46.8,47.7,47.5,13.04,-53.17,-4.49,-48.68,0.0,343.74,392.42,,,,16.92,100840.14,100823.43,
015HI,2024-01-16T06:00:00Z,99530.0,17.6,94.9,0.0,,0.0,0.0,22.311,21.511,22.039,21.572,0.0,46.8,47.7,47.5,12.96,-51.23,-4.42,-46.81,0.0,345.83,392.64,,,,16.77,100850.27,100834.23,
015HI,2024-01-16T06:05:00Z,99530.0,17.422,94.9,0.0,,0.0,0.0,22.317,21.528,22.022,21.572,0.0,46.8,47.7,47.5,13.0,-50.85,-4.16,-46.69,0.0,345.89,392.58,,,,16.59,100850.27,100835.04,
015HI,2024-01-16T06:10:00Z,99540.0,17.311,95.1,0.103,260.0,0.612,0.0,22.25,21.539,22.011,21.539,0.0,46.8,47.7,47.5,13.03,-53.11,-3.93,-49.18,0.0,342.03,391.21,,W,,16.51,100860.41,100845.67,
015HI,2024-01-16T06:15:00Z,99540.0,17.161,95.3,0.0,,0.0,0.0,22.228,21.511,22.011,21.511,0.0,46.8,47.7,47.5,13.0,-50.83,-4.12,-46.71,0.0,344.67,391.38,,,,16.4,100860.41,100846.35,
015HI,2024-01-16T06:20:00Z,99550.0,17.061,95.4,0.0,,0.0,0.0,22.2,21.511,21.989,21.511,0.0,46.8,47.7,47.5,13.02,-51.92,-4.58,-47.34,0.0,342.3,389.64,,,,16.31,100870.54,100856.94,
015HI,2024-01-16T06:25:00Z,99540.0,16.928,95.5,0.0,,0.0,0.0,22.172,21.511,22.0,21.5,0.0,46.8,47.7,47.5,12.95,-49.64,-3.99,-45.65,0.0,344.78,390.43,,,,16.2,100860.41,100847.41,
015HI,2024-01-16T06:30:00Z,99540.0,17.061,96.1,0.036,152.3,0.442,0.0,22.172,21.478,21.961,21.472,0.0,46.8,47.7,47.5,12.99,-48.98,-3.53,-45.44,0.0,345.42,390.86,,SSE,,16.43,100860.41,100846.8,
015HI,2024-01-16T06:35:00Z,99550.0,16.961,95.9,0.0,,0.0,0.0,22.106,21.489,21.961,21.45,0.0,46.8,47.7,47.5,13.01,-50.59,-3.85,-46.74,0.0,341.88,388.62,,,,16.3,100870.54,100857.39,
015HI,2024-01-16T06:40:00Z,99550.0,16.928,96.2,0.0,,0.0,0.0,22.078,21.478,22.028,21.428,0.0,46.8,47.7,47.5,12.94,-49.8,-3.95,-45.85,0.0,343.82,389.67,,,,16.31,100870.54,100857.54,
015HI,2024-01-16T06:45:00Z,99550.0,16.772,96.1,0.0,,0.0,0.0,22.078,21.478,22.022,21.428,0.0,46.8,47.7,47.5,12.98,-50.24,-4.17,-46.06,0.0,343.93,390.0,,,,16.14,100870.54,100858.25,
015HI,2024-01-16T06:50:00Z,99550.0,16.628,96.3,0.0,,0.0,0.0,22.006,21.472,22.011,21.4,0.0,46.8,47.7,47.5,13.01,-50.51,-4.1,-46.42,0.0,341.12,387.54,,,,16.03,100870.54,100858.9,
015HI,2024-01-16T06:55:00Z,99550.0,16.539,96.5,0.0,,0.0,0.0,21.978,21.461,21.989,21.389,0.0,46.7,47.7,47.5,12.94,-49.09,-3.99,-45.1,0.0,343.36,388.46,,,,15.98,100870.54,100859.31,
015HI,2024-01-16T07:00:00Z,99550.0,16.45,96.6,0.0,,0.0,0.0,21.983,21.472,22.0,21.372,0.0,46.7,47.7,47.5,12.97,-48.9,-3.96,-44.94,0.0,343.93,388.87,,,,15.9,100870.54,100859.71,
015HI,2024-01-16T07:05:00Z,99550.0,16.411,96.8,0.123,277.0,0.556,0.0,21.917,21.478,21.972,21.328,0.0,46.7,47.7,47.5,13.0,-50.82,-3.85,-46.97,0.0,340.73,387.7,,W,,15.9,100870.54,100859.89,
015HI,2024-01-16T07:10:00Z,99550.0,16.322,96.8,0.123,285.7,0.499,0.0,21.889,21.472,21.989,21.322,0.0,46.7,47.7,47.5,12.93,-51.31,-3.92,-47.39,0.0,342.71,390.1,,WNW,,15.81,100870.54,100860.29,
015HI,2024-01-16T07:15:00Z,99540.0,16.25,96.9,0.046,295.7,0.391,0.0,21.889,21.439,21.989,21.311,0.0,46.7,47.7,47.5,12.97,-51.99,-3.88,-48.12,0.0,343.32,391.43,,WNW,,15.75,100860.41,100850.49,
015HI,2024-01-16T07:20:00Z,99540.0,16.272,97.1,0.129,295.5,0.391,0.0,21.817,21.428,21.961,21.311,0.0,46.7,47.7,47.5,13.0,-52.78,-3.95,-48.83,0.0,340.23,389.07,,WNW,,15.81,100860.41,100850.39,
015HI,2024-01-16T07:25:00Z,99540.0,16.278,97.1,0.01,296.1,0.278,0.0,21.789,21.439,21.972,21.289,0.0,46.7,47.7,47.5,12.93,-50.68,-3.91,-46.78,0.08,342.36,389.14,,WNW,,15.81,100860.41,100850.36,
015HI,2024-01-16T07:30:00Z,99540.0,16.128,97.0,0.134,236.8,0.612,0.0,21.8,21.439,22.022,21.272,0.0,46.7,47.7,47.5,12.96,-50.01,-3.66,-46.35,0.0,343.06,389.41,,WSW,,15.65,100860.41,100851.05,
015HI,2024-01-16T07:35:00Z,99540.0,15.978,97.0,0.0,,0.0,0.0,21.744,21.428,22.011,21.239,0.0,46.7,47.7,47.4,12.99,-50.38,-3.91,-46.47,0.0,339.56,386.03,,,,15.5,100860.41,100851.73,
015HI,2024-01-16T07:40:00Z,99540.0,15.9,97.1,0.0,,0.0,0.0,21.728,21.428,21.989,21.228,0.0,46.7,47.7,47.4,12.92,-49.74,-3.96,-45.78,0.0,341.41,387.19,,,,15.44,100860.41,100852.09,
015HI,2024-01-16T07:45:00Z,99530.0,15.872,97.3,0.0,,0.0,0.0,21.739,21.428,22.011,21.211,0.0,46.7,47.7,47.4,12.96,-49.87,-4.09,-45.78,0.0,342.31,388.09,,,,15.44,100850.27,100842.08,
015HI,2024-01-16T07:50:00Z,99530.0,15.839,97.3,0.123,283.1,0.612,0.0,21.672,21.4,22.022,21.211,0.0,46.7,47.7,47.4,12.99,-50.98,-4.06,-46.92,0.0,338.92,385.84,,WNW,,15.41,100850.27,100842.24,
015HI,2024-01-16T07:55:00Z,99520.0,15.828,97.5,0.067,284.2,0.499,0.0,21.65,21.4,21.972,21.178,0.0,46.7,47.7,47.4,12.91,-51.14,-3.91,-47.23,0.0,341.07,388.3,,WNW,,15.43,100840.14,100832.15,
015HI,2024-01-16T08:00:00Z,99520.0,15.839,97.5,0.041,304.7,0.499,0.0,21.65,21.4,22.022,21.15,0.0,46.7,47.7,47.4,12.95,-51.0,-4.06,-46.94,0.0,341.92,388.86,,NW,,15.44,100840.14,100832.1,
015HI,2024-01-16T08:05:00Z,99520.0,15.861,97.6,0.159,288.0,0.556,0.0,21.583,21.372,22.022,21.139,0.0,46.7,47.7,47.4,12.98,-51.81,-4.08,-47.72,0.0,338.92,386.65,,WNW,,15.48,100840.14,100832.0,
015HI,2024-01-16T08:10:00Z,99530.0,15.778,97.5,0.072,273.8,0.499,0.0,21.561,21.372,22.0,21.128,0.0,46.7,47.7,47.4,12.91,-49.79,-4.0,-45.79,0.03,341.39,387.18,,W,,15.38,100850.27,100842.51,
015HI,2024-01-16T08:15:00Z,99530.0,15.678,97.4,0.314,273.2,0.777,0.0,21.572,21.361,21.978,21.078,0.0,46.7,47.7,47.4,12.95,-49.96,-3.81,-46.15,0.0,342.75,388.9,,W,,15.26,100850.27,100842.97,
015HI,2024-01-16T08:20:00Z,99530.0,15.628,97.6,0.19,307.5,0.664,0.0,21.511,21.372,21.95,21.089,0.0,46.7,47.7,47.4,12.98,-52.15,-3.77,-48.38,0.0,339.2,387.58,,NW,,15.25,100850.27,100843.2,
015HI,2024-01-16T08:25:00Z,99530.0,15.622,97.6,0.19,310.9,0.664,0.0,21.489,21.339,21.961,21.061,0.0,46.7,47.7,47.4,12.91,-49.64,-3.88,-45.76,0.0,341.72,387.48,,NW,,15.24,100850.27,100843.23,
015HI,2024-01-16T08:30:00Z,99520.0,15.661,97.8,0.437,289.2,0.777,0.0,21.5,21.35,22.011,21.061,0.0,46.7,47.7,47.4,12.9,-51.7,-3.77,-47.94,0.19,342.1,390.04,,WNW,,15.31,100840.14,100832.92,
015HI,2024-01-16T08:35:00Z,99520.0,15.572,97.6,0.195,286.1,0.777,0.0,21.467,21.311,22.039,21.039,0.0,46.7,47.7,47.4,12.94,-51.14,-3.99,-47.15,0.0,341.76,388.91,,WNW,,15.19,100840.14,100833.32,
015HI,2024-01-16T08:40:00Z,99520.0,15.522,97.7,0.381,281.7,0.833,0.0,21.411,21.328,21.961,21.022,0.0,46.7,47.7,47.4,12.97,-51.83,-3.86,-47.97,0.0,338.9,386.87,,WNW,,15.16,100840.14,100833.55,
015HI,2024-01-16T08:45:00Z,99520.0,15.422,97.8,0.566,280.8,1.055,0.0,21.394,21.322,21.95,21.0,0.0,46.7,47.7,47.4,12.9,-51.73,-3.86,-47.87,0.0,341.19,389.06,,W,,15.07,100840.14,100834.01,
015HI,2024-01-16T08:50:00Z,99520.0,15.389,97.8,0.52,281.9,0.777,0.0,21.406,21.3,21.961,21.0,0.0,46.7,47.7,47.4,12.93,-50.81,-3.88,-46.93,0.0,342.24,389.17,,WNW,,15.04,100840.14,100834.16,
015HI,2024-01-16T08:55:00Z,99510.0,15.4,98.0,0.442,264.7,1.168,0.0,21.344,21.289,21.95,20.978,0.0,46.7,47.7,47.4,12.97,-51.12,-3.82,-47.3,0.0,339.21,386.51,,W,,15.08,100830.01,100823.98,
015HI,2024-01-16T09:00:00Z,99510.0,15.322,97.8,0.0,,0.0,0.0,21.333,21.311,21.989,20.961,0.0,46.7,47.7,47.4,12.9,-48.52,-4.04,-44.48,0.0,340.89,385.37,,,,14.97,100830.01,100824.34,
015HI,2024-01-16T09:05:00Z,99510.0,15.289,98.0,0.015,254.4,0.334,0.0,21.35,21.278,21.989,20.95,0.0,46.7,47.7,47.4,12.93,-47.71,-3.86,-43.85,0.0,342.06,385.91,,WSW,,14.97,100830.01,100824.49,
015HI,2024-01-16T09:10:00Z,99500.0,15.189,97.9,0.057,242.7,0.442,0.0,21.294,21.272,21.989,20.939,0.0,46.7,47.7,47.4,12.96,-48.67,-3.61,-45.06,0.0,338.71,383.78,,WSW,,14.86,100819.88,100814.82,
015HI,2024-01-16T09:15:00Z,99500.0,15.161,98.0,0.031,239.0,0.556,0.0,21.283,21.261,22.011,20.922,0.0,46.7,47.7,47.4,12.89,-46.69,-3.64,-43.05,0.0,341.2,384.25,,WSW,,14.84,100819.88,100814.95,
015HI,2024-01-16T09:20:00Z,99490.0,15.05,97.9,0.242,292.6,0.664,0.0,21.294,21.25,21.989,20.889,0.0,46.7,47.7,47.4,12.92,-49.39,-3.59,-45.8,0.0,340.95,386.75,,WNW,,14.72,100809.74,100805.32,
015HI,2024-01-16T09:25:00Z,99480.0,15.2,98.4,0.098,308.2,0.442,0.0,21.233,21.222,22.011,20.911,0.0,46.7,47.7,47.4,12.96,-48.84,-3.64,-45.2,0.18,339.29,384.49,,NW,,14.95,100799.61,100794.5,
015HI,2024-01-16T09:30:00Z,99480.0,15.289,98.4,0.036,267.6,0.442,0.0,21.217,21.211,22.011,20.872,0.0,46.7,47.7,47.4,12.89,-47.12,-3.63,-43.49,0.46,340.76,384.25,,W,,15.04,100799.61,100794.09,
015HI,2024-01-16T09:35:00Z,99480.0,15.089,98.0,0.0,,0.0,0.0,21.233,21.228,22.0,20.85,0.0,46.7,47.7,47.4,12.93,-46.13,-3.46,-42.67,0.0,341.05,383.71,,,,14.77,100799.61,100795.01,
015HI,2024-01-16T09:40:00Z,99470.0,14.911,98.0,0.0,,0.0,0.0,21.183,21.2,21.939,20.822,0.0,46.7,47.7,47.4,12.95,-46.9,-3.17,-43.73,0.0,337.91,381.64,,,,14.59,100789.48,100785.7,
015HI,2024-01-16T09:45:00Z,99470.0,14.75,98.0,0.0,,0.0,0.0,21.178,21.211,21.972,20.828,0.0,46.7,47.7,47.4,12.92,-46.01,-3.67,-42.35,0.0,339.45,381.8,,,,14.43,100789.48,100786.44,
015HI,2024-01-16T09:50:00Z,99470.0,14.811,98.3,0.005,301.5,0.334,0.0,21.161,21.178,22.011,20.822,0.0,46.7,47.7,47.4,12.95,-46.62,-3.56,-43.06,0.0,337.3,380.35,,WNW,,14.54,100789.48,100786.16,
015HI,2024-01-16T09:55:00Z,99460.0,14.861,98.4,0.036,301.5,0.391,0.0,21.139,21.178,21.961,20.811,0.0,46.7,47.7,47.4,12.88,-48.31,-3.66,-44.65,0.0,338.25,382.9,,WNW,,14.61,100779.34,100775.79,
