# STATION: 016HI
# STATION NAME: Keokea
# LATITUDE: 20.7067
# LONGITUDE: -156.3554
# ELEVATION [ft]: 2858.0
# STATE: HI
Station_ID,Date_Time,pressure_set_1,air_temp_set_1,relative_humidity_set_1,wind_speed_set_1,wind_direction_set_1,wind_gust_set_1,solar_radiation_set_1,soil_temp_set_1,soil_temp_set_2,soil_temp_set_3,soil_temp_set_4,precip_accum_five_minute_set_1,soil_moisture_set_1,soil_moisture_set_2,soil_moisture_set_3,volt_set_1,net_radiation_set_1,net_radiation_sw_set_1,net_radiation_lw_set_1,outgoing_radiation_sw_set_1,incoming_radiation_lw_set_1,outgoing_radiation_lw_set_1,wind_chill_set_1d,wind_cardinal_direction_set_1d,heat_index_set_1d,dew_point_temperature_set_1d,altimeter_set_1d,sea_level_pressure_set_1d,wet_bulb_temperature_set_1d
,,Pascals,Celsius,%,m/s,Degrees,m/s,W/m**2,Celsius,Celsius,Celsius,Celsius,Millimeters,%,%,%,volts,W/m**2,W/m**2,W/m**2,W/m**2,W/m**2,W/m**2,Celsius,code,Celsius,Celsius,Pascals,Pascals,Celsius
016HI,2024-01-15T10:05:00Z,91410.0,11.1,85.6,1.08,115.1,1.446,0.0,17.006,17.011,18.1,16.811,0.0,35.0,43.4,44.1,12.91,-64.11,-4.29,-59.82,1.17,296.04,355.86,,ESE,,8.75,101465.88,101393.88,
016HI,2024-01-15T10:10:00Z,91410.0,11.0,86.1,1.41,127.9,1.667,0.0,17.028,17.022,18.111,16.778,0.0,35.0,43.3,44.1,12.88,-63.16,-3.96,-59.21,0.7,297.33,356.53,,SE,,8.74,101465.88,101397.54,
016HI,2024-01-15T10:15:00Z,91400.0,10.889,87.9,1.389,130.8,1.667,0.0,17.011,17.011,18.111,16.761,0.0,35.0,43.3,44.0,12.94,-65.34,-4.11,-61.23,0.43,296.07,357.3,,SE,,8.94,101454.78,101390.51,
016HI,2024-01-15T10:20:00Z,91390.0,10.672,89.0,1.538,136.7,1.775,0.0,16.961,17.022,18.111,16.739,0.0,35.0,43.4,44.0,12.91,-65.87,-4.2,-61.67,0.35,294.91,356.58,,SE,,8.91,101443.68,101387.37,
016HI,2024-01-15T10:25:00Z,91380.0,10.539,89.9,1.6,136.0,1.831,0.0,16.989,17.011,18.122,16.728,0.0,35.0,43.3,44.0,12.87,-64.79,-4.1,-60.69,0.43,296.21,356.9,,SE,,8.93,101432.58,101381.17,
016HI,2024-01-15T10:30:00Z,91380.0,10.478,90.3,1.579,136.0,1.831,0.0,16.972,17.028,18.072,16.711,0.0,35.0,43.3,44.0,12.9,-66.15,-4.12,-62.03,0.45,295.49,357.52,,SE,,8.94,101432.58,101383.41,
016HI,2024-01-15T10:35:00Z,91370.0,10.5,90.3,1.626,136.0,1.831,0.0,16.961,17.011,18.072,16.7,0.0,35.0,43.4,44.0,12.87,-65.34,-4.19,-61.14,0.63,296.21,357.36,,SE,,8.96,101421.48,101371.5,
016HI,2024-01-15T10:40:00Z,91380.0,10.611,88.3,1.564,129.4,,0.0,16.944,17.011,18.128,16.678,0.0,35.0,43.3,44.0,12.93,-66.91,-3.91,-62.99,0.28,295.04,358.03,,SE,,8.74,101432.58,101378.53,
016HI,2024-01-15T10:45:00Z,91380.0,10.472,88.3,1.487,133.5,1.667,0.0,16.894,17.022,18.128,16.672,0.0,35.0,43.4,44.0,12.9,-65.44,-3.88,-61.56,0.04,294.61,356.17,,SE,,8.6,101432.58,101383.64,
016HI,2024-01-15T10:50:00Z,91380.0,10.061,88.7,1.672,140.4,1.945,0.0,16.928,17.011,18.078,16.661,0.0,35.0,43.4,44.0,12.86,-63.58,-4.05,-59.53,0.1,296.12,355.65,,SE,,8.26,101432.58,101398.79,
016HI,2024-01-15T10:55:00Z,91380.0,10.078,87.7,1.837,130.7,2.222,0.0,16.928,17.011,18.078,16.65,0.0,34.9,43.3,44.0,12.93,-65.01,-3.8,-61.22,0.3,294.99,356.2,,SE,,8.11,101432.58,101398.17,
016HI,2024-01-15T11:00:00Z,91380.0,10.222,86.3,1.512,127.6,1.831,0.0,16.889,17.0,18.122,16.628,0.0,34.9,43.3,44.0,12.94,-64.23,-3.79,-60.44,0.43,294.59,355.03,,SE,,8.01,101432.58,101392.87,
016HI,2024-01-15T11:05:00Z,91380.0,10.15,87.3,1.693,133.9,,0.0,16.883,17.011,18.122,16.622,0.0,34.9,43.3,44.0,12.9,-63.45,-3.9,-59.55,0.81,294.66,354.22,,SE,,8.11,101432.58,101395.52,
016HI,2024-01-15T11:10:00Z,91380.0,10.228,89.3,1.646,129.6,1.945,0.0,16.906,17.0,18.089,16.611,0.0,34.9,43.3,44.0,12.86,-63.23,-3.83,-59.4,0.78,295.84,355.25,,SE,,8.53,101432.58,101392.63,
016HI,2024-01-15T11:15:00Z,91380.0,10.411,90.1,1.502,132.1,1.945,0.0,16.878,16.989,18.078,16.578,0.0,34.9,43.3,44.0,12.88,-64.93,-4.0,-60.93,0.86,295.55,356.48,,SE,,8.84,101432.58,101385.88,
016HI,2024-01-15T11:20:00Z,91360.0,10.439,90.4,1.646,136.0,1.888,0.0,16.856,16.989,18.111,16.561,0.0,34.9,43.3,44.0,12.81,-63.96,-4.09,-59.87,0.79,296.49,356.36,,SE,,8.92,101410.38,101362.65,
016HI,2024-01-15T11:25:00Z,91340.0,10.3,91.1,1.61,138.7,,0.0,16.867,16.978,18.111,16.55,0.0,34.9,43.3,44.0,12.84,-65.14,-4.11,-61.03,0.44,296.86,357.89,,SE,,8.9,101388.18,101345.58,
016HI,2024-01-15T11:30:00Z,91340.0,10.15,88.7,1.574,141.1,1.831,0.0,16.817,16.978,18.1,16.528,0.0,34.9,43.3,44.0,12.92,-66.11,-4.39,-61.72,0.45,295.12,356.84,,SE,,8.35,101388.18,101351.12,
016HI,2024-01-15T11:35:00Z,91340.0,10.328,86.0,1.512,128.9,1.831,0.0,16.783,16.978,18.139,16.511,0.0,34.9,43.3,44.0,12.93,-64.82,-3.91,-60.9,0.49,294.09,355.0,,SE,,8.06,101388.18,101344.58,
016HI,2024-01-15T11:40:00Z,91340.0,9.911,86.7,1.729,139.2,,0.0,16.783,16.978,18.1,16.511,0.0,34.9,43.3,44.0,12.93,-63.92,-3.7,-60.22,0.0,293.72,353.94,,SE,,7.77,101388.18,101359.96,
016HI,2024-01-15T11:45:00Z,91330.0,9.911,87.4,1.636,129.8,2.279,0.0,16.789,16.95,18.072,16.472,0.0,34.9,43.3,44.0,12.89,-63.67,-3.88,-59.79,0.76,293.81,353.6,,SE,,7.89,101377.08,101348.86,
016HI,2024-01-15T11:50:00Z,91320.0,10.389,88.3,1.687,129.2,2.053,0.0,16.817,16.961,18.111,16.489,0.0,34.9,43.3,44.0,12.84,-63.54,-3.88,-59.66,1.44,295.44,,,SE,,8.52,101365.98,101320.13,
016HI,2024-01-15T11:55:00Z,91320.0,10.35,89.1,1.389,130.9,1.945,0.0,16.783,16.961,18.089,16.472,0.0,34.9,43.3,44.0,12.87,-64.75,-4.02,-60.73,0.75,294.92,355.65,,SE,,8.61,101365.98,101321.56,
016HI,2024-01-15T12:00:00Z,91330.0,10.561,86.8,1.291,112.2,1.775,0.0,16.767,16.95,18.078,16.45,0.0,34.9,43.3,44.0,12.84,-63.27,-4.23,-59.04,1.44,295.94,354.98,,ESE,,8.43,101377.08,101324.91,
016HI,2024-01-15T12:05:00Z,91340.0,10.739,86.0,1.482,129.3,1.831,0.0,16.75,16.928,18.1,16.428,0.0,34.9,43.3,44.0,12.91,-63.5,-3.94,-59.56,0.62,295.75,355.31,,SE,,8.47,101388.18,101329.47,
016HI,2024-01-15T12:10:00Z,91340.0,10.1,87.8,1.641,136.6,1.945,0.0,16.711,16.939,18.089,16.428,0.0,34.9,43.3,44.0,12.92,-63.57,-3.73,-59.84,0.0,294.91,354.74,,SE,,8.15,101388.18,101352.97,
016HI,2024-01-15T12:15:00Z,91340.0,10.211,89.3,1.389,133.5,1.723,0.0,16.706,16.95,18.128,16.389,0.0,34.9,43.3,44.0,12.88,-64.37,-4.25,-60.12,0.79,294.37,354.49,,SE,,8.51,101388.18,101348.87,
016HI,2024-01-15T12:20:00Z,91340.0,10.4,90.5,1.6,133.1,1.888,0.0,16.728,16.939,18.089,16.389,0.0,34.9,43.3,44.0,12.79,-63.62,-4.28,-59.34,1.08,295.82,355.16,,SE,,8.9,101388.18,101341.9,
016HI,2024-01-15T12:25:00Z,91340.0,10.05,90.5,1.739,134.8,1.945,0.0,16.739,16.928,18.072,16.372,0.0,34.9,43.3,44.0,12.83,-63.61,-3.82,-59.78,0.0,296.78,356.57,,SE,,8.55,101388.18,101354.8,
016HI,2024-01-15T12:30:00Z,91330.0,9.778,89.9,1.914,135.8,2.166,0.0,16.689,16.928,18.072,16.322,0.0,34.9,43.3,44.0,12.9,-64.2,-3.69,-60.5,0.0,295.42,355.93,,SE,,8.18,101377.08,101353.76,
016HI,2024-01-15T12:35:00Z,91330.0,9.778,87.2,1.595,133.0,2.109,0.0,16.65,16.922,18.122,16.322,0.0,34.9,43.3,44.0,12.91,-63.07,-3.75,-59.32,0.25,294.73,354.04,,SE,,7.73,101377.08,101353.77,
016HI,2024-01-15T12:40:00Z,91330.0,9.811,87.3,1.703,134.4,2.109,0.0,16.65,16.928,18.1,16.328,0.0,34.9,43.3,44.0,12.87,-61.8,-3.65,-58.15,0.2,295.0,353.14,,SE,,7.78,101377.08,101352.55,
016HI,2024-01-15T12:45:00Z,91330.0,9.572,87.6,1.939,131.4,2.222,0.0,16.689,16.9,18.1,16.322,0.0,34.9,43.3,44.0,12.83,-59.98,-3.6,-56.38,0.38,296.77,353.16,,SE,,7.59,101377.08,101361.39,
016HI,2024-01-15T12:50:00Z,91320.0,9.439,88.8,1.945,133.3,2.109,0.0,16.678,16.9,18.1,16.322,0.0,34.9,43.3,43.9,12.9,-61.9,-3.56,-58.34,0.33,295.41,353.75,,SE,,7.66,101365.98,101355.22,
016HI,2024-01-15T12:55:00Z,91320.0,9.45,89.2,1.914,138.1,2.109,0.0,16.633,16.9,18.039,16.3,0.0,34.9,43.3,43.9,12.86,-62.64,-3.87,-58.78,0.84,294.22,353.0,,SE,,7.74,101365.98,101354.8,
016HI,2024-01-15T13:00:00Z,91310.0,9.828,88.1,1.847,133.8,,0.0,16.656,16.911,18.078,16.3,0.0,34.9,43.3,43.9,12.82,-62.76,-3.93,-58.83,1.2,295.13,353.96,,SE,,7.93,101354.88,101329.72,
016HI,2024-01-15T13:05:00Z,91290.0,9.8,88.3,1.837,134.1,2.053,0.0,16.633,16.9,18.072,16.25,0.0,34.9,43.3,43.9,12.89,-64.38,-3.75,-60.63,0.28,293.69,354.33,,SE,,7.94,101332.68,101308.56,
016HI,2024-01-15T13:10:00Z,91280.0,9.528,88.3,1.821,135.1,2.109,0.0,16.589,16.9,18.089,16.261,0.0,34.9,43.3,43.9,12.86,-63.99,-3.84,-60.15,0.3,292.78,352.94,,SE,,7.67,101321.58,101307.53,
016HI,2024-01-15T13:15:00Z,91290.0,9.589,87.6,1.754,132.0,2.109,0.0,16.617,16.872,18.111,16.261,0.0,34.9,43.3,44.0,12.82,-61.84,-3.9,-57.93,0.83,294.56,352.5,,SE,,7.61,101332.68,101316.37,
016HI,2024-01-15T13:20:00Z,91300.0,9.472,88.3,1.878,137.3,2.279,0.0,16.606,16.872,18.061,16.222,0.0,34.9,43.3,43.9,12.89,-62.73,-3.79,-58.94,0.23,294.21,353.15,,SE,,7.61,101343.78,101331.8,
016HI,2024-01-15T13:25:00Z,91300.0,9.4,88.4,1.672,132.1,,0.0,16.567,16.872,18.072,16.222,0.0,34.9,43.3,43.9,12.9,-61.97,-3.74,-58.24,0.42,293.8,352.04,,SE,,7.56,101343.78,101334.47,
016HI,2024-01-15T13:30:00Z,91300.0,9.45,88.3,1.723,134.6,2.053,0.0,16.556,16.85,18.089,16.222,0.0,34.9,43.3,43.9,12.85,-62.61,-4.05,-58.56,0.99,293.23,351.79,,SE,,7.59,101343.78,101332.61,
016HI,2024-01-15T13:35:00Z,91300.0,9.772,88.8,1.584,134.6,2.279,0.0,16.578,16.85,18.072,16.178,0.0,34.8,43.3,43.9,12.81,-61.39,-3.97,-57.41,1.21,295.3,352.71,,SE,,7.99,101343.78,101320.69,
016HI,2024-01-15T13:40:00Z,91300.0,9.828,88.8,1.811,133.6,2.109,0.0,16.556,16.839,18.111,16.172,0.0,34.8,43.3,43.9,12.88,-63.05,-3.95,-59.11,0.93,294.97,354.08,,SE,,8.05,101343.78,101318.62,
016HI,2024-01-15T13:45:00Z,91310.0,9.739,89.5,1.801,132.9,2.279,0.0,16.5,16.839,18.1,16.172,0.0,34.8,43.3,43.9,12.85,-62.75,-3.78,-58.97,0.61,294.39,353.36,,SE,,8.08,101354.88,101333.01,
016HI,2024-01-15T13:50:00Z,91310.0,9.872,89.6,1.821,136.1,2.279,0.0,16.517,16.85,18.078,16.15,0.0,34.8,43.3,43.9,12.81,-61.86,-3.73,-58.13,0.85,295.89,354.02,,SE,,8.22,101354.88,101328.09,
016HI,2024-01-15T13:55:00Z,91310.0,9.711,88.7,1.821,138.5,2.166,0.0,16.5,16.872,18.072,16.128,0.0,34.8,43.3,43.9,12.88,-63.98,-3.95,-60.03,0.6,294.43,354.45,,SE,,7.91,101354.88,101334.05,
016HI,2024-01-15T14:00:00Z,91310.0,9.928,87.3,1.657,132.3,2.109,0.0,16.456,16.839,18.061,16.111,0.0,34.8,43.3,43.9,12.84,-64.63,-3.95,-60.68,0.78,292.85,353.53,,SE,,7.89,101354.88,101326.04,
016HI,2024-01-15T14:05:00Z,91310.0,9.711,87.7,1.883,137.1,2.279,0.0,16.483,16.811,18.072,16.111,0.0,34.8,43.3,43.9,12.8,-62.69,-3.88,-58.81,0.34,294.19,353.0,,SE,,7.75,101354.88,101334.05,
016HI,2024-01-15T14:10:00Z,91310.0,9.611,86.9,1.749,129.9,2.109,0.0,16.483,16.811,18.072,16.1,0.0,34.8,43.3,43.9,12.87,-64.45,-3.65,-60.8,0.1,292.69,353.49,,SE,,7.51,101354.88,101337.76,
016HI,2024-01-15T14:15:00Z,91300.0,9.572,87.5,1.657,135.5,,0.0,16.444,16.811,18.089,16.05,0.0,34.8,43.3,43.9,12.88,-63.95,-3.82,-60.12,0.11,291.79,351.92,,SE,,7.58,101343.78,101328.1,
016HI,2024-01-15T14:20:00Z,91290.0,9.478,87.1,1.806,135.9,2.053,0.0,16.444,16.811,18.089,16.072,0.0,34.8,43.2,43.9,12.89,-64.18,-4.01,-60.17,0.88,291.26,351.43,,SE,,7.42,101332.68,101320.49,
016HI,2024-01-15T14:25:00Z,91300.0,9.539,86.3,1.682,133.9,2.166,0.0,16.439,16.811,18.111,16.05,0.0,34.8,43.2,43.9,12.89,-64.03,-4.01,-60.02,1.01,291.01,351.03,,SE,,7.34,101343.78,101329.33,
016HI,2024-01-15T14:30:00Z,91290.0,9.389,87.1,1.795,131.7,2.109,0.0,16.433,16.8,18.1,16.061,0.0,34.8,43.2,43.9,12.84,-63.59,-3.74,-59.85,0.41,290.85,350.7,,SE,,7.33,101332.68,101323.78,
016HI,2024-01-15T14:35:00Z,91290.0,9.339,86.7,1.893,134.5,2.5,0.0,16.461,16.789,18.072,16.028,0.0,34.8,43.2,43.9,12.8,-62.45,-3.76,-58.69,0.57,292.57,351.26,,SE,,7.21,101332.68,101325.64,
016HI,2024-01-15T14:40:00Z,91300.0,9.372,88.3,1.837,132.6,2.109,0.0,16.444,16.778,18.078,16.022,0.0,34.8,43.3,43.9,12.87,-63.46,-3.71,-59.75,0.46,292.5,352.25,,SE,,7.51,101343.78,101335.5,
016HI,2024-01-15T14:45:00Z,91290.0,9.339,87.6,1.842,135.2,2.053,0.0,16.394,16.778,18.072,16.028,0.0,34.8,43.2,43.9,12.88,-64.05,-3.86,-60.19,0.75,291.18,351.37,,SE,,7.36,101332.68,101325.63,
016HI,2024-01-15T14:50:00Z,91290.0,9.428,86.2,1.605,128.6,2.053,0.0,16.383,16.772,18.078,16.0,0.0,34.8,43.3,43.9,12.87,-64.02,-3.84,-60.18,0.7,290.26,350.44,,SE,,7.21,101332.68,101322.34,
016HI,2024-01-15T14:55:00Z,91300.0,9.322,85.8,1.62,128.9,1.888,0.0,16.383,16.75,18.1,15.978,0.0,34.8,43.2,43.9,12.83,-63.04,-3.63,-59.41,0.26,290.25,349.66,,SE,,7.04,101343.78,101337.38,
016HI,2024-01-15T15:00:00Z,91300.0,9.189,86.6,1.723,134.9,,0.0,16.411,16.761,18.122,15.961,0.0,34.8,43.2,43.9,12.79,-61.53,-3.65,-57.88,0.57,292.09,349.97,,SE,,7.05,101343.78,101342.3,
016HI,2024-01-15T15:05:00Z,91300.0,9.339,86.3,1.718,133.8,2.222,0.0,16.4,16.75,18.05,15.972,0.0,34.8,43.2,43.9,12.86,-62.8,-3.92,-58.88,0.94,292.3,351.18,,SE,,7.14,101343.78,101336.74,
016HI,2024-01-15T15:10:00Z,91310.0,9.828,85.9,1.651,132.6,2.166,0.0,16.344,16.761,18.1,15.928,0.0,34.8,43.2,43.9,12.87,-63.54,-3.89,-59.65,1.58,291.81,351.46,,SE,,7.55,101354.88,101329.74,
016HI,2024-01-15T15:15:00Z,91310.0,9.928,85.0,1.811,128.9,2.33,0.0,16.322,16.722,18.078,15.961,0.0,34.8,43.2,43.9,12.87,-64.09,-3.66,-60.43,0.83,291.09,351.52,,SE,,7.5,101354.88,101326.05,
016HI,2024-01-15T15:20:00Z,91320.0,9.75,85.2,1.497,132.7,1.888,0.0,16.311,16.728,18.1,15.911,0.0,34.8,43.2,43.9,12.87,-63.32,-3.89,-59.43,0.69,291.13,350.56,,SE,,7.36,101365.98,101343.73,
016HI,2024-01-15T15:25:00Z,91320.0,9.678,87.2,1.765,135.1,2.109,0.0,16.3,16.722,18.072,15.922,0.0,34.8,43.2,43.9,12.83,-62.97,-3.92,-59.06,0.85,291.42,350.47,,SE,,7.63,101365.98,101346.38,
016HI,2024-01-15T15:30:00Z,91320.0,9.378,87.8,1.852,135.6,2.222,0.0,16.328,16.739,18.078,15.922,0.0,34.8,43.2,43.9,12.79,-61.5,-3.72,-57.78,0.46,293.37,351.15,,SE,,7.44,101365.98,101357.48,
016HI,2024-01-15T15:35:00Z,91320.0,9.161,90.0,1.775,135.3,2.109,0.0,16.311,16.722,18.072,15.911,0.0,34.8,43.2,43.9,12.81,-62.88,-3.67,-59.21,0.05,292.63,351.83,,SE,,7.59,101365.98,101365.52,
016HI,2024-01-15T15:40:00Z,91310.0,9.211,90.9,1.888,137.2,2.166,0.0,16.3,16.711,18.05,15.872,0.0,34.8,43.2,43.9,12.78,-62.8,-3.82,-58.98,0.47,292.89,351.86,,SE,,7.78,101354.88,101352.56,
016HI,2024-01-15T15:45:00Z,91290.0,9.278,90.6,1.811,134.2,2.109,0.0,16.283,16.7,18.078,15.878,0.0,34.8,43.2,43.9,12.81,-65.57,-3.95,-61.62,0.52,290.76,352.38,,SE,,7.8,101332.68,101327.88,
016HI,2024-01-15T15:50:00Z,91280.0,9.35,90.2,1.78,134.9,2.053,0.0,16.267,16.678,18.111,15.85,0.0,34.8,43.2,43.9,12.78,-64.92,-3.99,-60.93,0.54,290.96,351.89,,SE,,7.81,101321.58,101314.11,
016HI,2024-01-15T15:55:00Z,91280.0,9.2,88.0,1.945,137.5,2.222,0.0,16.261,16.7,18.078,15.861,0.0,34.8,43.2,43.9,12.83,-65.65,-3.96,-61.69,0.3,290.0,351.69,,SE,,7.29,101321.58,101319.69,
016HI,2024-01-15T16:00:00Z,91290.0,9.211,88.3,1.677,129.6,,0.0,16.222,16.672,18.078,15.861,0.0,34.8,43.2,43.9,12.84,-65.2,-3.81,-61.38,0.35,289.1,350.49,,SE,,7.35,101332.68,101330.38,
016HI,2024-01-15T16:05:00Z,91290.0,9.15,87.5,1.754,136.4,2.166,0.0,16.222,16.661,18.1,15.8,0.0,34.8,43.2,43.9,12.8,-64.6,-3.75,-60.85,0.23,289.0,349.86,,SE,,7.16,101332.68,101332.65,
016HI,2024-01-15T16:10:00Z,91290.0,9.1,87.5,1.698,136.4,,0.0,16.256,16.689,18.1,15.828,0.0,34.8,43.2,43.9,12.76,-63.38,-4.04,-59.34,0.68,290.42,349.76,,SE,,7.11,101332.68,101334.5,
016HI,2024-01-15T16:15:00Z,91290.0,9.022,87.7,1.831,130.6,2.109,0.0,16.25,16.672,18.078,15.822,0.0,34.8,43.2,43.9,12.83,-64.16,-3.83,-60.33,0.44,289.82,350.15,,SE,,7.07,101332.68,101337.4,
016HI,2024-01-15T16:20:00Z,91290.0,8.811,87.5,1.883,131.0,2.222,0.0,16.211,16.65,18.078,15.789,0.0,34.7,43.2,43.9,12.83,-63.52,-3.75,-59.77,0.08,288.83,348.6,,SE,,6.83,101332.68,101345.25,
016HI,2024-01-15T16:25:00Z,91300.0,8.639,87.4,2.042,131.4,2.222,0.0,16.211,16.672,18.072,15.772,0.0,34.7,43.2,43.8,12.84,-63.06,-3.63,-59.43,0.26,288.63,348.06,,SE,,6.64,101343.78,101362.76,
016HI,2024-01-15T16:30:00Z,91300.0,9.178,85.1,1.754,125.9,2.109,0.0,16.206,16.65,18.078,15.75,0.0,34.7,43.2,43.9,12.84,-63.4,-3.94,-59.46,1.86,288.96,348.42,,SE,,6.78,101343.78,101342.72,
016HI,2024-01-15T16:35:00Z,91300.0,9.3,84.0,1.79,134.9,2.279,0.0,16.194,16.628,18.05,15.772,0.0,34.8,43.2,43.9,12.84,-63.02,-3.91,-59.11,1.32,288.89,348.01,,SE,,6.71,101343.78,101338.2,
016HI,2024-01-15T16:40:00Z,91300.0,9.072,86.2,1.806,127.2,2.109,0.0,16.183,16.639,18.078,15.75,0.0,34.8,43.2,43.9,12.79,-63.45,-3.84,-59.61,0.77,288.22,347.83,,SE,,6.86,101343.78,101346.65,
016HI,2024-01-15T16:45:00Z,91300.0,8.928,84.9,1.867,131.9,2.279,,16.206,16.589,18.089,15.711,0.0,34.7,43.2,43.8,12.75,-61.86,-3.59,-58.28,0.19,289.62,347.9,,SE,,6.5,101343.78,101352.01,
016HI,2024-01-15T16:50:00Z,91310.0,8.789,85.6,1.975,130.1,2.33,0.0,16.194,16.622,18.039,15.728,0.0,34.8,43.2,43.8,12.82,-62.54,-3.44,-59.1,0.31,289.38,348.48,,SE,,6.48,101354.88,101368.28,
016HI,2024-01-15T16:55:00Z,91310.0,8.6,87.1,,131.7,2.33,0.0,16.15,16.589,18.061,15.722,0.0,34.7,43.2,43.8,12.83,-61.25,-2.87,-58.38,0.22,289.26,347.64,,SE,,6.55,101354.88,101375.32,
016HI,2024-01-15T17:00:00Z,91300.0,8.872,85.1,1.847,130.0,2.166,0.0,16.139,16.611,18.072,15.7,0.0,34.7,43.2,43.8,12.83,-60.94,-2.34,-58.6,1.83,289.52,348.12,,SE,,6.48,101343.78,101354.1,
016HI,2024-01-15T17:05:00Z,91300.0,9.05,83.6,2.145,133.9,2.557,1.02,16.128,16.6,18.072,15.7,0.0,34.7,43.2,43.8,12.83,-59.06,-0.98,-58.08,2.0,290.18,348.26,,SE,,6.39,101343.78,101347.49,
016HI,2024-01-15T17:10:00Z,91310.0,9.072,82.3,1.847,131.2,2.166,3.09,16.111,16.6,18.072,15.728,0.0,34.7,43.2,43.8,12.83,-56.92,0.67,-57.59,2.42,290.47,348.06,,SE,,6.18,101354.88,101357.78,
016HI,2024-01-15T17:15:00Z,91320.0,9.222,81.8,1.77,124.8,2.166,5.07,16.1,16.589,18.078,15.672,0.0,34.7,43.2,43.8,12.82,-54.71,3.09,-57.8,1.99,290.09,347.88,,SE,,6.24,101365.98,101363.31,
016HI,2024-01-15T17:20:00Z,91320.0,9.789,79.47,1.754,121.8,1.888,8.84,16.089,16.6,18.078,15.678,0.0,34.7,43.2,43.8,12.82,-52.25,5.17,-57.42,3.67,291.22,348.64,,ESE,,6.37,101365.98,101342.32,
016HI,2024-01-15T17:25:00Z,91310.0,9.922,81.1,1.554,115.2,,10.49,16.072,16.55,18.078,15.672,0.0,34.7,43.2,43.8,12.84,-50.24,7.02,-57.26,3.48,292.35,349.61,,ESE,,6.8,101354.88,101326.3,
016HI,2024-01-15T17:30:00Z,91310.0,9.8,81.0,1.837,139.3,2.279,12.14,16.056,16.611,18.05,15.661,0.0,34.7,43.2,43.8,12.82,-48.04,9.75,-57.79,2.39,292.82,350.61,,SE,,6.66,101354.88,101330.81,
016HI,2024-01-15T17:35:00Z,91310.0,9.672,81.2,1.235,133.5,1.945,13.98,16.039,16.561,18.072,15.639,0.0,34.7,43.2,43.8,12.84,-45.97,11.67,-57.64,2.31,293.15,350.79,,SE,,6.57,101354.88,101335.54,
016HI,2024-01-15T17:40:00Z,91310.0,9.978,79.56,1.476,134.5,1.888,17.04,16.028,16.55,18.089,15.65,0.0,34.7,43.2,43.8,12.84,-44.95,13.02,-57.97,4.02,293.07,351.04,,SE,,6.57,101354.88,101324.25,
016HI,2024-01-15T17:45:00Z,91310.0,10.578,77.36,1.693,127.3,1.888,19.51,16.011,16.561,18.072,15.611,0.0,34.7,43.2,43.8,12.84,-44.02,14.72,-58.74,4.79,293.33,352.07,,SE,,6.74,101354.88,101302.16,
016HI,2024-01-15T17:50:00Z,91310.0,10.65,77.71,1.615,126.4,1.888,20.74,16.0,16.539,18.089,15.622,0.0,34.7,43.2,43.8,12.84,-42.36,16.78,-59.14,3.96,293.46,352.6,,SE,,6.88,101354.88,101299.52,
016HI,2024-01-15T17:55:00Z,91310.0,10.739,78.09,1.801,131.4,2.222,22.08,15.983,16.539,18.05,15.6,0.0,34.7,43.2,43.8,12.84,-40.87,18.69,-59.56,3.38,293.93,353.49,,SE,,7.04,101354.88,101296.24,
016HI,2024-01-15T18:00:00Z,91310.0,10.522,79.86,1.662,130.6,2.109,23.3,15.967,16.528,18.078,15.6,0.0,34.7,43.2,43.8,12.84,-39.69,20.57,-60.26,2.74,294.15,354.41,,SE,,7.15,101354.88,101304.2,
016HI,2024-01-15T18:05:00Z,91320.0,10.911,77.63,1.332,127.1,1.667,25.02,15.956,16.528,18.072,15.55,0.0,34.7,43.2,43.8,12.84,-40.04,22.05,-62.09,2.97,292.71,354.8,,SE,,7.12,101365.98,101301.03,
016HI,2024-01-15T18:10:00Z,91330.0,11.15,77.19,1.435,125.8,1.667,26.44,15.944,16.5,18.072,15.561,0.0,34.7,43.2,43.8,12.85,-39.03,22.68,-61.71,3.75,292.82,354.53,,SE,,7.26,101377.08,101303.37,
016HI,2024-01-15T18:15:00Z,91350.0,10.85,79.39,1.61,126.8,1.831,27.36,15.933,16.478,18.061,15.55,0.0,34.7,43.2,43.8,12.85,-38.2,23.95,-62.15,3.41,292.76,354.92,,SE,,7.39,101399.28,101336.53,
016HI,2024-01-15T18:20:00Z,91350.0,10.878,80.2,1.744,133.4,2.222,29.33,15.928,16.511,18.072,15.55,0.0,34.7,43.2,43.8,12.85,-37.18,25.55,-62.72,3.79,293.01,355.73,,SE,,7.56,101399.28,101335.5,
016HI,2024-01-15T18:25:00Z,91350.0,10.911,81.7,1.62,133.2,1.945,42.33,15.917,16.5,18.078,15.511,0.0,34.7,43.2,43.8,12.86,-27.38,36.65,-64.03,5.68,292.85,356.89,,SE,,7.87,101399.28,101334.28,
016HI,2024-01-15T18:30:00Z,91340.0,11.05,83.0,1.759,130.7,,45.29,15.906,16.5,18.1,15.522,0.0,34.7,43.2,43.8,12.87,-27.08,38.49,-65.57,6.8,292.81,358.38,,SE,,8.24,101388.18,101318.08,
016HI,2024-01-15T18:35:00Z,91340.0,11.5,82.2,1.564,131.9,1.775,49.99,15.889,16.489,18.078,15.528,0.0,34.7,43.1,43.8,12.87,-26.24,40.36,-66.6,9.64,293.09,359.69,,SE,,8.54,101388.18,101301.63,
016HI,2024-01-15T18:40:00Z,91340.0,12.011,79.99,1.291,130.6,1.497,44.11,15.878,16.5,18.078,15.528,0.0,34.7,43.1,43.8,12.87,-36.81,30.63,-67.44,13.48,293.2,360.64,,SE,,8.63,101388.18,101283.02,
016HI,2024-01-15T18:45:00Z,91340.0,12.6,79.06,0.89,119.2,1.224,63.47,15.867,16.522,18.089,15.5,0.0,34.7,43.1,43.8,12.88,-17.31,50.52,-67.82,12.96,293.57,361.39,,ESE,,9.03,101388.18,101261.64,
016HI,2024-01-15T18:50:00Z,91340.0,13.011,78.84,1.07,126.1,1.389,86.21,15.856,16.472,18.061,15.5,0.0,34.7,43.1,43.8,12.91,5.7,73.44,-67.74,12.78,294.45,362.19,,SE,,9.39,101388.18,101246.78,
016HI,2024-01-15T18:55:00Z,91340.0,13.589,77.34,0.88,124.6,1.055,44.42,15.844,16.461,18.061,15.472,0.0,34.7,43.1,43.8,12.91,-40.46,28.74,-69.2,15.68,294.92,364.12,,SE,,9.66,101388.18,101225.96,
016HI,2024-01-15T19:00:00Z,91330.0,14.25,75.83,0.679,123.7,0.998,57.79,15.833,16.439,18.05,15.489,0.0,34.7,43.1,43.8,12.92,-30.92,39.24,-70.17,18.55,295.52,365.69,,ESE,,10.01,101377.08,101191.17,
016HI,2024-01-15T19:05:00Z,91340.0,14.511,76.31,0.684,96.8,0.941,56.75,15.822,16.428,18.078,15.5,0.0,34.7,43.1,43.8,12.94,-34.55,36.92,-71.46,19.83,296.45,367.92,,E,,10.36,101388.18,101192.91,
016HI,2024-01-15T19:10:00Z,91340.0,14.722,73.37,0.473,77.52,0.72,79.66,15.806,16.489,18.1,15.461,0.0,34.7,43.1,43.8,12.94,-11.25,60.1,-71.35,19.56,297.87,369.22,,ENE,,9.97,101388.18,101185.41,
016HI,2024-01-15T19:15:00Z,91340.0,14.811,74.51,0.412,78.81,0.941,243.37,15.794,16.45,18.05,15.45,0.0,34.7,43.1,43.8,13.41,150.09,220.9,-70.81,22.47,299.32,370.14,,E,,10.29,101388.18,101182.22,
016HI,2024-01-15T19:20:00Z,91340.0,15.322,73.04,0.0,,0.0,334.06,15.778,16.422,18.078,15.439,0.0,34.7,43.1,43.8,13.71,228.59,299.87,-71.29,34.19,300.4,371.69,,,,10.48,101388.18,101164.05,
016HI,2024-01-15T19:25:00Z,91350.0,16.122,71.03,0.129,258.1,0.998,466.85,15.756,16.4,18.089,15.461,0.0,34.7,43.1,43.8,13.78,339.11,414.63,-75.52,52.22,301.29,376.81,,WSW,,10.83,101399.28,101146.81,
016HI,2024-01-15T19:30:00Z,91350.0,16.822,70.8,0.288,275.4,1.111,489.54,15.717,16.411,18.072,15.428,0.0,34.7,43.1,43.8,13.79,329.92,413.03,-83.11,76.51,302.45,385.56,,W,,11.45,101399.28,101122.14,
016HI,2024-01-15T19:35:00Z,91350.0,17.472,69.66,0.782,279.9,1.497,506.8,15.661,16.411,18.072,15.428,0.0,34.6,43.1,43.8,13.79,311.43,403.99,-92.56,102.81,303.6,396.16,,W,,11.83,101399.28,101099.36,
016HI,2024-01-15T19:40:00Z,91350.0,18.089,70.1,0.283,274.1,1.168,522.29,15.611,16.372,18.072,15.428,0.0,34.6,43.1,43.8,13.78,299.92,399.67,-99.75,122.62,304.6,404.35,,W,,12.52,101399.28,101077.82,
016HI,2024-01-15T19:45:00Z,91350.0,18.628,68.4,0.437,278.0,1.497,537.56,15.567,16.4,18.072,15.422,0.0,34.6,43.1,43.8,13.76,302.79,406.13,-103.34,131.43,306.14,409.48,,W,,12.66,101399.28,101059.1,
016HI,2024-01-15T19:50:00Z,91350.0,18.661,72.73,0.458,277.2,1.554,552.06,15.55,16.35,18.078,15.411,0.0,34.6,43.1,43.8,13.75,311.62,416.87,-105.25,135.19,307.87,413.13,,W,,13.64,101399.28,101057.9,
016HI,2024-01-15T19:55:00Z,91350.0,18.711,78.78,0.905,270.8,2.053,566.08,15.556,16.372,18.05,15.378,0.0,34.6,43.1,43.8,13.73,321.27,429.05,-107.78,137.03,310.38,418.16,,W,,14.93,101399.28,101056.1,
016HI,2024-01-15T20:00:00Z,91340.0,19.061,78.97,0.334,272.1,1.276,580.87,15.567,16.339,18.061,15.4,0.0,34.6,43.1,43.8,13.71,330.49,439.66,-109.17,141.21,310.66,419.83,,W,,15.3,101388.18,101032.91,
016HI,2024-01-15T20:05:00Z,91340.0,18.961,80.1,1.389,283.9,2.387,597.07,15.583,16.4,18.072,15.378,0.0,34.6,43.1,43.8,13.7,344.25,454.11,-109.87,142.96,312.47,422.34,,WNW,,15.43,101388.18,101036.35,
016HI,2024-01-15T20:10:00Z,91340.0,18.611,82.1,1.528,280.5,3.164,609.38,15.606,16.378,18.05,15.4,0.0,34.6,43.1,43.7,13.69,353.8,463.57,-109.77,145.81,313.08,422.86,,W,,15.48,101388.18,101048.46,
016HI,2024-01-15T20:15:00Z,91350.0,18.611,82.8,0.931,275.3,2.222,625.49,15.628,16.361,18.111,15.389,0.0,34.6,43.1,43.7,13.68,365.3,475.4,-110.1,150.09,313.22,423.33,,W,,15.61,101399.28,101059.52,
016HI,2024-01-15T20:20:00Z,91340.0,18.889,82.0,0.71,267.9,2.387,638.12,15.656,16.361,18.078,15.389,0.0,34.6,43.1,43.7,13.68,374.42,484.82,-110.4,153.31,313.84,424.24,,W,,15.73,101388.18,101038.82,
016HI,2024-01-15T20:25:00Z,91340.0,19.089,82.0,0.576,274.2,2.33,653.36,15.678,16.35,18.072,15.378,0.0,34.6,43.1,43.7,13.66,384.86,497.42,-112.56,155.94,314.91,427.47,,W,,15.92,101388.18,101031.9,
016HI,2024-01-15T20:30:00Z,91330.0,19.228,81.5,1.641,281.5,3.334,666.98,15.706,16.35,18.1,15.389,0.0,34.6,43.1,43.7,13.66,397.34,508.92,-111.58,158.06,316.55,428.13,,WNW,,15.96,101377.08,101016.04,
016HI,2024-01-15T20:35:00Z,91330.0,18.9,81.4,1.044,272.3,2.557,676.48,15.739,16.35,18.061,15.378,0.0,34.6,43.1,43.7,13.65,404.67,516.83,-112.17,159.65,315.11,427.28,,W,,15.62,101377.08,101027.39,
016HI,2024-01-15T20:40:00Z,91320.0,18.939,81.5,0.268,281.7,1.389,688.72,15.767,16.35,18.078,15.378,0.0,34.6,43.1,43.7,13.64,413.06,525.47,-112.41,163.25,316.06,428.47,,WNW,,15.68,101365.98,101014.97,
016HI,2024-01-15T20:45:00Z,91310.0,19.389,81.8,1.487,291.6,2.557,706.31,15.794,16.328,18.078,15.378,0.0,34.6,43.1,43.7,13.64,427.46,540.59,-113.13,165.73,319.51,432.64,,WNW,,16.18,101354.88,100988.35,
016HI,2024-01-15T20:50:00Z,91310.0,19.011,82.6,1.518,279.6,2.665,725.67,15.822,16.322,18.111,15.411,0.0,34.6,43.1,43.7,13.63,445.46,557.18,-111.73,168.49,320.5,432.23,,W,,15.96,101354.88,101001.41,
016HI,2024-01-15T20:55:00Z,91300.0,19.022,83.3,1.466,279.9,2.5,618.8,15.85,16.3,18.05,15.4,0.0,34.6,43.1,43.7,13.63,368.11,477.14,-109.03,141.66,321.49,430.52,,W,,16.11,101343.78,100989.96,
016HI,2024-01-15T21:00:00Z,91290.0,18.878,83.2,0.998,275.8,,619.59,15.878,16.278,18.078,15.411,0.0,34.6,43.1,43.7,13.63,373.22,478.23,-105.01,141.37,323.61,428.62,,W,,15.95,101332.68,100983.88,
016HI,2024-01-15T21:05:00Z,91290.0,19.061,83.1,1.178,282.9,2.886,811.12,15.906,16.311,18.072,15.411,0.0,34.6,43.1,43.7,13.63,513.78,620.87,-107.09,190.26,327.45,434.54,,WNW,,16.11,101332.68,100977.55,
016HI,2024-01-15T21:10:00Z,91280.0,18.978,83.5,1.06,284.3,2.387,664.99,15.922,16.311,18.05,15.422,0.0,34.6,43.1,43.7,13.63,407.04,514.2,-107.16,150.79,325.24,432.4,,WNW,,16.1,101321.58,100969.35,
016HI,2024-01-15T21:15:00Z,91270.0,19.3,83.7,0.376,278.2,1.775,793.9,15.944,16.278,18.072,15.4,0.0,34.6,43.1,43.7,13.61,499.52,610.07,-110.54,183.84,325.38,435.93,,W,,16.45,101310.48,100947.16,
016HI,2024-01-15T21:20:00Z,91260.0,19.528,81.5,1.564,290.9,2.886,758.54,15.967,16.278,18.072,15.461,0.0,34.6,43.1,43.7,13.61,471.87,585.34,-113.48,173.2,324.18,437.66,,WNW,,16.26,101299.38,100928.27,
016HI,2024-01-15T21:25:00Z,91250.0,19.422,82.9,1.584,282.0,3.39,793.47,15.994,16.278,18.078,15.461,0.0,34.6,43.1,43.7,13.61,498.6,611.78,-113.18,181.68,325.41,438.59,,WNW,,16.42,101288.28,100920.84,
016HI,2024-01-15T21:30:00Z,91250.0,19.389,83.2,1.348,277.3,3.164,803.81,16.017,16.228,18.061,15.461,0.0,34.6,43.1,43.7,13.61,505.28,619.46,-114.17,184.35,325.06,439.23,,W,,16.45,101288.28,100921.98,
016HI,2024-01-15T21:35:00Z,91240.0,19.711,82.6,1.049,263.3,2.279,807.9,16.039,16.272,18.072,15.472,0.0,34.6,43.1,43.7,13.61,507.3,622.62,-115.32,185.27,325.43,440.75,,W,,16.65,101277.18,100899.83,
016HI,2024-01-15T21:40:00Z,91230.0,19.889,80.8,1.286,265.0,2.721,818.1,16.061,16.278,18.078,15.5,0.0,34.6,43.1,43.7,13.61,519.26,632.0,-112.74,186.1,328.37,441.11,,W,,16.47,101266.08,100882.68,
016HI,2024-01-15T21:45:00Z,91220.0,20.222,83.1,1.152,284.4,2.33,866.27,16.083,16.25,18.072,15.522,0.0,34.6,43.1,43.7,13.6,563.48,668.57,-105.09,197.71,340.45,445.54,,WNW,,17.24,101254.98,100860.16,
016HI,2024-01-15T21:50:00Z,91210.0,20.411,81.4,1.446,301.8,2.608,851.73,16.1,16.278,18.072,15.561,0.0,34.6,43.1,43.7,13.59,549.54,660.35,-110.81,191.38,335.72,446.52,,WNW,,17.1,101243.88,100842.66,
016HI,2024-01-15T21:55:00Z,91190.0,20.161,81.8,0.797,44.32,2.222,787.22,16.139,16.228,18.072,15.561,0.0,34.6,43.1,43.7,13.59,496.89,610.69,-113.79,176.53,327.53,441.33,,NE,,16.93,101221.68,100829.1,
016HI,2024-01-15T22:00:00Z,91180.0,20.178,83.3,1.245,294.4,3.164,828.36,16.183,16.261,18.078,15.578,0.0,34.6,43.1,43.7,13.59,525.07,641.57,-116.5,186.78,329.63,446.13,,WNW,,17.24,101210.58,100817.44,
016HI,2024-01-15T22:05:00Z,91180.0,20.522,81.0,1.6,292.2,3.277,833.2,16.233,16.228,18.05,15.622,0.0,34.6,43.1,43.7,13.59,528.99,647.03,-118.03,186.18,329.13,447.16,,WNW,,17.13,101210.58,100805.7,
016HI,2024-01-15T22:10:00Z,91170.0,20.5,82.3,1.127,308.0,2.665,833.0,16.267,16.239,18.05,15.611,0.0,34.6,43.1,43.7,13.59,528.73,646.07,-117.34,186.93,329.54,446.88,,NW,,17.36,101199.48,100795.37,
016HI,2024-01-15T22:15:00Z,91150.0,20.672,81.2,1.291,237.9,2.387,826.69,16.3,16.239,18.072,15.65,0.0,34.6,43.1,43.7,13.6,526.59,643.23,-116.64,183.45,330.49,447.13,,WSW,,17.32,101177.28,100767.4,
016HI,2024-01-15T22:20:00Z,91140.0,20.578,82.1,0.875,259.6,,835.11,16.328,16.239,18.072,15.65,0.0,34.5,43.1,43.7,13.6,531.0,648.29,-117.29,186.81,331.26,448.55,,W,,17.4,101166.18,100759.54,
016HI,2024-01-15T22:25:00Z,91130.0,21.028,81.2,0.694,37.18,2.387,836.69,16.35,16.25,18.05,15.711,0.0,34.5,43.1,43.7,13.58,533.16,649.97,-116.81,186.72,331.7,448.51,,NE,,17.66,101155.08,100733.16,
016HI,2024-01-15T22:30:00Z,91120.0,21.5,79.37,2.264,287.6,4.054,837.44,16.372,16.239,18.072,15.739,0.0,34.5,43.1,43.7,13.58,533.63,651.62,-117.99,185.82,334.7,452.69,,WNW,,17.76,101143.98,100706.08,
016HI,2024-01-15T22:35:00Z,91110.0,21.4,78.34,1.487,293.0,3.22,838.36,16.4,16.25,18.072,15.739,0.0,34.5,43.1,43.7,13.58,533.82,652.71,-118.89,185.65,332.03,450.92,,WNW,,17.46,101132.88,100698.44,
016HI,2024-01-15T22:40:00Z,91100.0,21.461,77.99,1.842,284.5,3.442,841.09,16.433,16.239,18.061,15.739,0.0,34.5,43.1,43.7,13.58,534.1,655.2,-121.1,185.89,331.52,452.62,,WNW,,17.44,101121.78,100685.32,
016HI,2024-01-15T22:45:00Z,91090.0,21.528,78.05,2.099,290.8,3.997,841.79,16.461,16.261,18.05,15.789,0.0,34.5,43.1,43.7,13.58,535.05,655.68,-120.64,186.11,331.69,452.32,,WNW,,17.52,101110.68,100672.0,
016HI,2024-01-15T22:50:00Z,91080.0,21.689,78.24,1.42,300.5,3.555,839.42,16.5,16.239,18.078,15.839,0.0,34.5,43.0,43.7,13.58,533.18,653.57,-120.39,185.85,330.79,451.18,,WNW,,17.72,101099.58,100655.49,
016HI,2024-01-15T22:55:00Z,91070.0,21.639,78.04,1.41,303.0,3.056,837.88,16.539,16.25,18.061,15.811,0.0,34.5,43.0,43.7,13.58,531.91,653.11,-121.2,184.77,330.39,451.59,,WNW,,17.63,101088.48,100646.13,
016HI,2024-01-15T23:00:00Z,91060.0,21.411,77.95,1.96,287.4,3.663,836.31,16.572,16.239,18.078,15.889,0.0,34.5,43.0,43.7,13.58,532.3,653.11,-120.82,183.2,330.2,451.01,,WNW,,17.39,101077.38,100642.81,
016HI,2024-01-15T23:05:00Z,91050.0,20.978,80.6,1.842,282.7,4.887,834.93,16.622,16.228,18.078,15.878,0.0,34.5,43.1,43.7,13.57,529.43,651.67,-122.25,183.25,328.32,450.57,,WNW,,17.5,101066.28,100646.43,
016HI,2024-01-15T23:10:00Z,91040.0,21.172,79.58,1.199,315.4,2.665,831.48,16.661,16.289,18.078,15.972,0.0,34.5,43.1,43.7,13.57,527.16,647.23,-120.07,184.24,327.99,448.06,,NW,,17.48,101055.18,100628.8,
016HI,2024-01-15T23:15:00Z,91030.0,21.011,79.17,1.482,305.4,3.22,828.27,16.706,16.25,18.072,15.95,0.0,34.5,43.1,43.7,13.57,525.85,645.8,-119.95,182.47,328.48,448.43,,NW,,17.24,101044.08,100623.22,
016HI,2024-01-15T23:20:00Z,91020.0,20.811,79.22,1.816,291.1,3.555,824.02,16.75,16.261,18.061,16.011,0.0,34.5,43.1,43.6,13.57,523.94,643.34,-119.4,180.69,328.53,447.92,,WNW,,17.06,101032.98,100618.98,
016HI,2024-01-15T23:25:00Z,91000.0,20.689,80.4,0.813,10.59,3.112,819.39,16.8,16.239,18.061,16.028,0.0,34.5,43.1,43.7,13.57,519.11,637.87,-118.76,181.52,328.38,447.14,,N,,17.18,101010.78,100601.01,
016HI,2024-01-15T23:30:00Z,90990.0,21.289,79.11,0.967,47.26,2.053,814.26,16.844,16.222,18.072,16.061,0.0,34.5,43.1,43.7,13.57,515.11,634.1,-118.98,180.16,331.25,450.23,,NE,,17.5,100999.68,100569.57,
016HI,2024-01-15T23:35:00Z,90980.0,21.561,76.78,1.101,7.93,2.829,807.35,16.878,16.261,18.061,16.111,0.0,34.5,43.1,43.7,13.57,509.84,628.98,-119.14,178.37,330.89,450.03,,N,,17.29,100988.58,100549.33,
016HI,2024-01-15T23:40:00Z,90970.0,21.65,76.85,0.746,335.5,2.886,801.03,16.917,16.272,18.072,16.1,0.0,34.5,43.0,43.6,13.56,505.67,624.77,-119.1,176.26,332.07,451.17,,NNW,,17.39,100977.48,100535.26,
016HI,2024-01-15T23:45:00Z,90970.0,22.122,75.69,0.993,339.8,2.665,795.27,16.95,16.278,18.05,16.122,0.0,34.5,43.0,43.6,13.57,500.28,620.65,-120.37,174.62,332.17,452.54,,NNW,,17.61,100977.48,100519.33,
016HI,2024-01-15T23:50:00Z,90970.0,22.339,75.11,1.091,357.3,3.056,787.02,16.978,16.25,18.061,16.172,0.0,34.5,43.0,43.6,13.57,494.37,614.24,-119.87,172.78,,452.87,,N,,17.7,100977.48,100512.03,
016HI,2024-01-15T23:55:00Z,90980.0,22.15,75.06,1.281,352.4,3.498,779.15,17.017,16.278,18.072,16.228,0.0,34.5,43.0,43.6,13.58,490.33,609.25,-118.91,169.9,332.07,450.99,,N,,17.5,100988.58,100529.45,
016HI,2024-01-16T00:00:00Z,90960.0,21.672,76.52,1.78,351.6,3.941,772.52,17.067,16.289,18.061,16.222,0.0,34.4,43.0,43.6,13.58,485.9,603.43,-117.52,169.09,331.2,448.72,,N,,17.35,100966.38,100523.47,
016HI,2024-01-16T00:05:00Z,90960.0,21.65,76.67,1.281,356.2,4.054,764.18,17.122,16.289,18.061,16.272,0.0,34.4,43.0,43.6,13.58,477.31,595.83,-118.53,168.35,330.77,449.29,,N,,17.36,100966.38,100524.21,
016HI,2024-01-16T00:10:00Z,90960.0,21.611,77.84,1.363,5.24,3.611,754.04,17.172,16.311,18.061,16.328,0.0,34.4,43.0,43.6,13.58,469.27,587.96,-118.69,166.08,330.01,448.7,,N,,17.56,100966.38,100525.51,
016HI,2024-01-16T00:15:00Z,90960.0,21.939,77.21,0.658,19.59,2.279,743.1,17.217,16.3,18.05,16.372,0.0,34.4,43.0,43.6,13.57,459.32,578.23,-118.91,164.87,330.87,449.78,,NNE,,17.75,100966.38,100514.44,
016HI,2024-01-16T00:20:00Z,90970.0,21.811,75.67,1.091,352.8,3.442,733.06,17.25,16.311,18.039,16.389,0.0,34.4,43.0,43.6,13.57,454.87,571.4,-116.53,161.66,330.69,447.22,,N,,17.3,100977.48,100529.83,
016HI,2024-01-16T00:25:00Z,90970.0,21.4,77.76,1.194,331.6,3.056,723.12,17.3,16.3,18.05,16.439,0.0,34.4,43.0,43.6,13.57,446.67,563.84,-117.16,159.29,329.85,447.01,,NNW,,17.34,100977.48,100543.71,
016HI,2024-01-16T00:30:00Z,90970.0,21.289,77.82,0.911,2.81,3.112,712.22,17.339,16.322,18.05,16.439,0.0,34.4,43.0,43.6,13.57,438.49,554.27,-115.78,157.95,329.93,445.7,,N,,17.24,100977.48,100547.48,
016HI,2024-01-16T00:35:00Z,90970.0,21.739,78.16,0.602,57.73,1.667,701.64,17.361,16.322,18.061,16.5,0.0,34.4,43.0,43.6,13.57,428.36,544.61,-116.25,157.03,331.69,447.94,,ENE,,17.75,100977.48,100532.23,
016HI,2024-01-16T00:40:00Z,90970.0,21.778,77.07,1.317,335.6,3.112,689.09,17.383,16.328,18.072,16.539,0.0,34.4,43.0,43.6,13.57,419.81,535.64,-115.84,153.44,332.0,447.84,,NNW,,17.56,100977.48,100530.93,
016HI,2024-01-16T00:45:00Z,90970.0,21.639,76.67,0.972,351.8,2.721,675.96,17.411,16.35,18.061,16.572,0.0,34.4,43.0,43.6,13.58,409.29,525.58,-116.28,150.39,329.38,445.67,,N,,17.34,100977.48,100535.64,
016HI,2024-01-16T00:50:00Z,90970.0,21.622,77.1,0.679,317.9,1.831,662.12,17.444,16.361,18.072,16.561,0.0,34.4,43.0,43.6,13.58,398.05,514.47,-116.41,147.65,328.71,445.12,,NW,,17.42,100977.48,100536.2,
016HI,2024-01-16T00:55:00Z,90970.0,21.35,76.61,1.338,9.37,3.334,649.93,17.478,16.372,18.028,16.622,0.0,34.4,43.0,43.6,13.58,388.9,504.29,-115.4,145.63,327.67,443.06,,N,,17.05,100977.48,100545.43,
016HI,2024-01-16T01:00:00Z,90960.0,20.75,77.76,1.302,9.92,3.39,637.51,17.528,16.372,18.072,16.672,0.0,34.4,43.0,43.6,13.56,379.49,493.43,-113.94,144.08,326.18,440.12,,N,,16.71,100966.38,100554.74,
016HI,2024-01-16T01:05:00Z,90960.0,21.05,78.15,0.998,322.1,2.721,624.92,17.572,16.4,18.072,16.672,0.0,34.4,43.0,43.6,13.56,366.23,482.67,-116.44,142.25,326.09,442.52,,NW,,17.08,100966.38,100544.53,
016HI,2024-01-16T01:10:00Z,90960.0,20.928,77.62,1.096,354.1,3.164,610.19,17.606,16.389,18.072,16.728,0.0,34.4,43.0,43.6,13.56,355.3,470.6,-115.29,139.59,324.58,439.88,,N,,16.85,100966.38,100548.69,
016HI,2024-01-16T01:15:00Z,90960.0,20.65,78.43,1.116,5.37,3.164,594.59,17.644,16.422,18.072,16.75,0.0,34.4,43.0,43.6,13.56,342.94,457.81,-114.88,136.77,323.97,438.85,,N,,16.74,100966.38,100558.14,
016HI,2024-01-16T01:20:00Z,90960.0,20.739,79.09,1.152,10.06,3.555,579.48,17.678,16.428,18.05,16.778,0.0,34.4,43.0,43.6,13.57,329.45,444.05,-114.6,135.43,324.4,439.0,,N,,16.96,100966.38,100555.1,
016HI,2024-01-16T01:25:00Z,90960.0,21.178,78.38,1.497,356.5,4.445,564.9,17.706,16.411,18.072,16.811,0.0,34.4,43.0,43.6,13.55,317.62,431.28,-113.66,133.62,325.76,439.42,,N,,17.25,100966.38,100540.18,
016HI,2024-01-16T01:30:00Z,90970.0,21.172,78.52,1.291,346.6,4.445,549.08,17.728,16.45,18.072,16.839,0.0,34.4,43.0,43.6,13.57,306.89,420.5,-113.61,128.58,325.55,439.16,,NNW,,17.27,100977.48,100551.44,
016HI,2024-01-16T01:35:00Z,90970.0,21.011,78.49,1.343,359.0,4.388,530.97,17.744,16.461,18.061,16.872,0.0,34.4,43.0,43.6,13.57,295.37,407.2,-111.82,123.77,324.95,436.78,,N,,17.11,100977.48,100556.91,
016HI,2024-01-16T01:40:00Z,90970.0,20.828,79.34,1.07,356.0,4.666,514.0,17.767,16.478,18.039,16.911,0.0,34.4,43.0,43.6,13.57,282.23,393.85,-111.62,120.15,323.86,435.48,,N,,17.1,100977.48,100563.12,
016HI,2024-01-16T01:45:00Z,90970.0,20.489,79.05,1.698,357.6,4.167,497.46,17.789,16.5,18.061,16.961,0.0,34.4,43.0,43.6,13.57,271.98,381.4,-109.42,116.06,323.32,432.74,,N,,16.71,100977.48,100574.68,
016HI,2024-01-16T01:50:00Z,90970.0,20.439,79.98,1.281,349.7,3.39,481.51,17.833,16.489,18.061,16.972,0.0,34.4,43.0,43.6,13.57,258.44,368.04,-109.6,113.47,322.85,432.45,,N,,16.85,100977.48,100576.37,
016HI,2024-01-16T01:55:00Z,90970.0,20.472,80.0,1.523,330.7,5.0,463.43,17.861,16.5,18.061,16.989,0.0,34.4,43.0,43.6,13.58,245.18,354.14,-108.96,109.3,322.81,431.77,,NNW,,16.88,100977.48,100575.24,
016HI,2024-01-16T02:00:00Z,90970.0,20.528,80.3,1.019,6.08,2.721,445.51,17.878,16.511,18.061,17.022,0.0,34.4,43.0,43.6,13.58,231.63,339.81,-108.18,105.7,323.0,431.18,,N,,17.0,100977.48,100573.33,
016HI,2024-01-16T02:05:00Z,90990.0,20.628,79.29,1.266,5.37,3.776,426.63,17.889,16.528,18.061,17.028,0.0,34.4,43.0,43.6,13.58,218.97,325.22,-106.25,101.41,323.46,429.71,,N,,16.9,100999.68,100592.04,
016HI,2024-01-16T02:10:00Z,90990.0,20.272,80.6,0.823,7.19,2.5,407.68,17.911,16.55,18.061,17.072,0.0,34.4,43.0,43.6,13.58,206.58,311.42,-104.84,96.26,322.9,427.74,,N,,16.81,100999.68,100604.18,
016HI,2024-01-16T02:15:00Z,90990.0,20.228,79.86,1.605,354.0,3.334,388.92,17.928,16.561,18.061,17.128,0.0,34.4,43.0,43.6,13.58,193.4,297.66,-104.26,91.27,322.46,426.71,,N,,16.62,100999.68,100605.69,
016HI,2024-01-16T02:20:00Z,90990.0,19.95,80.8,0.864,18.74,2.222,370.1,17.956,16.578,18.072,17.128,0.0,34.4,43.0,43.6,13.58,189.6,291.13,-101.53,78.97,321.71,423.24,,NNE,,16.53,100999.68,100615.19,
016HI,2024-01-16T02:25:00Z,90990.0,20.011,80.8,0.911,331.0,2.109,351.34,17.983,16.6,18.05,17.161,0.0,34.4,43.0,43.6,13.58,198.22,296.29,-98.07,55.04,321.27,419.35,,NNW,,16.59,100999.68,100613.1,
016HI,2024-01-16T02:30:00Z,90990.0,19.878,81.2,1.096,1.1,,332.09,18.011,16.578,18.061,17.211,0.0,34.4,43.0,43.6,13.59,200.47,296.02,-95.55,36.08,319.92,415.47,,N,,16.54,100999.68,100617.65,
016HI,2024-01-16T02:35:00Z,91000.0,19.6,81.7,0.731,345.4,,262.48,18.056,16.6,18.028,17.211,0.0,34.4,43.0,43.6,13.46,146.15,238.64,-92.49,23.83,319.17,411.66,,NNW,,16.37,101010.78,100638.24,
016HI,2024-01-16T02:40:00Z,91000.0,19.389,82.9,0.905,7.29,2.778,59.7,18.083,16.628,18.061,17.25,0.0,34.4,43.0,43.5,13.34,-60.04,33.41,-93.46,26.28,318.03,411.48,,N,,16.39,101010.78,100645.48,
016HI,2024-01-16T02:45:00Z,91010.0,19.289,83.1,0.854,348.4,2.444,56.76,18.089,16.672,18.05,17.278,0.0,34.4,42.9,43.6,13.39,-63.78,29.04,-92.82,27.72,317.21,410.03,,NNW,,16.33,101021.88,100659.98,
016HI,2024-01-16T02:50:00Z,91010.0,19.228,83.6,0.967,358.0,2.109,164.9,18.078,16.672,18.028,17.3,0.0,34.4,42.9,43.6,13.36,54.26,144.28,-90.02,20.62,317.51,407.53,,N,,16.36,101021.88,100662.07,
016HI,2024-01-16T02:55:00Z,91010.0,19.15,83.8,1.183,350.8,3.277,58.78,18.067,16.678,18.039,17.322,0.0,34.4,42.9,43.6,13.31,-44.7,45.0,-89.71,13.78,317.0,406.71,,N,,16.33,101021.88,100664.76,
016HI,2024-01-16T03:00:00Z,91000.0,19.161,84.1,0.761,328.6,,35.36,18.05,16.689,18.072,17.322,0.0,34.4,42.9,43.6,13.25,-64.95,24.22,-89.18,11.14,316.1,405.27,,NNW,,16.39,101010.78,100653.31,
016HI,2024-01-16T03:05:00Z,91000.0,19.189,84.0,0.803,353.4,3.112,39.3,18.033,16.711,18.05,17.35,0.0,34.4,42.9,43.6,13.22,-58.56,29.23,-87.79,10.06,315.88,403.67,,N,,16.4,101010.78,100652.35,
016HI,2024-01-16T03:10:00Z,91000.0,19.239,83.6,0.674,296.6,2.053,31.05,18.006,16.722,18.022,17.389,0.0,34.4,42.9,43.5,13.2,-65.48,21.87,-87.35,9.18,315.37,402.72,,WNW,,16.38,101010.78,100650.63,
016HI,2024-01-16T03:15:00Z,91000.0,19.161,83.1,0.977,333.8,2.444,32.63,17.983,16.728,18.039,17.389,0.0,34.4,42.9,43.5,13.19,-62.67,24.72,-87.39,7.91,314.81,402.21,,NNW,,16.2,101010.78,100653.33,
016HI,2024-01-16T03:20:00Z,91000.0,19.072,83.3,0.818,288.6,2.109,28.94,17.961,16.75,18.039,17.422,0.0,34.4,42.9,43.5,13.17,-64.88,21.96,-86.85,6.97,314.22,401.06,,WNW,,16.16,101010.78,100656.39,
016HI,2024-01-16T03:25:00Z,91000.0,18.928,84.0,0.803,301.8,2.829,25.59,17.944,16.75,18.05,17.428,0.0,34.4,42.9,43.5,13.16,-67.12,18.99,-86.11,6.61,313.67,399.78,,WNW,,16.15,101010.78,100661.35,
016HI,2024-01-16T03:30:00Z,91000.0,18.761,83.7,1.168,292.2,2.387,25.77,17.939,16.778,18.022,17.45,0.0,34.4,42.9,43.5,13.15,-65.65,19.21,-84.86,6.56,313.47,398.33,,WNW,,15.93,101010.78,100667.12,
016HI,2024-01-16T03:35:00Z,91010.0,18.861,80.7,0.72,346.1,2.778,22.0,17.928,16.789,18.072,17.478,0.0,34.4,42.9,43.5,13.14,-69.1,14.72,-83.82,7.28,314.11,397.92,,NNW,,15.45,101021.88,100674.76,
016HI,2024-01-16T03:40:00Z,91010.0,18.922,81.4,0.803,349.6,2.387,32.71,17.922,16.8,18.039,17.478,0.0,34.4,42.9,43.5,13.14,-57.19,26.48,-83.67,6.23,313.23,396.9,,N,,15.65,101021.88,100672.65,
016HI,2024-01-16T03:45:00Z,91010.0,18.689,82.6,1.07,314.5,3.112,23.72,17.917,16.822,18.072,17.489,0.0,34.4,42.9,43.5,13.13,-66.3,18.43,-84.73,5.29,311.94,396.66,,NW,,15.65,101021.88,100680.68,
016HI,2024-01-16T03:50:00Z,91010.0,18.4,84.3,0.72,354.2,2.279,15.66,17.911,16.828,18.061,17.522,0.0,34.4,42.9,43.5,13.12,-72.96,11.56,-84.52,4.11,311.44,395.96,,N,,15.68,101021.88,100690.66,
016HI,2024-01-16T03:55:00Z,91020.0,18.078,85.2,1.049,117.8,2.387,9.04,17.906,16.85,18.039,17.522,0.0,34.4,42.9,43.5,13.07,-77.81,5.6,-83.41,3.44,310.79,394.19,,ESE,,15.54,101032.98,100712.88,
016HI,2024-01-16T04:00:00Z,91030.0,17.861,85.1,0.607,55.13,,5.39,17.928,16.828,18.028,17.489,0.0,34.4,42.9,43.5,13.03,-78.13,2.6,-80.73,2.79,312.38,393.11,,NE,,15.3,101044.08,100731.49,
016HI,2024-01-16T04:05:00Z,91030.0,17.572,84.9,0.468,53.03,1.667,0.32,17.928,16.872,18.039,17.561,0.0,34.4,42.9,43.5,13.09,-80.12,-0.7,-79.41,1.03,310.88,390.29,,NE,,14.98,101044.08,100741.55,
016HI,2024-01-16T04:10:00Z,91040.0,17.411,86.2,0.941,333.6,2.109,0.0,17.9,16.85,18.039,17.511,0.0,34.4,42.9,43.5,13.05,-83.78,-2.67,-81.11,1.13,309.01,390.12,,NNW,,15.06,101055.18,100758.22,
016HI,2024-01-16T04:15:00Z,91050.0,17.139,87.9,0.844,40.5,2.886,0.0,17.928,16.9,18.028,17.561,0.0,34.4,42.9,43.5,13.02,-84.77,-4.25,-80.52,0.71,309.53,390.04,,NE,,15.1,101066.28,100778.77,
016HI,2024-01-16T04:20:00Z,91070.0,16.822,88.4,0.751,140.0,1.497,0.0,17.922,16.922,18.05,17.561,0.0,34.4,42.9,43.5,13.04,-84.17,-5.21,-78.96,0.42,308.31,387.27,,SE,,14.88,101088.48,100812.0,
016HI,2024-01-16T04:25:00Z,91080.0,16.622,88.7,1.008,122.9,2.222,0.0,17.922,16.961,18.078,17.528,0.0,34.4,42.9,43.5,13.01,-82.96,-5.5,-77.45,0.43,309.0,386.45,,ESE,,14.73,101099.58,100830.08,
016HI,2024-01-16T04:30:00Z,91090.0,16.389,84.9,0.787,139.3,1.945,0.0,17.917,16.939,18.078,17.539,0.0,34.4,42.9,43.5,13.07,-81.54,-5.56,-75.98,0.05,307.38,383.36,,SE,,13.82,101110.68,100849.38,
016HI,2024-01-16T04:35:00Z,91090.0,15.928,81.8,0.288,99.9,1.276,0.0,17.9,16.972,18.039,17.561,0.0,34.4,42.9,43.5,13.08,-77.09,-5.64,-71.45,0.0,306.6,378.05,,E,,12.8,101110.68,100865.65,
016HI,2024-01-16T04:40:00Z,91110.0,15.378,82.0,1.055,141.1,2.886,0.0,17.917,16.95,18.028,17.528,0.0,34.4,42.9,43.5,13.08,-77.69,-5.04,-72.65,0.0,304.11,376.76,,SE,,12.29,101132.88,100907.24,
016HI,2024-01-16T04:45:00Z,91120.0,14.939,82.2,1.296,119.4,2.166,0.0,17.928,16.978,18.061,17.578,0.0,34.4,42.9,43.5,13.08,-77.46,-4.98,-72.48,0.0,302.51,374.99,,ESE,,11.9,101143.98,100933.89,
016HI,2024-01-16T04:50:00Z,91120.0,14.739,83.2,0.988,134.9,2.109,0.0,17.933,17.0,18.039,17.55,0.0,34.4,42.9,43.5,13.07,-76.96,-5.26,-71.7,0.02,301.59,373.29,,SE,,11.89,101143.98,100940.99,
016HI,2024-01-16T04:55:00Z,91120.0,14.678,82.9,1.379,119.3,2.557,0.0,17.922,17.011,18.078,17.55,0.0,34.4,42.9,43.5,13.07,-77.37,-4.94,-72.43,0.57,300.8,373.23,,ESE,,11.78,101143.98,100943.17,
016HI,2024-01-16T05:00:00Z,91130.0,14.539,82.8,0.926,130.0,1.888,0.0,17.906,17.011,18.028,17.539,0.0,34.4,42.9,43.5,13.07,-77.66,-5.28,-72.38,0.94,299.55,371.93,,SE,,11.62,101155.08,100959.2,
016HI,2024-01-16T05:05:00Z,91140.0,14.311,83.1,0.504,129.6,1.554,0.0,17.894,17.011,18.061,17.528,0.0,34.4,42.9,43.5,13.07,-78.1,-5.47,-72.64,0.75,297.41,370.05,,SE,,11.45,101166.18,100978.41,
016HI,2024-01-16T05:10:00Z,91160.0,14.561,89.3,0.231,325.4,0.89,0.0,17.883,17.022,18.022,17.572,0.0,34.4,42.9,43.5,13.02,-80.44,-5.85,-74.59,1.56,295.91,370.5,,NW,,12.8,101188.38,100991.59,
016HI,2024-01-16T05:15:00Z,91160.0,14.589,89.1,0.216,304.8,0.777,0.0,17.894,17.022,18.05,17.55,0.0,34.4,42.9,43.5,12.93,-78.76,-5.89,-72.87,2.13,297.67,370.54,,NW,,12.8,101188.38,100990.59,
016HI,2024-01-16T05:20:00Z,91170.0,14.6,81.1,0.021,357.7,0.72,0.0,17.906,17.022,18.039,17.55,0.0,34.4,42.9,43.5,12.97,-74.32,-5.95,-68.36,2.32,300.9,369.26,,N,,11.37,101199.48,101001.35,
016HI,2024-01-16T05:25:00Z,91170.0,14.6,77.73,0.108,271.7,0.941,0.0,17.856,17.072,18.028,17.522,0.0,34.4,42.9,43.5,13.04,-72.26,-5.64,-66.62,2.31,299.39,366.01,,W,,10.72,101199.48,101001.39,
016HI,2024-01-16T05:30:00Z,91180.0,15.239,40.18,1.039,157.4,3.555,0.0,17.817,17.039,18.039,17.528,0.0,34.4,42.9,43.5,13.05,-67.0,-5.6,-61.39,4.82,301.23,362.62,,SSE,,1.7,101210.58,100990.11,
016HI,2024-01-16T05:35:00Z,91180.0,18.139,25.27,2.099,154.4,3.889,1.67,17.783,17.078,18.039,17.511,0.0,34.4,42.9,43.5,13.05,-71.16,-6.16,-65.0,7.82,301.64,366.64,,SSE,,-2.13,101210.58,100888.5,
016HI,2024-01-16T05:40:00Z,91190.0,19.372,24.15,2.418,152.7,5.0,0.0,17.706,17.061,18.05,17.511,0.0,34.4,42.9,43.5,13.05,-73.08,-5.59,-67.49,5.17,304.69,372.18,,SSE,,-1.69,101221.68,100856.95,
016HI,2024-01-16T05:45:00Z,91200.0,19.622,26.29,2.67,147.9,4.609,0.0,17.628,17.128,18.039,17.511,0.0,34.4,42.9,43.5,13.05,-75.27,-5.42,-69.85,2.98,307.67,377.52,,SSE,,-0.32,101232.78,100859.38,
016HI,2024-01-16T05:50:00Z,91200.0,20.1,29.95,2.937,149.0,5.278,0.0,17.567,17.1,18.028,17.461,0.0,34.4,42.9,43.5,13.05,-77.6,-5.28,-72.32,2.43,311.62,383.94,,SSE,,1.9,101232.78,100842.93,
016HI,2024-01-16T05:55:00Z,91200.0,20.25,35.44,2.86,149.3,5.443,0.0,17.511,17.128,18.039,17.511,0.0,34.4,42.9,43.5,13.04,-80.57,-5.29,-75.28,1.67,313.97,389.25,,SSE,,4.41,101232.78,100837.72,
016HI,2024-01-16T06:00:00Z,91200.0,20.25,36.9,2.691,150.6,4.496,0.0,17.467,17.111,18.039,17.478,0.0,34.4,42.9,43.4,13.04,-81.32,-5.28,-76.04,0.91,314.36,390.4,,SSE,,4.99,101232.78,100837.7,
016HI,2024-01-16T06:05:00Z,91220.0,19.961,39.35,1.6,163.4,3.833,0.0,17.444,17.089,18.039,17.511,0.0,34.4,42.9,43.5,13.04,-77.76,-5.02,-72.74,0.0,315.85,388.59,,SSE,,5.66,101254.98,100869.69,
016HI,2024-01-16T06:10:00Z,91200.0,19.828,49.09,2.114,161.8,5.721,0.0,17.439,17.122,18.028,17.472,0.0,34.4,42.9,43.5,13.04,-79.59,-4.85,-74.73,0.21,317.91,392.64,,SSE,,8.78,101232.78,100852.01,
016HI,2024-01-16T06:15:00Z,91180.0,19.85,57.94,2.768,157.9,5.664,0.0,17.428,17.139,18.039,17.45,0.0,34.4,42.9,43.5,13.04,-82.32,-5.0,-77.32,0.84,318.82,396.13,,SSE,,11.29,101210.58,100829.02,
016HI,2024-01-16T06:20:00Z,91180.0,19.95,59.19,3.056,149.3,5.721,0.0,17.417,17.15,18.05,17.461,0.0,34.4,42.9,43.5,13.04,-84.97,-5.18,-79.78,1.15,318.49,398.27,,SSE,,11.7,101210.58,100825.58,
016HI,2024-01-16T06:25:00Z,91170.0,19.739,60.72,1.945,167.0,4.167,0.0,17.406,17.122,18.028,17.4,0.0,34.4,42.9,43.5,13.03,-85.75,-5.24,-80.51,0.25,315.64,396.15,,SSE,,11.89,101199.48,100821.74,
016HI,2024-01-16T06:30:00Z,91170.0,19.022,65.87,0.993,244.0,1.888,0.0,17.411,17.161,18.039,17.439,0.0,34.4,42.9,43.5,13.03,-84.38,-5.52,-78.86,0.0,311.37,390.23,,WSW,,12.46,101199.48,100846.37,
016HI,2024-01-16T06:35:00Z,91180.0,18.561,67.36,1.713,158.2,4.553,0.0,17.439,17.161,18.011,17.422,0.0,34.4,42.9,43.4,13.03,-80.74,-5.48,-75.26,0.0,315.22,390.48,,SSE,,12.36,101210.58,100873.36,
016HI,2024-01-16T06:40:00Z,91170.0,19.6,56.66,2.948,152.6,5.222,0.0,17.444,17.161,18.028,17.4,0.0,34.4,42.9,43.4,13.03,-84.99,-5.62,-79.37,3.18,317.35,396.71,,SSE,,10.71,101199.48,100826.57,
016HI,2024-01-16T06:45:00Z,91190.0,20.0,56.16,2.943,150.2,5.607,0.0,17.417,17.172,18.039,17.389,0.0,34.4,42.9,43.4,13.03,-85.77,-5.57,-80.2,2.29,317.94,398.14,,SSE,,10.95,101221.68,100834.96,
016HI,2024-01-16T06:50:00Z,91180.0,19.961,59.43,2.094,163.8,7.274,0.0,17.394,17.172,18.039,17.372,0.0,34.4,42.9,43.4,13.03,-86.4,-5.37,-81.03,1.07,317.71,398.74,,SSE,,11.78,101210.58,100825.19,
016HI,2024-01-16T06:55:00Z,91170.0,19.55,61.65,0.576,270.1,1.446,0.0,17.389,17.178,18.039,17.322,0.0,34.4,42.9,43.4,13.03,-81.89,-5.89,,0.0,314.51,390.51,,W,,11.95,101199.48,100828.23,
016HI,2024-01-16T07:00:00Z,91170.0,18.561,67.7,1.343,269.5,2.444,0.0,17.411,17.189,18.022,17.361,0.0,34.4,42.9,43.4,13.03,-80.69,-5.29,-75.4,0.0,309.87,385.27,,W,,12.44,101199.48,100862.3,
016HI,2024-01-16T07:05:00Z,91170.0,17.822,73.33,0.514,270.3,1.61,0.0,17.461,17.172,18.028,17.339,0.0,34.4,42.9,43.4,13.02,-80.83,-5.65,-75.18,0.0,307.96,383.14,,W,,12.95,101199.48,100887.9,
016HI,2024-01-16T07:10:00Z,91180.0,17.539,75.21,0.489,201.5,2.5,0.0,17.5,17.211,18.028,17.322,0.0,34.4,42.9,43.4,13.02,-82.8,-5.83,-76.97,0.18,308.38,385.35,,SSW,,13.07,101210.58,100908.82,
016HI,2024-01-16T07:15:00Z,91190.0,17.7,73.56,0.761,187.5,2.778,0.0,17.511,17.222,18.039,17.322,0.0,34.4,42.9,43.4,13.02,-83.46,-5.45,-78.01,1.91,310.76,388.77,,S,,12.88,101221.68,100914.29,
016HI,2024-01-16T07:20:00Z,91170.0,17.889,72.99,0.962,251.7,4.275,0.0,17.494,17.178,18.022,17.278,0.0,34.4,42.9,43.4,13.02,-85.46,-5.66,-79.79,2.0,309.56,389.36,,WSW,,12.95,101199.48,100885.57,
016HI,2024-01-16T07:25:00Z,91200.0,17.939,75.06,1.909,181.6,5.222,0.0,17.472,17.189,18.022,17.289,0.0,34.4,42.9,43.4,13.02,-81.03,-5.32,-75.72,1.96,316.47,392.18,,S,,13.43,101232.78,100917.01,
016HI,2024-01-16T07:30:00Z,91190.0,18.272,75.17,2.083,169.8,6.22,0.0,17.433,17.2,18.028,17.278,0.0,34.4,42.9,43.4,13.02,-81.19,-4.97,-76.23,2.22,318.73,394.96,,S,,13.77,101221.68,100894.36,
016HI,2024-01-16T07:35:00Z,91180.0,18.311,75.01,1.507,193.2,5.386,0.0,17.4,17.189,18.022,17.239,0.0,34.4,42.9,43.4,13.02,-82.08,-5.12,-76.95,1.65,318.54,395.49,,SSW,,13.77,101210.58,100881.94,
016HI,2024-01-16T07:40:00Z,91190.0,18.789,72.25,4.944,152.4,9.769,0.0,17.372,17.161,18.022,17.25,0.0,34.4,42.9,43.4,13.02,-80.18,-4.89,-75.28,2.31,323.67,398.95,,SSE,,13.66,101221.68,100876.47,
016HI,2024-01-16T07:45:00Z,91210.0,18.928,73.42,4.044,153.7,6.719,0.0,17.339,17.189,18.022,17.261,0.0,34.4,42.9,43.4,13.02,-79.14,-4.51,-74.63,1.21,325.12,399.75,,SSE,,14.04,101243.88,100893.77,
016HI,2024-01-16T07:50:00Z,91210.0,18.828,74.77,3.905,150.6,7.11,0.0,17.317,17.178,18.05,17.239,0.0,34.4,42.9,43.4,13.01,-69.12,-3.93,-65.18,0.63,335.25,400.43,,SSE,,14.23,101243.88,100897.22,
016HI,2024-01-16T07:55:00Z,91230.0,18.839,74.63,3.087,158.0,5.278,0.0,17.306,17.222,18.022,17.211,0.0,34.3,42.8,43.4,13.01,-45.38,-3.35,-42.04,0.61,358.71,400.74,,SSE,,14.21,101266.08,100918.96,
016HI,2024-01-16T08:00:00Z,91230.0,18.8,76.83,3.292,154.8,7.665,0.0,17.294,17.2,18.039,17.222,0.0,34.3,42.8,43.4,13.01,-20.57,-1.46,-19.11,0.28,384.12,403.24,,SSE,,14.62,101266.08,100920.29,
016HI,2024-01-16T08:05:00Z,91230.0,18.8,77.37,3.545,152.4,5.499,0.0,17.283,17.211,18.039,17.178,0.0,34.3,42.8,43.4,13.01,-18.79,-1.14,-17.65,0.25,386.77,404.42,,SSE,,14.73,101266.08,100920.28,
016HI,2024-01-16T08:10:00Z,91220.0,18.672,77.46,2.15,156.7,5.0,0.0,17.272,17.228,18.039,17.211,0.0,34.3,42.8,43.4,13.01,-40.79,-2.48,-38.3,0.0,363.78,402.09,,SSE,,14.62,101254.98,100913.65,
016HI,2024-01-16T08:15:00Z,91220.0,18.628,77.07,2.706,154.9,6.94,0.0,17.278,17.2,18.022,17.172,0.0,34.3,42.8,43.4,13.01,-34.38,-2.42,-31.96,0.27,370.1,402.06,,SSE,,14.5,101254.98,100915.18,
016HI,2024-01-16T08:20:00Z,91220.0,18.622,76.72,2.222,160.3,5.278,0.0,17.278,17.222,18.022,17.161,0.0,34.3,42.8,43.4,13.01,-36.67,-2.11,-34.56,0.29,367.43,401.99,,SSE,,14.43,101254.98,100915.39,
016HI,2024-01-16T08:25:00Z,91210.0,18.689,75.43,2.598,155.8,5.829,0.0,17.278,17.222,18.028,17.15,0.0,34.3,42.8,43.4,13.01,-45.57,-2.49,-43.08,0.56,358.83,401.91,,SSE,,14.23,101243.88,100902.02,
016HI,2024-01-16T08:30:00Z,91210.0,18.628,75.76,2.135,153.4,5.108,0.0,17.283,17.25,18.022,17.15,0.0,34.3,42.8,43.4,13.01,-64.24,-3.65,-60.59,0.33,338.74,399.32,,SSE,,14.24,101243.88,100904.13,
016HI,2024-01-16T08:35:00Z,91210.0,18.678,74.84,2.5,165.9,5.551,0.0,17.289,17.211,18.011,17.128,0.0,34.3,42.8,43.4,13.01,-36.46,-2.65,-33.81,0.75,367.68,401.49,,SSE,,14.1,101243.88,100902.41,
016HI,2024-01-16T08:40:00Z,91200.0,18.739,75.42,3.112,157.3,7.609,0.0,17.294,17.222,18.039,17.15,0.0,34.3,42.8,43.4,13.01,-74.1,-3.97,-70.13,0.73,330.58,400.71,,SSE,,14.27,101232.78,100889.23,
016HI,2024-01-16T08:45:00Z,91190.0,18.961,73.48,3.647,152.1,7.495,0.0,17.289,17.25,18.039,17.139,0.0,34.3,42.8,43.4,13.01,-68.61,-4.2,-64.41,1.23,337.03,401.44,,SSE,,14.08,101221.68,100870.51,
016HI,2024-01-16T08:50:00Z,91170.0,18.839,76.01,1.003,184.2,4.11,0.0,17.289,17.2,18.039,17.122,0.0,34.3,42.8,43.4,13.0,-42.03,-7.05,-34.99,0.85,364.86,399.85,,S,,14.49,101199.48,100852.57,
016HI,2024-01-16T08:55:00Z,91160.0,18.572,77.43,0.905,165.7,3.833,0.0,17.294,17.189,18.028,17.128,0.0,34.3,42.8,43.4,13.0,-48.61,-6.93,-41.68,0.65,355.56,397.23,,SSE,,14.52,101188.38,100850.74,
016HI,2024-01-16T09:00:00Z,91160.0,18.522,79.16,1.152,158.9,3.22,0.0,17.306,17.211,18.022,17.128,0.0,34.3,42.8,43.4,13.0,-54.68,-7.7,-46.98,1.37,350.04,397.02,,SSE,,14.82,101188.38,100852.45,
016HI,2024-01-16T09:05:00Z,91150.0,18.5,80.2,2.706,160.9,8.72,0.0,17.311,17.161,18.028,17.122,0.0,34.3,42.8,43.4,13.0,-65.95,-10.69,-55.26,2.24,342.42,397.69,,SSE,,15.0,101177.28,100842.13,
016HI,2024-01-16T09:10:00Z,91160.0,18.772,79.29,3.375,154.3,5.998,0.0,17.306,17.178,18.022,17.122,0.0,34.3,42.8,43.4,13.0,-71.38,-9.76,-61.62,2.7,337.44,399.06,,SSE,,15.09,101188.38,100843.79,
016HI,2024-01-16T09:15:00Z,91170.0,18.711,80.5,2.006,170.2,5.386,0.0,17.294,17.189,18.039,17.111,0.0,34.3,42.8,43.4,13.0,-65.71,-7.22,-58.49,1.72,340.84,399.34,,S,,15.26,101199.48,100856.95,
016HI,2024-01-16T09:20:00Z,91170.0,18.639,81.6,2.186,164.8,6.554,0.0,17.289,17.211,18.022,17.111,0.0,34.3,42.8,43.4,13.0,-31.84,-4.37,-27.47,1.18,373.73,401.2,,SSE,,15.41,101199.48,100859.43,
016HI,2024-01-16T09:25:00Z,91170.0,18.561,82.5,2.14,161.8,5.942,0.0,17.278,17.211,18.028,17.1,0.0,34.3,42.8,43.3,13.0,-38.81,-4.63,-34.18,1.04,366.74,400.92,,SSE,,15.5,101199.48,100862.12,
016HI,2024-01-16T09:30:00Z,91150.0,18.628,82.2,2.727,159.3,6.055,0.0,17.267,17.189,18.011,17.1,0.0,34.3,42.8,43.4,13.0,-26.34,-5.48,-20.86,1.54,381.17,402.03,,SSE,,15.51,101177.28,100837.68,
016HI,2024-01-16T09:35:00Z,91160.0,18.789,82.5,3.472,154.7,6.333,0.0,17.256,17.189,18.028,17.089,0.0,34.3,42.8,43.4,13.0,-23.46,-6.57,-16.89,2.12,386.5,403.39,,SSE,,15.73,101188.38,100843.16,
016HI,2024-01-16T09:40:00Z,91160.0,18.711,82.5,3.282,153.6,5.942,0.0,17.244,17.189,18.039,17.089,0.0,34.3,42.8,43.4,13.0,-50.48,-8.83,-41.65,2.36,360.4,402.05,,SSE,,15.65,101188.38,100845.86,
016HI,2024-01-16T09:45:00Z,91160.0,18.561,82.1,2.835,154.9,5.278,0.0,17.239,17.161,18.022,17.078,0.0,34.3,42.8,43.4,13.0,-65.05,-9.09,-55.96,2.04,343.94,399.89,,SSE,,15.43,101188.38,100851.06,
016HI,2024-01-16T09:50:00Z,91160.0,18.589,81.6,1.245,164.8,4.887,0.0,17.239,17.211,18.028,17.1,0.0,34.3,42.8,43.4,13.0,-64.33,-7.63,-56.7,1.58,342.16,398.86,,SSE,,15.36,101188.38,100850.1,
016HI,2024-01-16T09:55:00Z,91140.0,18.3,82.9,0.494,251.7,1.667,0.0,17.244,17.189,18.011,17.111,0.0,34.3,42.8,43.4,13.0,-52.43,-5.91,-46.52,0.6,349.2,395.73,,WSW,,15.32,101166.18,100837.98,
