# STATION: 017HI
# STATION NAME: Piiholo
# LATITUDE: 20.8415
# LONGITUDE: -156.2948
# ELEVATION [ft]: 2090.0
# STATE: HI
Station_ID,Date_Time,pressure_set_1,air_temp_set_1,relative_humidity_set_1,wind_speed_set_1,wind_direction_set_1,wind_gust_set_1,solar_radiation_set_1,soil_temp_set_1,soil_temp_set_2,soil_temp_set_3,soil_temp_set_4,precip_accum_five_minute_set_1,soil_moisture_set_1,soil_moisture_set_2,soil_moisture_set_3,volt_set_1,net_radiation_set_1,net_radiation_sw_set_1,net_radiation_lw_set_1,outgoing_radiation_sw_set_1,incoming_radiation_lw_set_1,outgoing_radiation_lw_set_1,wind_chill_set_1d,wind_cardinal_direction_set_1d,heat_index_set_1d,dew_point_temperature_set_1d,altimeter_set_1d,sea_level_pressure_set_1d,wet_bulb_temperature_set_1d
,,Pascals,Celsius,%,m/s,Degrees,m/s,W/m**2,Celsius,Celsius,Celsius,Celsius,Millimeters,%,%,%,volts,W/m**2,W/m**2,W/m**2,W/m**2,W/m**2,W/m**2,Celsius,code,Celsius,Celsius,Pascals,Pascals,Celsius
017HI,2024-01-15T10:05:00Z,93890.0,13.139,95.3,1.466,146.1,1.888,0.0,,18.75,19.072,18.628,0.0,45.7,48.6,45.1,12.98,-54.57,-4.13,-50.44,0.33,323.32,373.77,,SE,,12.4,101315.74,101249.69,
017HI,2024-01-15T10:10:00Z,93890.0,12.961,95.3,1.554,156.9,,0.0,,18.778,19.022,18.611,0.0,45.7,48.6,45.1,12.98,-47.74,-3.63,-44.11,0.28,329.81,373.92,,SSE,,12.22,101315.74,101254.42,
017HI,2024-01-15T10:15:00Z,93890.0,12.9,95.7,1.831,160.6,2.387,0.0,,18.75,19.061,18.589,0.0,45.7,48.6,45.1,12.98,-18.65,-1.81,-16.85,0.24,359.75,376.6,,SSE,,12.22,101315.74,101256.03,
017HI,2024-01-15T10:20:00Z,93880.0,13.039,96.2,1.276,152.6,1.667,0.0,,18.739,19.039,18.572,0.0,45.7,48.6,45.1,12.98,-30.65,-1.22,-29.43,0.68,348.9,378.33,,SSE,,12.44,101304.95,101241.55,
017HI,2024-01-15T10:25:00Z,93870.0,13.05,96.0,1.374,144.2,1.945,0.0,,18.739,19.061,18.561,0.0,45.7,48.6,45.1,12.97,-59.47,-3.53,-55.93,0.53,318.92,374.85,,SE,,12.42,101294.16,101230.48,
017HI,2024-01-15T10:30:00Z,93880.0,13.011,95.8,1.569,156.8,,0.0,,18.728,19.05,18.572,0.0,45.7,48.6,45.1,12.98,-61.48,-3.81,-57.67,0.44,315.95,373.62,,SSE,,12.35,101304.95,101242.3,
017HI,2024-01-15T10:35:00Z,93870.0,12.889,95.7,1.41,144.5,1.888,0.0,,18.739,19.061,18.55,0.0,45.7,48.6,45.1,12.97,-63.9,-4.03,-59.87,0.41,312.65,372.52,,SE,,12.21,101294.16,101234.76,
017HI,2024-01-15T10:40:00Z,93870.0,12.678,95.5,1.317,143.9,1.831,0.0,,18.722,19.05,18.539,0.0,45.7,48.6,45.1,12.97,-65.06,-4.36,-60.7,0.34,310.11,370.82,,SE,,11.97,101294.16,101240.37,
017HI,2024-01-15T10:45:00Z,93880.0,12.511,95.6,1.657,152.1,,0.0,,18.722,19.061,18.511,0.0,45.7,48.6,45.1,12.97,-63.64,-4.1,-59.54,0.3,310.96,370.5,,SSE,,11.82,101304.95,101255.6,
017HI,2024-01-15T10:50:00Z,93870.0,12.4,95.7,1.729,150.3,2.222,0.0,,18.689,19.061,18.522,0.0,45.7,48.6,45.1,12.97,-54.26,-3.56,-50.7,0.37,320.27,370.98,,SSE,,11.73,101294.16,101247.78,
017HI,2024-01-15T10:55:00Z,93870.0,12.372,95.9,1.857,157.0,2.33,0.0,,18.7,19.05,18.5,0.0,45.7,48.6,45.1,12.97,-49.98,-3.12,-46.86,0.56,325.07,371.92,,SSE,,11.73,101294.16,101248.52,
017HI,2024-01-15T11:00:00Z,93870.0,12.389,96.0,1.837,156.9,2.222,0.0,,18.7,19.05,18.472,0.0,45.7,48.6,45.1,12.96,-43.31,-2.7,-40.62,0.67,332.24,372.86,,SSE,,11.76,101294.16,101248.07,
017HI,2024-01-15T11:05:00Z,93870.0,12.422,95.9,1.739,155.6,2.109,0.0,,18.689,19.061,18.45,0.0,45.7,48.6,45.1,12.96,-56.98,-3.2,-53.78,0.65,318.27,372.05,,SSE,,11.78,101294.16,101247.19,
017HI,2024-01-15T11:10:00Z,93860.0,12.411,95.8,1.852,156.6,2.387,0.0,,18.689,19.05,18.428,0.0,45.7,48.6,45.1,12.96,-64.83,-3.8,-61.03,0.63,309.84,370.87,,SSE,,11.75,101283.36,101236.7,
017HI,2024-01-15T11:15:00Z,93850.0,12.428,95.8,1.857,153.7,2.166,0.0,,18.661,19.072,18.428,0.0,45.6,48.6,45.1,12.96,-65.06,-3.9,-61.16,0.62,309.3,370.46,,SSE,,11.77,101272.57,101225.46,
017HI,2024-01-15T11:20:00Z,93840.0,12.372,95.6,1.723,152.4,2.166,0.0,,18.639,19.072,18.411,0.0,45.6,48.6,45.1,12.96,-66.28,-4.12,-62.16,0.44,307.37,369.53,,SSE,,11.68,101261.78,101216.17,
017HI,2024-01-15T11:25:00Z,93840.0,12.311,95.7,1.842,157.6,2.279,0.0,,18.65,19.061,18.389,0.0,45.6,48.6,45.1,12.95,-66.54,-4.12,-62.42,0.48,306.74,369.16,,SSE,,11.64,101261.78,101217.79,
017HI,2024-01-15T11:30:00Z,93830.0,12.261,95.6,1.939,155.6,2.387,0.0,,18.65,19.05,18.361,0.0,45.6,48.6,45.1,12.95,-67.05,-4.17,-62.88,0.57,306.06,368.94,,SSE,,11.57,101250.99,101208.34,
017HI,2024-01-15T11:35:00Z,93820.0,12.028,95.1,2.078,154.6,2.387,0.0,,18.628,19.061,18.372,0.0,45.6,48.6,45.1,12.95,-67.88,-4.28,-63.61,0.36,304.69,368.29,,SSE,,11.26,101240.2,101203.78,
017HI,2024-01-15T11:40:00Z,93810.0,11.761,94.5,1.909,155.9,2.279,0.0,,18.611,19.061,18.339,0.0,45.6,48.6,45.1,12.95,-67.96,-4.25,-63.71,0.3,303.29,367.0,,SSE,,10.9,101229.41,101200.14,
017HI,2024-01-15T11:45:00Z,93810.0,11.522,93.9,2.114,150.2,2.5,0.0,,18.622,19.039,18.322,0.0,45.6,48.6,45.1,12.95,-67.65,-4.21,-63.44,0.32,302.54,365.98,,SSE,,10.56,101229.41,101206.55,
017HI,2024-01-15T11:50:00Z,93810.0,11.439,93.6,1.734,145.7,2.33,0.0,,18.611,19.039,18.322,0.0,45.6,48.5,45.1,12.94,-67.45,-4.31,-63.13,0.48,302.08,365.21,,SE,,10.43,101229.41,101208.78,
017HI,2024-01-15T11:55:00Z,93820.0,11.389,93.5,1.096,140.2,1.723,0.0,,18.6,19.061,18.3,0.0,45.6,48.5,45.1,12.94,-65.58,-4.43,-61.16,0.24,302.22,363.38,,SE,,10.37,101240.2,101220.91,
017HI,2024-01-15T12:00:00Z,93820.0,11.322,93.5,1.97,152.5,2.5,0.0,,18.572,19.022,18.272,0.0,45.6,48.5,45.1,12.94,-64.2,-3.91,-60.29,0.57,303.25,363.54,,SSE,,10.3,101240.2,101222.71,
017HI,2024-01-15T12:05:00Z,93820.0,11.339,93.6,2.161,153.0,2.557,0.0,,18.572,19.05,18.261,0.0,45.6,48.5,45.1,12.94,-65.22,-3.99,-61.23,0.79,303.38,364.61,,SSE,,10.33,101240.2,101222.25,
017HI,2024-01-15T12:10:00Z,93820.0,11.4,93.7,1.852,145.0,2.444,0.0,,18.572,19.05,18.261,0.0,45.6,48.5,45.1,12.94,-64.92,-4.14,-60.79,0.75,303.94,364.72,,SE,,10.41,101240.2,101220.61,
017HI,2024-01-15T12:15:00Z,93830.0,11.422,93.8,2.114,147.7,2.608,0.0,,18.55,19.022,18.239,0.0,45.6,48.5,45.1,12.94,-65.14,-4.03,-61.11,0.96,304.05,365.16,,SSE,,10.45,101250.99,101230.81,
017HI,2024-01-15T12:20:00Z,93830.0,11.55,93.7,1.657,142.6,,0.0,,18.55,19.061,18.211,0.0,45.6,48.5,45.1,12.93,-64.89,-4.09,,0.95,304.16,364.96,,SE,,10.56,101250.99,101227.37,
017HI,2024-01-15T12:25:00Z,93830.0,11.578,93.1,2.135,149.3,2.5,0.0,,18.539,19.05,18.211,0.0,45.6,48.5,45.1,12.93,-64.49,-3.75,-60.74,0.9,304.67,365.41,,SSE,,10.49,101250.99,101226.63,
017HI,2024-01-15T12:30:00Z,93830.0,11.561,92.3,2.017,147.0,2.387,0.0,,18.522,19.022,18.161,0.0,45.6,48.5,45.1,12.93,-64.62,-3.85,-60.77,0.59,304.39,365.16,,SSE,,10.34,101250.99,101227.09,
017HI,2024-01-15T12:35:00Z,93830.0,11.428,92.0,2.161,149.9,2.665,0.0,,18.511,19.05,18.15,0.0,45.6,48.5,45.1,12.93,-63.73,-3.83,-59.9,0.32,304.91,364.81,,SSE,,10.16,101250.99,101230.66,
017HI,2024-01-15T12:40:00Z,93830.0,11.411,92.4,2.083,148.5,2.5,0.0,,18.489,19.039,18.139,0.0,45.6,48.5,45.1,12.93,-63.17,-3.79,-59.38,0.38,305.33,364.71,,SSE,,10.21,101250.99,101231.11,
017HI,2024-01-15T12:45:00Z,93810.0,11.428,92.7,2.006,146.6,2.444,0.0,,18.489,19.039,18.139,0.0,45.6,48.5,45.1,12.93,-63.44,-3.69,-59.75,0.55,304.98,364.73,,SSE,,10.27,101229.41,101209.08,
017HI,2024-01-15T12:50:00Z,93800.0,11.378,92.7,2.418,150.6,3.112,0.0,,18.478,19.1,18.1,0.0,45.6,48.5,45.1,12.92,-64.26,-3.88,-60.38,0.53,304.29,364.67,,SSE,,10.23,101218.62,101199.63,
017HI,2024-01-15T12:55:00Z,93790.0,11.45,93.2,2.505,152.8,2.778,0.0,,18.478,19.05,18.089,0.0,45.6,48.5,45.1,12.92,-64.77,-3.91,-60.86,1.1,304.37,365.24,,SSE,,10.38,101207.83,101186.91,
017HI,2024-01-15T13:00:00Z,93790.0,11.45,93.0,2.12,147.3,2.444,0.0,,18.439,19.028,18.061,0.0,45.6,48.5,45.1,12.92,-65.31,-3.98,-61.33,0.55,303.76,365.09,,SSE,,10.35,101207.83,101186.91,
017HI,2024-01-15T13:05:00Z,93790.0,11.45,93.4,2.14,145.5,2.5,0.0,,18.461,19.05,18.061,0.0,45.6,48.5,45.1,12.92,-65.06,-3.99,-61.07,0.57,303.89,364.96,,SE,,10.41,101207.83,101186.9,
017HI,2024-01-15T13:10:00Z,93790.0,11.478,93.7,2.078,142.1,2.444,0.0,,18.428,19.039,18.022,0.0,45.6,48.5,45.1,12.92,-65.33,-3.97,-61.36,0.64,303.78,365.14,,SE,,10.49,101207.83,101186.15,
017HI,2024-01-15T13:15:00Z,93790.0,11.511,93.6,2.207,142.3,2.557,0.0,,18.378,19.05,18.039,0.0,45.6,48.5,45.1,12.91,-65.77,-4.05,-61.73,0.72,303.45,365.18,,SE,,10.5,101207.83,101185.27,
017HI,2024-01-15T13:20:00Z,93780.0,11.5,93.5,2.125,138.9,2.608,0.0,,18.372,19.039,18.011,0.0,45.6,48.5,45.1,12.9,-66.04,-4.05,-61.99,0.52,302.94,364.93,,SE,,10.48,101197.04,101174.77,
017HI,2024-01-15T13:25:00Z,93780.0,11.472,93.6,1.842,144.6,2.166,0.0,,18.4,19.05,18.0,0.0,45.6,48.5,45.1,12.91,-65.75,-4.16,-61.58,0.52,302.91,364.5,,SE,,10.46,101197.04,101175.52,
017HI,2024-01-15T13:30:00Z,93790.0,11.461,93.7,1.929,147.6,2.279,0.0,,18.389,19.061,17.961,0.0,45.6,48.5,45.1,12.91,-65.7,-4.1,-61.6,0.84,302.81,364.41,,SSE,,10.47,101207.83,101186.61,
017HI,2024-01-15T13:35:00Z,93790.0,11.428,93.7,2.156,142.9,2.444,0.0,,18.361,19.061,17.928,0.0,45.6,48.5,45.1,12.91,-64.86,-4.0,-60.85,0.63,303.63,364.48,,SE,,10.44,101207.83,101187.49,
017HI,2024-01-15T13:40:00Z,93800.0,11.511,93.7,2.001,147.0,2.279,0.0,,18.361,19.028,17.911,0.0,45.6,48.5,45.1,12.9,-65.27,-4.0,-61.27,0.8,303.37,364.64,,SSE,,10.52,101218.62,101196.05,
017HI,2024-01-15T13:45:00Z,93790.0,11.428,93.2,1.801,143.0,2.33,0.0,,18.339,19.039,17.911,0.0,45.6,48.5,45.1,12.91,-65.46,-4.07,-61.39,0.46,302.69,364.09,,SE,,10.36,101207.83,101187.5,
017HI,2024-01-15T13:50:00Z,93790.0,11.278,93.3,2.31,150.7,2.721,0.0,,18.328,19.061,17.9,0.0,45.6,48.5,45.1,12.9,-65.2,-4.0,-61.2,0.28,302.64,363.84,,SSE,,10.22,101207.83,101191.52,
017HI,2024-01-15T13:55:00Z,93790.0,11.272,93.8,2.145,145.2,2.778,0.0,,18.339,19.061,17.9,0.0,45.6,48.5,45.1,12.89,-64.94,-3.94,-61.0,0.61,303.11,364.12,,SE,,10.3,101207.83,101191.68,
017HI,2024-01-15T14:00:00Z,93800.0,11.272,93.8,2.181,149.1,2.608,0.0,,18.322,19.05,17.872,0.0,45.5,48.5,45.1,12.9,-64.58,-3.96,-60.62,0.69,303.08,,,SSE,,10.3,101218.62,101202.47,
017HI,2024-01-15T14:05:00Z,93790.0,11.311,93.9,2.423,149.2,2.721,0.0,,18.311,19.061,17.828,0.0,45.5,48.5,45.1,12.88,-65.01,-3.86,-61.14,0.75,303.27,364.41,,SSE,,10.35,101207.83,101190.63,
017HI,2024-01-15T14:10:00Z,93790.0,11.4,93.9,2.469,149.3,2.778,0.0,,18.322,19.05,17.828,0.0,45.5,48.5,45.1,12.9,-65.11,-3.82,-61.29,0.8,303.44,364.73,,SSE,,10.44,101207.83,101188.24,
017HI,2024-01-15T14:15:00Z,93780.0,11.45,93.8,2.33,148.5,2.608,0.0,,18.228,19.039,17.789,0.0,45.5,48.5,45.1,12.89,-65.23,-3.88,-61.35,0.69,303.37,364.72,,SSE,,10.48,101197.04,101176.11,
017HI,2024-01-15T14:20:00Z,93780.0,11.489,93.6,2.253,148.9,2.557,0.0,,18.272,19.028,17.789,0.0,45.5,48.5,45.1,12.89,-65.26,-3.89,-61.37,0.62,302.97,364.34,,SSE,,10.48,101197.04,101175.07,
017HI,2024-01-15T14:25:00Z,93780.0,11.378,93.3,2.212,143.9,2.608,0.0,,18.222,19.061,17.761,0.0,45.5,48.5,45.1,12.89,-65.08,-3.93,-61.16,0.31,303.01,364.16,,SE,,10.32,101197.04,101178.05,
017HI,2024-01-15T14:30:00Z,93780.0,11.328,93.7,2.161,145.0,2.5,0.0,,18.239,19.061,17.722,0.0,45.5,48.5,45.1,12.89,-64.8,-3.87,-60.93,0.45,303.11,364.04,,SE,,10.34,101197.04,101179.39,
017HI,2024-01-15T14:35:00Z,93790.0,11.278,94.0,2.032,141.1,2.5,0.0,,18.261,19.061,17.728,0.0,45.5,48.5,45.1,12.88,-64.27,-3.89,-60.38,0.41,303.54,363.91,,SE,,10.34,101207.83,101191.52,
017HI,2024-01-15T14:40:00Z,93800.0,11.278,94.1,1.903,146.8,2.444,0.0,,18.222,19.039,17.711,0.0,45.5,48.5,45.0,12.89,-63.69,-3.94,-59.75,0.61,303.84,363.59,,SSE,,10.35,101218.62,101202.31,
017HI,2024-01-15T14:45:00Z,93790.0,11.222,94.1,2.644,151.7,2.943,0.0,,18.2,19.05,17.689,0.0,45.5,48.5,45.0,12.88,-64.32,-3.87,-60.45,0.57,303.62,364.07,,SSE,,10.3,101207.83,101193.02,
017HI,2024-01-15T14:50:00Z,93790.0,11.161,94.1,2.598,148.1,2.829,0.0,,18.189,19.05,17.661,0.0,45.5,48.5,45.0,12.88,-64.39,-3.75,-60.65,0.49,303.44,364.09,,SSE,,10.24,101207.83,101194.66,
017HI,2024-01-15T14:55:00Z,93790.0,11.2,94.2,2.546,149.5,2.778,0.0,,18.211,19.072,17.65,0.0,45.5,48.5,45.0,12.88,-64.03,-3.71,-60.32,0.64,303.75,364.06,,SSE,,10.29,101207.83,101193.61,
017HI,2024-01-15T15:00:00Z,93790.0,11.128,93.9,2.721,153.8,3.056,0.0,,18.139,19.061,17.628,0.0,45.5,48.5,45.0,12.88,-64.13,-3.71,-60.42,0.3,303.7,364.12,,SSE,,10.17,101207.83,101195.55,
017HI,2024-01-15T15:05:00Z,93800.0,11.05,94.1,2.711,151.3,2.943,0.0,,18.172,19.039,17.639,0.0,45.5,48.5,45.0,12.87,-63.49,-3.53,-59.96,0.4,303.96,363.93,,SSE,,10.13,101218.62,101208.44,
017HI,2024-01-15T15:10:00Z,93800.0,11.011,94.2,2.747,154.6,,0.0,,18.139,19.061,17.578,0.0,45.5,48.5,45.0,12.87,-63.45,-3.61,-59.84,0.34,304.02,363.86,,SSE,,10.1,101218.62,101209.49,
017HI,2024-01-15T15:15:00Z,93810.0,10.972,94.3,2.732,150.3,2.886,0.0,,18.1,19.061,17.578,0.0,45.5,48.5,45.0,12.87,-62.47,-3.53,-58.94,0.37,304.68,363.62,,SSE,,10.08,101229.41,101221.33,
017HI,2024-01-15T15:20:00Z,93810.0,10.939,94.4,2.732,149.4,,0.0,,18.128,19.05,17.561,0.0,45.5,48.5,45.0,12.87,-62.28,-3.55,-58.73,0.47,304.66,363.39,,SSE,,10.06,101229.41,101222.21,
017HI,2024-01-15T15:25:00Z,93800.0,10.928,93.8,2.51,146.3,,0.0,,18.111,19.05,17.561,0.0,45.5,48.5,45.0,12.86,-62.16,-3.68,-58.48,0.45,304.49,362.98,,SSE,,9.96,101218.62,101211.72,
017HI,2024-01-15T15:30:00Z,93800.0,10.911,93.2,2.541,148.1,,0.0,,18.111,19.05,17.522,0.0,45.5,48.5,45.0,12.86,-61.55,-3.65,-57.9,0.33,304.5,362.4,,SSE,,9.84,101218.62,101212.18,
017HI,2024-01-15T15:35:00Z,93790.0,10.9,93.8,2.665,150.3,,0.0,,18.061,19.039,17.522,0.0,45.5,48.5,45.0,12.86,-61.65,-3.59,-58.06,0.52,304.55,362.61,,SSE,,9.93,101207.83,101201.69,
017HI,2024-01-15T15:40:00Z,93780.0,11.0,94.5,2.464,149.6,2.829,0.0,,18.078,19.05,17.522,0.0,45.5,48.5,45.0,12.86,-62.25,-3.69,-58.55,0.79,304.29,362.84,,SSE,,10.14,101197.04,101188.2,
017HI,2024-01-15T15:45:00Z,93770.0,11.078,94.8,2.49,152.5,2.943,0.0,,18.022,19.05,17.478,0.0,45.5,48.5,45.0,12.85,-63.41,-3.72,-59.69,0.82,303.99,363.68,,SSE,,10.27,101186.25,101175.31,
017HI,2024-01-15T15:50:00Z,93770.0,11.139,94.7,2.032,151.6,2.387,0.0,,18.028,19.05,17.439,0.0,45.5,48.5,45.0,12.85,-64.14,-3.94,-60.2,0.77,303.19,363.39,,SSE,,10.31,101186.25,101173.67,
017HI,2024-01-15T15:55:00Z,93770.0,11.072,94.4,2.006,152.6,2.387,0.0,,18.039,19.05,17.439,0.0,45.5,48.5,45.0,12.85,-63.51,-3.95,-59.56,0.54,303.09,362.65,,SSE,,10.2,101186.25,101175.47,
017HI,2024-01-15T16:00:00Z,93770.0,11.078,94.7,2.186,153.3,2.608,0.0,,18.039,19.028,17.422,0.0,45.5,48.5,45.0,12.84,-63.62,-3.92,-59.7,0.68,303.04,362.74,,SSE,,10.25,101186.25,101175.31,
017HI,2024-01-15T16:05:00Z,93770.0,11.122,94.9,2.181,153.7,2.778,0.0,,18.05,19.072,17.411,0.0,45.5,48.5,45.0,12.84,-64.81,-4.0,-60.81,0.7,302.22,363.03,,SSE,,10.33,101186.25,101174.13,
017HI,2024-01-15T16:10:00Z,93770.0,11.072,94.8,2.32,154.8,2.721,0.0,,18.0,19.039,17.361,0.0,45.5,48.5,45.0,12.84,-65.1,-3.99,-61.11,0.59,301.75,362.86,,SSE,,10.26,101186.25,101175.47,
017HI,2024-01-15T16:15:00Z,93780.0,10.961,94.7,1.909,147.3,2.557,0.0,,17.989,19.039,17.361,0.0,45.5,48.5,45.0,12.84,-65.26,-4.16,-61.09,0.58,301.33,362.42,,SSE,,10.13,101197.04,101189.25,
017HI,2024-01-15T16:20:00Z,93780.0,10.922,94.7,2.161,147.8,2.665,0.0,,17.95,19.05,17.35,0.0,45.5,48.5,45.0,12.83,-64.69,-4.0,-60.7,0.64,301.52,362.21,,SSE,,10.1,101197.04,101190.3,
017HI,2024-01-15T16:25:00Z,93790.0,10.861,94.1,2.593,153.5,3.056,0.0,,17.911,19.039,17.322,0.0,45.5,48.5,45.0,12.83,-64.29,-3.85,-60.44,0.7,301.87,362.31,,SSE,,9.94,101207.83,101202.74,
017HI,2024-01-15T16:30:00Z,93780.0,10.811,93.1,2.361,149.0,2.665,0.0,,17.928,19.05,17.311,0.0,45.5,48.5,45.0,12.83,-64.18,-3.76,-60.42,0.72,301.36,361.79,,SSE,,9.73,101197.04,101193.3,
017HI,2024-01-15T16:35:00Z,93780.0,10.889,92.2,2.114,143.4,2.5,0.0,,17.939,19.039,17.322,0.0,45.4,48.5,45.0,12.82,-64.73,-3.89,-60.83,0.33,300.36,361.2,,SE,,9.66,101197.04,101191.2,
017HI,2024-01-15T16:40:00Z,93790.0,10.85,91.7,2.053,141.3,2.33,0.0,,17.9,19.061,17.322,0.0,45.4,48.5,45.0,12.81,-64.69,-3.88,-60.81,0.4,299.98,360.79,,SE,,9.54,101207.83,101203.05,
017HI,2024-01-15T16:45:00Z,93790.0,10.861,90.5,2.433,151.5,2.829,0.0,,17.911,19.039,17.278,0.0,45.4,48.5,45.0,12.82,-64.89,-3.76,-61.13,0.51,299.44,360.57,,SSE,,9.35,101207.83,101202.76,
017HI,2024-01-15T16:50:00Z,93790.0,10.8,90.5,2.464,148.0,2.886,0.0,,17.872,19.05,17.25,0.0,45.4,48.5,45.0,12.81,-64.38,-3.51,-60.87,0.46,299.79,360.66,,SSE,,9.29,101207.83,101204.4,
017HI,2024-01-15T16:55:00Z,93790.0,10.75,90.7,2.366,149.3,2.778,0.0,,17.9,19.039,17.239,0.0,45.4,48.5,45.0,12.81,-64.12,-2.91,-61.2,0.57,299.3,360.51,,SSE,,9.27,101207.83,101205.75,
017HI,2024-01-15T17:00:00Z,93790.0,10.622,91.0,2.166,149.5,2.5,0.0,,17.878,19.061,17.211,0.0,45.4,48.5,45.0,12.81,-63.14,-1.92,-61.22,0.53,298.6,359.83,,SSE,,9.2,101207.83,101209.2,
017HI,2024-01-15T17:05:00Z,93800.0,10.55,91.6,2.258,151.4,2.778,0.81,,17.861,19.028,17.178,0.0,45.4,48.5,45.0,12.8,-61.46,-0.15,-61.31,0.96,298.47,359.78,,SSE,,9.22,101218.62,101221.93,
017HI,2024-01-15T17:10:00Z,93800.0,10.6,92.0,2.392,153.2,2.829,3.78,,17.8,19.05,17.189,0.0,45.4,48.5,45.0,12.8,-58.98,2.26,-61.24,1.52,298.85,360.09,,SSE,,9.34,101218.62,101220.58,
017HI,2024-01-15T17:15:00Z,93810.0,10.528,92.2,2.5,149.8,2.829,6.29,,17.85,19.061,17.178,0.0,45.4,48.5,45.0,12.79,-56.82,4.85,-61.68,1.44,298.65,360.33,,SSE,,9.3,101229.41,101233.31,
017HI,2024-01-15T17:20:00Z,93810.0,10.478,92.8,2.258,149.8,2.829,9.52,,17.811,19.039,17.15,0.0,45.4,48.5,45.0,12.78,-54.43,7.69,-62.12,1.82,298.36,360.48,,SSE,,9.35,101229.41,101234.66,
017HI,2024-01-15T17:25:00Z,93810.0,10.572,92.9,2.315,152.0,2.721,12.95,,17.828,19.078,17.172,0.0,45.4,48.5,45.0,12.79,-51.53,10.64,-62.17,2.31,298.6,360.78,,SSE,,9.46,101229.41,101232.12,
017HI,2024-01-15T17:30:00Z,93810.0,10.639,92.2,2.449,152.8,2.721,16.09,,17.778,19.022,17.128,0.0,45.4,48.5,45.0,12.79,-49.35,13.58,-62.93,2.51,298.35,361.28,,SSE,,9.41,101229.41,101230.31,
017HI,2024-01-15T17:35:00Z,93810.0,10.672,92.2,2.449,150.7,2.665,18.92,,17.772,19.05,17.122,0.0,45.4,48.5,45.0,12.79,-47.01,16.36,-63.37,2.56,298.42,361.78,,SSE,,9.44,101229.41,101229.42,
017HI,2024-01-15T17:40:00Z,93810.0,10.728,92.2,2.49,151.9,2.721,21.84,,17.778,19.039,17.111,0.0,45.4,48.5,45.0,12.8,-45.18,18.96,-64.14,2.87,298.31,362.45,,SSE,,9.5,101229.41,101227.91,
017HI,2024-01-15T17:45:00Z,93810.0,10.822,91.9,2.449,152.4,2.665,25.76,,17.75,19.039,17.078,0.0,45.4,48.5,45.0,12.8,-42.35,22.49,-64.84,3.27,297.99,362.82,,SSE,,9.54,101229.41,101225.38,
017HI,2024-01-15T17:50:00Z,93810.0,10.922,91.8,2.3,153.0,2.608,29.55,,17.739,19.039,17.039,0.0,45.4,48.5,45.0,12.82,-39.69,25.91,-65.61,3.64,297.61,363.22,,SSE,,9.63,101229.41,101222.69,
017HI,2024-01-15T17:55:00Z,93810.0,11.011,91.9,2.48,154.0,2.721,49.78,,17.678,19.05,17.039,0.0,45.4,48.5,45.0,12.89,-21.04,44.92,-65.96,4.86,297.84,363.8,,SSE,,9.73,101229.41,101220.29,
017HI,2024-01-15T18:00:00Z,93830.0,11.211,92.2,1.939,150.7,2.444,93.16,,17.7,19.039,17.011,0.0,45.4,48.5,45.0,13.01,16.31,82.66,-66.35,10.5,298.31,364.66,,SSE,,9.98,101250.99,101236.49,
017HI,2024-01-15T18:05:00Z,93830.0,11.45,91.4,2.171,152.1,2.444,64.0,,17.7,19.039,17.011,0.0,45.4,48.5,45.0,13.0,-19.89,47.98,-67.87,16.02,298.85,366.72,,SSE,,10.08,101250.99,101230.07,
017HI,2024-01-15T18:10:00Z,93840.0,11.639,90.8,2.078,151.1,2.33,89.96,,17.75,19.05,17.011,0.0,45.4,48.5,45.0,13.11,9.08,76.76,-67.68,13.2,299.67,367.35,,SSE,,10.17,101261.78,101235.79,
017HI,2024-01-15T18:15:00Z,93850.0,11.828,90.8,2.099,151.1,2.557,128.01,,17.678,19.039,16.989,0.0,45.4,48.5,45.0,13.31,41.99,110.12,-68.13,17.89,300.94,369.07,,SSE,,10.36,101272.57,101241.52,
017HI,2024-01-15T18:20:00Z,93840.0,12.189,90.4,1.934,149.6,2.33,222.97,,17.672,19.061,16.961,0.0,45.4,48.4,45.0,13.69,130.8,200.42,-69.62,22.55,301.71,371.33,,SSE,,10.65,101261.78,101221.08,
017HI,2024-01-15T18:25:00Z,93830.0,12.678,89.7,1.883,153.9,2.222,258.4,,17.65,19.061,16.961,0.0,45.4,48.4,45.0,13.84,152.52,224.9,-72.38,33.51,302.85,375.23,,SSE,,11.01,101250.99,101197.27,
017HI,2024-01-15T18:30:00Z,93820.0,13.139,88.7,1.811,158.9,2.109,278.22,,17.639,19.039,16.939,0.0,45.4,48.4,45.0,13.84,159.13,234.85,-75.71,43.37,303.41,379.12,,SSE,,11.3,101240.2,101174.24,
017HI,2024-01-15T18:35:00Z,93820.0,13.089,87.5,1.914,162.7,2.33,297.58,,17.611,19.05,16.889,0.0,45.4,48.4,45.0,13.84,174.34,251.07,-76.73,46.51,304.17,380.9,,SSE,,11.04,101240.2,101175.58,
017HI,2024-01-15T18:40:00Z,93820.0,13.472,87.9,1.672,150.0,1.945,317.51,,17.661,19.061,16.878,0.0,45.4,48.4,45.0,13.82,187.62,267.24,-79.62,50.27,304.99,384.61,,SSE,,11.49,101240.2,101165.43,
017HI,2024-01-15T18:45:00Z,93820.0,14.278,86.9,1.631,151.2,1.831,337.44,,17.622,19.039,16.911,0.0,45.4,48.4,45.0,13.82,200.54,283.58,-83.05,53.86,305.41,388.45,,SSE,,12.11,101240.2,101144.18,
017HI,2024-01-15T18:50:00Z,93820.0,14.861,86.5,1.379,145.9,1.61,356.52,,17.589,19.05,16.878,0.0,45.4,48.5,45.0,13.82,214.5,300.52,-86.02,56.0,306.15,392.16,,SE,,12.61,101240.2,101128.88,
017HI,2024-01-15T18:55:00Z,93820.0,15.428,85.9,1.204,137.1,1.497,375.72,,17.589,19.061,16.872,0.0,45.4,48.4,45.0,13.8,226.23,315.79,-89.56,59.93,306.93,396.49,,SE,,13.06,101240.2,101114.06,
017HI,2024-01-15T19:00:00Z,93820.0,15.739,86.2,1.163,139.4,1.332,394.07,,17.561,19.05,16.85,0.0,45.4,48.4,45.0,13.8,238.56,330.4,-91.85,63.67,308.01,399.86,,SE,,13.42,101240.2,101105.96,
017HI,2024-01-15T19:05:00Z,93810.0,16.15,85.6,1.044,142.3,1.224,412.94,,17.561,19.05,16.85,0.0,45.4,48.4,45.0,13.79,251.78,346.69,-94.91,66.25,308.61,403.52,,SE,,13.71,101229.41,101084.5,
017HI,2024-01-15T19:10:00Z,93810.0,16.639,85.2,0.617,147.6,1.168,431.75,,17.6,19.078,16.839,0.0,45.4,48.4,45.0,13.77,264.44,361.29,-96.85,70.46,309.5,406.35,,SSE,,14.12,101229.41,101071.84,
017HI,2024-01-15T19:15:00Z,93820.0,17.161,82.5,0.108,161.2,0.556,449.43,,17.539,19.05,16.822,0.0,45.4,48.4,45.0,13.77,275.85,375.11,-99.26,74.31,310.35,409.61,,SSE,,14.13,101240.2,101069.16,
017HI,2024-01-15T19:20:00Z,93820.0,17.761,81.2,0.278,270.9,0.777,466.78,,17.55,19.039,16.828,0.0,45.4,48.4,45.0,13.75,286.05,389.45,-103.4,77.33,311.71,415.11,,W,,14.47,101240.2,101053.74,
017HI,2024-01-15T19:25:00Z,93820.0,18.422,76.73,0.427,289.4,0.998,483.47,,17.478,19.039,16.789,0.0,45.3,48.4,45.0,13.75,299.11,404.0,-104.89,79.46,312.57,417.46,,WNW,,14.23,101240.2,101036.85,
017HI,2024-01-15T19:30:00Z,93820.0,18.922,75.76,0.453,309.6,1.332,500.08,,17.522,19.072,16.778,0.0,45.3,48.4,45.0,13.73,312.14,418.44,-106.31,81.63,313.65,419.96,,NW,,14.52,101240.2,101024.11,
017HI,2024-01-15T19:35:00Z,93820.0,19.072,75.31,0.803,315.4,1.61,516.22,,17.5,19.061,16.778,0.0,45.3,48.4,45.0,13.73,326.49,433.36,-106.87,82.86,314.8,421.66,,NW,,14.57,101240.2,101020.3,
017HI,2024-01-15T19:40:00Z,93830.0,19.261,73.62,0.355,278.5,1.111,531.69,,17.489,19.072,16.778,0.0,45.3,48.4,45.0,13.71,338.34,446.33,-107.99,85.35,315.22,423.22,,W,,14.4,101250.99,101026.28,
017HI,2024-01-15T19:45:00Z,93830.0,19.489,71.95,0.015,278.1,0.391,546.29,,17.472,19.061,16.8,0.0,45.3,48.4,45.0,13.71,349.09,458.25,-109.16,88.04,315.51,424.67,,W,,14.27,101250.99,101020.51,
017HI,2024-01-15T19:50:00Z,93830.0,19.722,71.35,0.545,127.3,0.998,563.61,,17.472,19.072,16.761,0.0,45.3,48.4,45.0,13.68,360.89,472.02,-111.13,91.59,317.17,428.3,,SE,,14.36,101250.99,101014.62,
017HI,2024-01-15T19:55:00Z,93830.0,19.778,73.05,0.262,147.6,0.998,578.4,,17.461,19.061,16.761,0.0,45.3,48.4,45.0,13.67,371.63,483.92,-112.29,94.48,318.16,430.45,,SSE,,14.78,101250.99,101013.18,
017HI,2024-01-15T20:00:00Z,93820.0,20.061,72.89,0.396,226.1,1.224,592.3,,17.45,19.05,16.772,0.0,45.3,48.4,45.0,13.67,384.81,496.73,-111.92,95.58,319.18,431.1,,SW,,15.02,101240.2,100995.27,
017HI,2024-01-15T20:05:00Z,93820.0,20.061,72.41,0.19,325.1,1.168,606.98,,17.45,19.05,16.761,0.0,45.3,48.4,45.0,13.66,396.63,509.49,-112.86,97.49,319.69,432.55,,NW,,14.92,101240.2,100995.27,
017HI,2024-01-15T20:10:00Z,93810.0,19.911,74.4,0.34,353.0,0.941,623.54,,17.45,19.072,16.75,0.0,45.3,48.4,45.0,13.67,410.42,524.45,-114.03,99.09,320.63,434.66,,N,,15.2,101229.41,100988.28,
017HI,2024-01-15T20:15:00Z,93810.0,19.972,74.52,0.797,336.4,1.554,636.99,,17.389,19.061,16.772,0.0,45.3,48.4,45.0,13.67,421.76,536.19,-114.42,100.81,322.19,436.61,,NNW,,15.28,101229.41,100986.73,
017HI,2024-01-15T20:20:00Z,93810.0,19.828,74.91,0.571,24.56,1.723,650.19,,17.422,19.05,16.772,0.0,45.3,48.4,45.0,13.65,431.87,546.85,-114.98,103.34,322.76,437.74,,NNE,,15.22,101229.41,100990.37,
017HI,2024-01-15T20:25:00Z,93810.0,20.089,75.59,0.803,358.6,1.888,663.9,,17.411,19.039,16.761,0.0,45.3,48.4,45.0,13.65,,558.37,-116.47,105.53,324.3,440.77,,N,,15.62,101229.41,100983.77,
017HI,2024-01-15T20:30:00Z,93800.0,20.389,76.01,1.075,294.6,2.608,674.73,,17.411,19.05,16.772,0.0,45.3,48.4,44.9,13.65,451.62,567.43,-115.81,107.3,326.24,442.05,,WNW,,16.0,101218.62,100965.44,
017HI,2024-01-15T20:35:00Z,93800.0,20.672,74.89,0.921,333.4,2.33,686.82,,17.428,19.061,16.778,0.0,45.3,48.4,44.9,13.64,460.89,577.29,-116.4,109.53,326.35,442.74,,NNW,,16.04,101218.62,100958.33,
017HI,2024-01-15T20:40:00Z,93790.0,20.561,75.42,1.693,336.9,,700.39,,17.411,19.05,16.778,0.0,45.3,48.4,44.9,13.63,472.27,588.88,-116.62,111.5,327.55,444.17,,NNW,,16.04,101207.83,100950.35,
017HI,2024-01-15T20:45:00Z,93790.0,20.9,75.93,1.127,300.6,2.5,711.74,,17.4,19.022,16.8,0.0,45.3,48.4,44.9,13.63,479.16,597.0,-117.84,114.74,328.25,446.09,,WNW,,16.47,101207.83,100941.83,
017HI,2024-01-15T20:50:00Z,93780.0,20.789,73.92,0.813,302.7,1.831,720.64,,17.422,19.061,16.8,0.0,45.3,48.4,44.9,13.63,487.01,604.55,-117.54,116.09,327.63,445.16,,WNW,,15.94,101197.04,100933.87,
017HI,2024-01-15T20:55:00Z,93760.0,20.628,75.66,0.849,353.1,2.109,733.28,,17.378,19.039,16.811,0.0,45.3,48.4,44.9,13.63,495.79,615.05,-119.26,118.23,328.88,448.14,,N,,16.15,101175.46,100916.37,
017HI,2024-01-15T21:00:00Z,93750.0,20.972,77.05,1.394,290.5,2.5,741.3,,17.378,19.061,16.839,0.0,45.2,48.4,44.9,13.63,503.26,622.15,-118.89,119.14,330.88,449.78,,WNW,,16.78,101164.66,100896.96,
017HI,2024-01-15T21:05:00Z,93750.0,21.111,75.96,1.013,295.8,2.665,747.13,,17.389,19.061,16.85,0.0,45.2,48.4,44.9,13.63,507.35,626.45,-119.1,120.68,330.91,450.01,,WNW,,16.68,101164.66,100893.49,
017HI,2024-01-15T21:10:00Z,93740.0,21.2,75.49,1.327,289.8,2.829,758.51,,17.422,19.1,16.872,0.0,45.2,48.4,44.9,13.63,517.1,636.59,-119.49,121.92,331.39,450.88,,WNW,,16.67,101153.87,100880.5,
017HI,2024-01-15T21:15:00Z,93730.0,21.089,75.98,0.9,268.7,2.5,769.22,,17.411,19.05,16.861,0.0,45.2,48.4,44.9,13.63,525.07,644.96,-119.9,124.25,331.66,451.56,,W,,16.67,101143.08,100872.51,
017HI,2024-01-15T21:20:00Z,93720.0,21.272,75.7,0.448,279.1,1.723,777.11,,17.411,19.039,16.9,0.0,45.2,48.4,44.9,13.63,529.2,650.69,-121.49,126.42,332.29,453.79,,W,,16.79,101132.29,100857.17,
017HI,2024-01-15T21:25:00Z,93710.0,21.372,75.7,1.584,273.5,3.39,785.85,,17.428,19.022,16.9,0.0,45.2,48.4,44.9,13.63,540.16,659.15,-118.99,126.7,334.05,453.04,,W,,16.88,101121.5,100843.91,
017HI,2024-01-15T21:30:00Z,93690.0,21.361,77.25,1.955,295.0,3.941,727.41,,17.439,19.039,16.922,0.0,45.2,48.4,44.9,13.63,492.04,610.49,-118.45,116.92,334.0,452.45,,WNW,,17.19,101099.92,100822.65,
017HI,2024-01-15T21:35:00Z,93690.0,21.3,78.41,2.078,283.3,3.442,816.6,,17.472,19.05,16.95,0.0,45.2,48.4,44.9,13.6,565.97,683.49,-117.52,133.11,335.8,453.32,,WNW,,17.37,101099.92,100824.16,
017HI,2024-01-15T21:40:00Z,93670.0,21.272,78.89,1.801,243.0,4.218,810.9,,17.439,19.061,16.989,0.0,45.2,48.4,44.9,13.61,559.61,677.79,-118.18,133.1,335.54,453.72,,WSW,,17.44,101078.34,100803.33,
017HI,2024-01-15T21:45:00Z,93660.0,21.472,78.8,1.044,253.4,2.886,817.6,,17.422,19.05,16.972,0.0,45.2,48.4,44.9,13.61,562.0,682.44,-120.43,135.17,335.25,455.68,,WSW,,17.62,101067.55,100787.58,
017HI,2024-01-15T21:50:00Z,93660.0,21.622,78.26,1.466,275.4,4.167,827.31,,17.461,19.061,17.011,0.0,45.2,48.4,44.9,13.61,569.83,690.95,-121.12,136.36,336.82,457.94,,W,,17.65,101067.55,100783.84,
017HI,2024-01-15T21:55:00Z,93650.0,21.622,78.81,2.438,300.8,4.887,828.61,,17.45,19.061,17.039,0.0,45.2,48.4,44.9,13.61,573.37,693.13,-119.76,135.48,337.76,457.52,,WNW,,17.77,101056.76,100773.07,
017HI,2024-01-15T22:00:00Z,93640.0,21.6,79.09,1.975,279.0,4.553,882.26,,17.472,19.05,17.061,0.0,45.2,48.4,44.9,13.61,620.77,736.46,-115.69,145.8,343.26,458.95,,W,,17.8,101045.97,100762.86,
017HI,2024-01-15T22:05:00Z,93630.0,21.539,80.2,2.078,270.5,4.774,766.29,,17.478,19.05,17.1,0.0,45.1,48.4,44.9,13.61,535.19,641.8,-106.61,124.49,349.25,455.86,,W,,17.96,101035.17,100753.61,
017HI,2024-01-15T22:10:00Z,93620.0,21.261,80.5,1.348,254.1,3.498,545.36,,17.5,19.061,17.128,0.0,45.1,48.4,44.9,13.61,367.29,458.52,-91.23,86.83,354.36,445.59,,WSW,,17.75,101024.38,100749.78,
017HI,2024-01-15T22:15:00Z,93600.0,21.339,81.8,1.348,260.2,3.663,894.96,,17.522,19.061,17.178,0.0,45.1,48.4,44.9,13.61,633.66,744.74,-111.08,150.22,348.95,460.03,,W,,18.09,101002.8,100726.3,
017HI,2024-01-15T22:20:00Z,93600.0,21.65,80.4,1.842,223.2,3.334,744.27,,17.528,19.05,17.189,0.0,45.1,48.4,44.9,13.61,510.68,621.29,-110.6,122.99,344.37,454.97,,SW,,18.11,101002.8,100718.55,
017HI,2024-01-15T22:25:00Z,93590.0,21.372,80.8,1.713,260.6,3.833,820.61,,17.539,19.072,17.239,0.0,45.1,48.4,44.9,13.61,574.7,684.2,-109.49,136.42,347.65,457.14,,W,,17.92,100992.01,100714.72,
017HI,2024-01-15T22:30:00Z,93580.0,21.372,82.1,1.811,248.6,4.831,780.1,,17.572,19.061,17.272,0.0,45.1,48.3,44.9,13.61,548.28,650.81,-102.53,129.29,353.59,456.12,,WSW,,18.18,100981.22,100703.95,
017HI,2024-01-15T22:35:00Z,93570.0,21.289,82.8,2.428,255.2,5.0,783.81,,17.572,19.039,17.3,0.0,45.1,48.3,44.9,13.61,567.35,652.53,-85.18,131.28,371.32,456.51,,WSW,,18.23,100970.43,100695.25,
017HI,2024-01-15T22:40:00Z,93550.0,21.289,84.4,2.192,259.5,4.496,844.72,,17.589,19.072,17.322,0.0,45.1,48.3,44.9,13.61,607.06,701.56,-94.5,143.16,365.43,459.93,,W,,18.54,100948.85,100673.71,
017HI,2024-01-15T22:45:00Z,93540.0,21.35,84.2,1.507,235.2,3.776,784.62,,17.611,19.061,17.389,0.0,45.1,48.3,44.9,13.61,552.51,652.08,-99.57,132.54,358.24,457.81,,SW,,18.56,100938.06,100661.43,
017HI,2024-01-15T22:50:00Z,93530.0,21.628,83.2,2.3,257.5,5.607,969.59,,17.622,19.061,17.422,0.0,45.1,48.3,44.9,13.61,696.59,803.54,-106.94,166.05,357.57,464.51,,WSW,,18.64,100927.27,100643.75,
017HI,2024-01-15T22:55:00Z,93520.0,21.178,83.1,2.078,257.2,4.167,579.66,,17.661,19.061,17.461,0.0,45.1,48.3,44.9,13.61,412.06,484.72,-72.66,94.94,377.67,450.33,,WSW,,18.18,100916.47,100644.21,
017HI,2024-01-15T23:00:00Z,93510.0,21.2,84.7,1.873,239.1,4.275,664.06,,17.672,19.061,17.5,0.0,45.0,48.3,44.9,13.61,481.54,551.24,-69.7,112.82,384.17,453.87,,WSW,,18.51,100905.68,100632.89,
017HI,2024-01-15T23:05:00Z,93500.0,21.35,83.8,2.474,222.5,6.163,675.81,,17.711,19.039,17.561,0.0,45.0,48.3,44.9,13.62,478.37,562.22,-83.86,113.59,370.54,454.4,,SW,,18.48,100894.89,100618.39,
017HI,2024-01-15T23:10:00Z,93490.0,21.239,83.7,2.125,227.5,4.944,620.7,,17.722,19.061,17.611,0.0,45.0,48.3,44.9,13.62,431.7,516.77,-85.08,103.92,365.57,450.65,,SW,,18.36,100884.1,100610.4,
017HI,2024-01-15T23:15:00Z,93480.0,21.189,83.3,2.675,222.5,5.165,803.17,,17.75,19.061,17.639,0.0,45.0,48.3,44.9,13.62,560.2,667.14,-106.95,136.03,347.23,454.18,,SW,,18.23,100873.31,100600.89,
017HI,2024-01-15T23:20:00Z,93470.0,21.289,82.9,1.95,227.3,4.553,748.37,,17.761,19.072,17.7,0.0,45.0,48.3,44.9,13.61,519.39,622.23,-102.84,126.14,351.74,454.58,,SW,,18.25,100862.52,100587.64,
017HI,2024-01-15T23:25:00Z,93460.0,21.572,82.4,1.713,238.8,3.663,847.42,,17.789,19.039,17.711,0.0,45.0,48.3,44.9,13.62,600.74,703.5,-102.76,143.92,359.12,461.88,,WSW,,18.43,100851.73,100569.83,
017HI,2024-01-15T23:30:00Z,93450.0,21.911,80.9,1.821,238.6,4.666,863.37,,17.822,19.05,17.772,0.0,45.0,48.3,44.9,13.62,602.77,717.17,-114.41,146.19,350.26,464.66,,WSW,,18.47,100840.94,100550.65,
017HI,2024-01-15T23:35:00Z,93450.0,21.778,80.3,1.826,233.8,5.165,812.52,,17.839,19.05,17.822,0.0,45.0,48.3,44.9,13.62,561.28,676.77,-115.48,135.75,344.47,459.95,,SW,,18.22,100840.94,100553.96,
017HI,2024-01-15T23:40:00Z,93440.0,21.839,79.66,2.032,248.0,4.774,808.03,,17.861,19.072,17.872,0.0,45.0,48.3,44.9,13.62,555.04,672.58,-117.55,135.44,341.59,459.14,,WSW,,18.15,100830.15,100541.69,
017HI,2024-01-15T23:45:00Z,93440.0,21.511,80.3,2.408,244.1,5.33,802.04,,17.889,19.05,17.878,0.0,45.0,48.3,44.9,13.62,554.22,667.8,-113.58,134.24,342.52,456.1,,WSW,,17.96,100830.15,100549.85,
017HI,2024-01-15T23:50:00Z,93440.0,21.489,81.4,2.15,234.5,5.721,740.88,,17.928,19.05,17.939,0.0,44.9,48.3,44.9,13.62,501.07,616.74,-115.67,124.14,340.74,456.41,,SW,,18.15,100830.15,100550.38,
017HI,2024-01-15T23:55:00Z,93440.0,21.4,80.7,2.315,234.2,5.386,733.14,,17.928,19.028,17.978,0.0,44.9,48.3,44.9,13.62,498.06,610.39,-112.33,122.75,340.14,452.47,,SW,,17.93,100830.15,100552.61,
017HI,2024-01-16T00:00:00Z,93430.0,21.322,81.8,2.104,220.8,5.607,768.36,,17.978,19.05,18.039,0.0,44.9,48.3,44.9,13.62,519.98,637.69,-117.71,130.67,337.83,455.54,,SW,,18.07,100819.36,100543.78,
017HI,2024-01-16T00:05:00Z,93430.0,21.439,81.5,2.655,213.4,7.552,735.56,,18.0,19.061,18.061,0.0,44.9,48.3,44.9,13.62,493.93,610.28,-116.35,125.28,337.31,453.66,,SSW,,18.12,100819.36,100540.87,
017HI,2024-01-16T00:10:00Z,93420.0,21.15,82.0,3.735,210.2,6.276,,,18.022,19.039,18.122,0.0,44.9,48.3,44.9,13.62,524.26,637.4,-113.14,131.6,337.62,450.77,,SSW,,17.94,100808.57,100537.3,
017HI,2024-01-16T00:15:00Z,93420.0,21.15,82.3,2.968,220.3,6.605,753.25,,18.05,19.039,18.161,0.0,44.9,48.3,44.9,13.62,507.82,623.06,-115.24,130.19,336.38,451.62,,SW,,18.0,100808.57,100537.3,
017HI,2024-01-16T00:20:00Z,93420.0,21.011,82.7,3.215,225.2,6.276,732.73,,18.078,19.05,18.222,0.0,44.9,48.3,44.9,13.62,492.32,606.06,-113.73,126.67,335.79,449.53,,SW,,17.94,100808.57,100540.77,
017HI,2024-01-16T00:25:00Z,93410.0,21.011,82.4,2.814,229.4,5.607,727.66,,18.1,19.061,18.261,0.0,44.9,48.3,44.9,13.62,488.21,601.55,-113.34,126.1,335.29,448.63,,SW,,17.88,100797.77,100530.01,
017HI,2024-01-16T00:30:00Z,93420.0,20.872,83.0,3.04,224.1,6.055,702.29,,18.139,19.039,18.3,0.0,44.9,48.3,44.9,13.62,468.84,580.41,-111.57,121.88,336.26,447.84,,SW,,17.86,100808.57,100544.24,
017HI,2024-01-16T00:35:00Z,93420.0,21.139,82.8,2.711,208.0,6.163,674.76,,18.172,19.039,18.339,0.0,44.9,48.3,44.9,13.62,442.17,556.73,-114.56,118.03,336.48,451.04,,SSW,,18.08,100808.57,100537.57,
017HI,2024-01-16T00:40:00Z,93420.0,21.239,81.7,1.914,241.8,4.887,692.53,,18.222,19.061,18.411,0.0,44.9,48.3,44.9,13.62,456.39,571.45,-115.06,121.08,335.75,450.81,,WSW,,17.97,100808.57,100535.09,
017HI,2024-01-16T00:45:00Z,93420.0,21.339,81.4,2.31,219.1,4.275,669.08,,18.239,19.05,18.428,0.0,44.8,48.3,44.9,13.62,436.74,552.27,-115.53,116.81,335.93,451.46,,SW,,18.01,100808.57,100532.6,
017HI,2024-01-16T00:50:00Z,93420.0,21.522,80.8,2.356,224.3,5.386,659.89,,18.278,19.039,18.489,0.0,44.8,48.3,44.9,13.62,428.71,544.21,,115.67,335.7,451.2,,SW,,18.07,100808.57,100528.04,
017HI,2024-01-16T00:55:00Z,93420.0,21.361,81.1,2.33,214.0,5.551,645.84,,18.3,19.028,18.539,0.0,44.8,48.3,44.9,13.62,418.24,533.04,-114.8,112.8,334.44,449.23,,SW,,17.97,100808.57,100532.05,
017HI,2024-01-16T01:00:00Z,93420.0,21.428,81.4,2.979,206.6,6.94,627.16,,18.339,19.05,18.578,0.0,44.8,48.3,44.9,13.62,402.05,516.3,-114.25,110.86,334.6,448.85,,SSW,,18.09,100808.57,100530.38,
017HI,2024-01-16T01:05:00Z,93410.0,21.172,81.8,3.004,205.6,5.607,620.46,,18.361,19.039,18.628,0.0,44.8,48.3,44.9,13.62,397.33,510.63,-113.3,109.83,333.66,446.96,,SSW,,17.92,100797.77,100526.0,
017HI,2024-01-16T01:10:00Z,93410.0,21.022,82.4,2.973,222.6,6.888,599.83,,18.361,19.05,18.672,0.0,44.8,48.3,44.9,13.62,382.0,493.12,-111.12,106.7,332.31,443.43,,SW,,17.89,100797.77,100529.73,
017HI,2024-01-16T01:15:00Z,93410.0,20.911,82.7,2.696,219.8,5.499,581.65,,18.428,19.05,18.689,0.0,44.8,48.3,44.9,13.62,366.87,477.51,-110.64,104.14,333.05,443.69,,SW,,17.84,100797.77,100532.51,
017HI,2024-01-16T01:20:00Z,93420.0,20.911,82.3,2.238,235.5,5.885,567.15,,18.439,19.039,18.728,0.0,44.8,48.3,44.9,13.62,355.76,465.52,-109.76,101.63,333.48,443.24,,SW,,17.76,100808.57,100543.27,
017HI,2024-01-16T01:25:00Z,93430.0,20.878,82.7,2.274,229.1,4.944,555.2,,18.478,19.061,18.772,0.0,44.8,48.3,44.9,13.62,346.99,455.32,-108.33,99.89,333.86,442.19,,SW,,17.81,100819.36,100554.86,
017HI,2024-01-16T01:30:00Z,93430.0,20.822,83.1,2.449,225.2,5.222,535.58,,18.511,19.05,18.778,0.0,44.8,48.3,44.9,13.63,331.68,439.03,-107.35,96.55,333.86,441.22,,SW,,17.83,100819.36,100556.25,
017HI,2024-01-16T01:35:00Z,93430.0,20.722,83.4,2.444,227.1,5.777,522.41,,18.522,19.072,18.839,0.0,44.8,48.3,44.9,13.62,321.06,427.86,-106.79,94.55,333.39,440.19,,SW,,17.79,100819.36,100558.75,
017HI,2024-01-16T01:40:00Z,93430.0,20.861,84.1,2.058,227.6,4.275,500.27,,18.561,19.05,18.889,0.0,44.8,48.3,44.9,13.63,300.18,408.43,-108.26,91.84,332.79,441.05,,SW,,18.06,100819.36,100555.27,
017HI,2024-01-16T01:45:00Z,93430.0,20.611,83.8,2.397,228.0,5.607,481.85,,18.589,19.05,18.911,0.0,44.8,48.3,44.9,13.63,289.02,394.17,-105.14,87.69,331.99,437.13,,SW,,17.76,100819.36,100561.53,
017HI,2024-01-16T01:50:00Z,93430.0,20.528,84.3,2.228,232.9,4.11,431.65,,18.628,19.061,18.972,0.0,44.8,48.3,44.8,13.63,249.17,352.72,-103.55,78.93,332.17,435.72,,SW,,17.77,100819.36,100563.6,
017HI,2024-01-16T01:55:00Z,93430.0,20.328,84.4,2.387,226.8,6.106,306.19,,18.639,19.072,18.989,0.0,44.7,48.3,44.8,13.63,156.87,252.88,-96.01,53.31,333.94,429.95,,SW,,17.59,100819.36,100568.62,
017HI,2024-01-16T02:00:00Z,93440.0,20.022,85.2,2.691,234.2,5.829,245.75,,18.678,19.05,19.011,0.0,44.7,48.3,44.8,13.63,113.74,203.56,-89.82,42.2,334.55,424.37,,SW,,17.44,100830.15,100587.07,
017HI,2024-01-16T02:05:00Z,93440.0,19.739,86.6,2.192,233.0,4.553,248.16,,18.711,19.061,19.0,0.0,44.7,48.3,44.8,13.63,116.32,204.44,-88.12,43.72,336.0,424.11,,SW,,17.43,100830.15,100594.18,
017HI,2024-01-16T02:10:00Z,93440.0,19.572,87.2,3.339,214.5,5.998,187.21,,18.728,19.061,19.072,0.0,44.7,48.3,44.8,13.63,75.27,154.79,-79.52,32.42,340.46,419.97,,SW,,17.37,100830.15,100598.39,
017HI,2024-01-16T02:15:00Z,93450.0,19.478,88.2,2.125,223.3,3.941,146.87,,18.75,19.039,19.122,0.0,44.7,48.3,44.8,13.63,39.95,122.13,-82.18,24.74,335.96,418.14,,SW,,17.46,100840.94,100611.52,
017HI,2024-01-16T02:20:00Z,93450.0,19.261,88.4,3.611,215.4,6.497,178.91,,18.789,19.039,19.128,0.0,44.7,48.3,44.8,13.64,74.82,146.99,-72.17,31.92,344.84,417.01,,SW,,17.28,100840.94,100617.0,
017HI,2024-01-16T02:25:00Z,93450.0,19.261,88.8,2.829,222.7,4.831,179.15,,18.822,19.039,19.15,0.0,44.7,48.3,44.8,13.65,86.11,147.48,-61.37,31.67,357.04,418.41,,SW,,17.35,100840.94,100617.0,
017HI,2024-01-16T02:30:00Z,93450.0,19.261,88.8,2.562,209.4,4.887,205.46,,18.861,19.061,19.189,0.0,44.7,48.3,44.8,13.65,105.27,167.59,-62.32,37.86,358.03,420.35,,SSW,,17.35,100840.94,100617.0,
017HI,2024-01-16T02:35:00Z,93450.0,19.3,88.5,2.896,212.3,5.0,193.02,,18.872,19.039,19.178,0.0,44.7,48.3,44.8,13.65,76.08,157.3,-81.22,35.72,337.08,418.3,,SSW,,17.34,100840.94,100616.02,
017HI,2024-01-16T02:40:00Z,93460.0,19.25,88.3,3.03,213.3,4.944,178.02,,18.872,19.039,19.228,0.0,44.7,48.3,44.8,13.65,65.14,144.45,-79.31,33.58,336.74,416.05,,SSW,,17.25,100851.73,100628.05,
017HI,2024-01-16T02:45:00Z,93460.0,19.328,88.4,3.071,211.1,4.831,202.92,,18.911,19.028,19.261,0.0,44.7,48.2,44.8,13.65,78.76,164.39,-85.62,38.53,332.48,418.11,,SSW,,17.35,100851.73,100626.07,
017HI,2024-01-16T02:50:00Z,93460.0,19.272,88.1,2.583,217.2,5.33,149.82,,18.939,19.028,19.278,0.0,44.7,48.2,44.8,13.65,42.49,122.97,-80.47,26.86,334.46,414.93,,SW,,17.24,100851.73,100627.49,
017HI,2024-01-16T02:55:00Z,93470.0,19.172,88.5,2.526,209.6,4.774,132.12,,18.95,19.05,19.289,0.0,44.7,48.2,44.8,13.64,31.4,108.36,-76.96,23.76,336.28,413.24,,SSW,,17.21,100862.52,100640.79,
017HI,2024-01-16T03:00:00Z,93470.0,19.1,88.9,2.243,202.3,5.052,116.92,,18.972,19.061,19.322,0.0,44.7,48.2,44.8,13.65,19.7,96.23,-76.52,20.7,336.2,412.72,,SSW,,17.21,100862.52,100642.61,
017HI,2024-01-16T03:05:00Z,93480.0,19.022,89.3,2.233,212.8,3.941,84.2,,18.978,19.022,19.278,0.0,44.7,48.2,44.8,13.67,-0.3,69.74,-70.04,14.46,341.33,411.37,,SSW,,17.21,100873.31,100655.35,
017HI,2024-01-16T03:10:00Z,93480.0,18.95,89.6,1.482,210.0,3.112,81.2,,19.011,19.022,19.35,0.0,44.7,48.2,44.8,13.68,5.52,67.05,-61.52,14.16,349.64,411.17,,SSW,,17.19,100873.31,100657.17,
017HI,2024-01-16T03:15:00Z,93480.0,18.939,89.8,1.723,212.4,5.0,76.05,,19.039,19.028,19.389,0.0,44.7,48.2,44.8,13.67,7.23,62.33,-55.09,13.73,356.51,411.6,,SSW,,17.22,100873.31,100657.45,
017HI,2024-01-16T03:20:00Z,93490.0,18.939,89.8,1.204,217.1,3.555,56.36,,19.072,19.028,19.361,0.0,44.7,48.2,44.8,13.65,-12.58,46.36,-58.95,9.99,351.81,410.75,,SW,,17.22,100884.1,100668.22,
017HI,2024-01-16T03:25:00Z,93490.0,18.861,89.5,1.862,214.2,3.164,47.79,,19.072,19.039,19.378,0.0,44.7,48.2,44.8,13.63,-16.85,39.37,-56.22,8.43,352.72,408.94,,SW,,17.08,100884.1,100670.2,
017HI,2024-01-16T03:30:00Z,93500.0,18.822,89.4,1.965,212.7,3.498,42.97,,19.078,19.039,19.389,0.0,44.7,48.2,44.8,13.57,-8.7,35.35,-44.05,7.62,365.35,409.4,,SSW,,17.03,100894.89,100681.96,
017HI,2024-01-16T03:35:00Z,93500.0,18.772,89.0,2.665,215.7,4.717,32.32,,19.1,19.039,19.372,0.0,44.7,48.2,44.8,13.5,-19.71,26.74,-46.46,5.57,362.04,408.49,,SW,,16.91,100894.89,100683.23,
017HI,2024-01-16T03:40:00Z,93510.0,18.678,89.2,1.667,217.3,2.721,24.4,,19.122,19.028,19.428,0.0,44.7,48.2,44.8,13.44,-24.52,20.3,-44.83,4.1,362.23,407.05,,SW,,16.85,100905.68,100696.39,
017HI,2024-01-16T03:45:00Z,93520.0,18.55,89.7,2.346,227.6,4.717,18.99,,19.111,19.028,19.411,0.0,44.7,48.2,44.8,13.37,-22.76,15.74,-38.5,3.25,368.56,407.06,,SW,,16.81,100916.47,100710.4,
017HI,2024-01-16T03:50:00Z,93520.0,18.461,90.2,2.207,215.4,4.717,13.71,,19.15,19.039,19.428,0.0,44.7,48.2,44.8,13.3,-20.55,11.34,-31.89,2.37,374.82,406.71,,SW,,16.81,100916.47,100712.67,
017HI,2024-01-16T03:55:00Z,93530.0,18.372,90.6,1.965,215.1,4.054,10.61,,19.161,19.039,19.45,0.0,44.7,48.2,44.8,13.25,-17.04,8.6,-25.64,2.0,381.22,406.86,,SW,,16.8,100927.27,100725.7,
017HI,2024-01-16T04:00:00Z,93540.0,18.322,90.9,1.44,211.7,3.889,6.51,,19.172,19.039,19.422,0.0,44.7,48.2,44.8,13.21,-12.63,5.26,-17.89,1.26,389.06,406.95,,SSW,,16.8,100938.06,100737.74,
017HI,2024-01-16T04:05:00Z,93550.0,18.261,91.0,2.305,212.7,4.666,3.44,,19.189,19.028,19.428,0.0,44.7,48.2,44.8,13.17,-15.85,2.65,-18.5,0.78,388.24,406.74,,SSW,,16.76,100948.85,100750.06,
017HI,2024-01-16T04:10:00Z,93560.0,18.2,90.9,2.583,209.1,4.831,1.6,,19.189,19.028,19.439,0.0,44.7,48.2,44.8,13.14,-20.09,1.07,-21.16,0.53,385.02,406.18,,SSW,,16.68,100959.64,100762.39,
017HI,2024-01-16T04:15:00Z,93570.0,18.15,90.9,2.212,210.9,4.218,0.11,,19.189,19.028,19.45,0.0,44.7,48.2,44.8,13.13,-19.83,-0.19,-19.64,0.3,385.99,405.63,,SSW,,16.63,100970.43,100774.44,
017HI,2024-01-16T04:20:00Z,93580.0,18.089,91.0,2.598,204.8,4.609,0.0,,19.2,19.028,19.461,0.0,44.7,48.2,44.8,13.11,-17.52,-0.67,-16.85,0.18,388.75,405.59,,SSW,,16.59,100981.22,100786.76,
017HI,2024-01-16T04:25:00Z,93590.0,18.078,91.2,2.181,206.6,3.663,0.0,,19.211,19.022,19.439,0.0,44.7,48.2,44.8,13.11,-10.9,-0.61,-10.3,0.13,395.72,406.02,,SSW,,16.61,100992.01,100797.81,
017HI,2024-01-16T04:30:00Z,93600.0,18.028,91.2,2.289,195.5,4.218,0.0,,19.222,19.028,19.439,0.0,44.7,48.2,44.8,13.1,-17.3,-0.95,-16.34,0.13,389.18,405.53,,SSW,,16.56,101002.8,100809.86,
017HI,2024-01-16T04:35:00Z,93600.0,18.0,91.1,3.22,200.7,6.22,0.0,,19.239,19.039,19.439,0.0,44.7,48.2,44.8,13.07,-16.41,-1.01,-15.4,0.11,389.94,405.34,,SSW,,16.51,101002.8,100810.58,
017HI,2024-01-16T04:40:00Z,93610.0,18.011,91.1,3.256,202.2,5.499,0.0,,19.239,19.028,19.461,0.0,44.7,48.2,44.8,13.07,-12.17,-0.84,-11.33,0.15,394.26,405.59,,SSW,,16.53,101013.59,100821.07,
017HI,2024-01-16T04:45:00Z,93610.0,18.022,91.1,2.948,195.4,5.551,0.0,,19.228,19.028,19.478,0.0,44.7,48.2,44.8,13.08,-10.75,-0.68,-10.08,0.11,395.69,405.77,,SSW,,16.54,101013.59,100820.78,
017HI,2024-01-16T04:50:00Z,93620.0,18.028,91.4,2.778,202.2,4.887,0.0,,19.239,19.028,19.461,0.0,44.7,48.2,44.8,13.07,-9.9,-0.65,-9.25,0.06,396.62,405.87,,SSW,,16.59,101024.38,100831.4,
017HI,2024-01-16T04:55:00Z,93620.0,18.022,91.8,3.148,201.3,5.443,0.0,,19.239,19.028,19.472,0.0,44.7,48.2,44.8,13.07,-5.96,-0.48,-5.48,0.08,400.79,406.27,,SSW,,16.66,101024.38,100831.55,
017HI,2024-01-16T05:00:00Z,93630.0,18.028,92.0,3.416,202.4,7.717,0.0,,19.261,19.039,19.439,0.0,44.7,48.2,44.8,13.07,-6.16,-0.4,-5.75,0.09,400.66,406.42,,SSW,,16.7,101035.17,100842.16,
017HI,2024-01-16T05:05:00Z,93630.0,18.039,92.2,2.685,205.9,5.33,0.0,,19.228,19.022,19.422,0.0,44.7,48.2,44.8,13.07,-6.25,-0.4,-5.85,0.04,400.59,406.44,,SSW,,16.74,101035.17,100841.88,
017HI,2024-01-16T05:10:00Z,93640.0,18.011,92.4,2.14,204.6,3.555,0.0,,19.261,19.039,19.439,0.0,44.7,48.2,44.8,13.06,-7.16,-0.5,-6.66,0.02,399.66,406.32,,SSW,,16.75,101045.97,100853.37,
017HI,2024-01-16T05:15:00Z,93640.0,17.978,92.2,2.737,202.5,5.829,0.0,,19.272,19.039,19.428,0.0,44.7,48.2,44.8,13.05,-9.27,-0.54,-8.74,0.09,397.39,406.12,,SSW,,16.68,101045.97,100854.21,
017HI,2024-01-16T05:20:00Z,93640.0,17.989,92.2,2.382,204.4,3.833,0.0,,19.261,19.028,19.428,0.0,44.7,48.2,44.8,13.06,-12.65,-0.8,-11.84,0.07,393.87,405.71,,SSW,,16.69,101045.97,100853.93,
017HI,2024-01-16T05:25:00Z,93650.0,17.911,91.3,2.855,207.9,5.386,0.0,,19.272,19.028,19.4,0.0,44.7,48.2,44.8,13.06,-32.47,-1.59,-30.88,0.2,373.1,403.97,,SSW,,16.46,101056.76,100866.7,
017HI,2024-01-16T05:30:00Z,93650.0,17.872,90.2,2.51,202.0,4.774,0.0,,19.272,19.022,19.389,0.0,44.7,48.2,44.8,13.05,-71.3,-3.91,-67.39,0.15,332.48,399.87,,SSW,,16.23,101056.76,100867.71,
017HI,2024-01-16T05:35:00Z,93660.0,17.761,88.7,2.387,210.9,5.777,0.0,,19.261,19.028,19.411,0.0,44.7,48.2,44.8,13.05,-82.31,-5.21,-77.09,0.5,319.89,396.98,,SSW,,15.86,101067.55,100881.34,
017HI,2024-01-16T05:40:00Z,93670.0,17.828,87.0,3.344,201.5,6.996,0.0,,19.278,19.039,19.378,0.0,44.7,48.2,44.8,13.05,-85.39,-5.08,-80.31,0.85,316.67,396.98,,SSW,,15.62,101078.34,100890.41,
017HI,2024-01-16T05:45:00Z,93670.0,17.789,85.7,2.665,190.2,4.717,0.0,,19.261,19.039,19.389,0.0,44.7,48.2,44.8,13.05,-84.3,-5.37,-78.93,0.65,316.38,395.31,,S,,15.34,101078.34,100891.42,
017HI,2024-01-16T05:50:00Z,93660.0,17.789,85.0,3.395,189.0,5.998,0.0,,19.278,19.028,19.378,0.0,44.7,48.2,44.8,13.05,-85.33,-5.16,-80.17,0.94,315.37,395.53,,S,,15.21,101067.55,100880.65,
017HI,2024-01-16T05:55:00Z,93660.0,17.828,84.1,2.485,185.4,3.941,0.0,,19.272,19.028,19.378,0.0,44.7,48.2,44.8,13.04,-85.34,-5.33,-80.01,0.79,314.41,394.42,,S,,15.09,101067.55,100879.66,
017HI,2024-01-16T06:00:00Z,93660.0,17.689,83.8,2.294,190.5,4.11,0.0,,19.272,19.011,19.361,0.0,44.7,48.2,44.8,13.04,-84.61,-5.46,-79.15,0.6,313.53,392.68,,S,,14.89,101067.55,100883.22,
017HI,2024-01-16T06:05:00Z,93650.0,17.522,83.1,2.269,188.8,4.717,0.0,,19.261,19.028,19.389,0.0,44.7,48.2,44.8,13.04,-83.93,-5.52,-78.41,0.54,312.73,391.14,,S,,14.6,101056.76,100876.74,
017HI,2024-01-16T06:10:00Z,93650.0,17.439,82.2,2.017,178.4,4.332,0.0,,19.261,19.011,19.361,0.0,44.7,48.2,44.8,13.04,-83.08,-5.48,-77.6,0.68,312.54,390.14,,S,,14.35,101056.76,100878.88,
017HI,2024-01-16T06:15:00Z,93640.0,17.55,80.2,2.85,194.3,5.443,0.0,,19.272,19.022,19.361,0.0,44.7,48.2,44.8,13.04,-83.34,-5.35,-77.99,1.42,313.68,391.67,,SSW,,14.07,101045.97,100865.27,
017HI,2024-01-16T06:20:00Z,93640.0,17.711,77.68,2.598,173.4,5.829,0.0,,19.272,19.022,19.35,0.0,44.7,48.2,44.8,13.03,-80.93,-5.29,-75.64,1.19,315.63,391.27,,S,,13.73,101045.97,100861.17,
017HI,2024-01-16T06:25:00Z,93640.0,17.811,76.05,1.857,179.1,3.611,0.0,,19.272,19.028,19.35,0.0,44.7,48.2,44.8,13.03,-78.49,-5.1,-73.39,0.9,317.12,390.51,,S,,13.5,101045.97,100858.62,
017HI,2024-01-16T06:30:00Z,93640.0,17.789,74.98,1.79,165.3,4.717,0.0,,19.261,19.011,19.361,0.0,44.7,48.2,44.8,13.03,-76.14,-4.83,-71.31,0.77,318.95,390.26,,SSE,,13.26,101045.97,100859.19,
017HI,2024-01-16T06:35:00Z,93650.0,17.789,75.72,1.44,164.2,3.334,0.0,,19.239,19.011,19.3,0.0,44.7,48.2,44.8,13.03,-73.26,-4.89,-68.38,0.74,320.92,389.3,,SSE,,13.42,101056.76,100869.96,
017HI,2024-01-16T06:40:00Z,93650.0,17.361,79.57,1.338,137.0,2.33,0.0,,19.272,19.039,19.322,0.0,44.6,48.2,44.8,13.02,-69.14,-4.69,-64.45,0.0,322.34,386.8,,SE,,13.77,101056.76,100880.9,
017HI,2024-01-16T06:45:00Z,93650.0,17.028,82.9,1.091,122.8,1.945,0.0,,19.261,19.011,19.311,0.0,44.6,48.2,44.8,13.03,-68.38,-4.67,-63.71,0.33,323.36,387.07,,ESE,,14.08,101056.76,100889.44,
017HI,2024-01-16T06:50:00Z,93660.0,16.65,84.5,1.07,114.3,2.053,,,19.261,19.0,19.289,0.0,44.6,48.2,44.8,13.03,-65.82,-4.52,-61.3,0.0,324.02,385.32,,ESE,,14.0,101067.55,100909.95,
017HI,2024-01-16T06:55:00Z,93670.0,16.6,87.4,1.137,147.3,2.444,0.0,,19.272,19.011,19.278,0.0,44.6,48.2,44.8,13.03,-67.56,-4.32,-63.24,0.28,323.14,386.38,,SSE,,14.48,101078.34,100921.99,
017HI,2024-01-16T07:00:00Z,93670.0,16.9,88.8,0.931,127.7,1.945,0.0,,19.25,19.011,19.278,0.0,44.6,48.2,44.8,13.02,-68.79,-4.34,-64.45,1.21,322.6,387.05,,SE,,15.03,101078.34,100914.24,
017HI,2024-01-16T07:05:00Z,93660.0,16.772,89.0,1.091,162.9,2.053,0.0,,19.239,19.022,19.261,0.0,44.6,48.2,44.8,13.02,-68.54,-4.53,-64.02,0.75,322.48,386.49,,SSE,,14.93,101067.55,100906.76,
017HI,2024-01-16T07:10:00Z,93660.0,17.089,90.8,1.811,175.3,3.833,0.0,,19.239,19.011,19.222,0.0,44.6,48.2,44.8,13.02,-72.4,-4.83,-67.57,2.23,323.7,391.27,,S,,15.56,101067.55,100898.58,
017HI,2024-01-16T07:15:00Z,93650.0,17.739,89.6,3.313,188.8,6.163,0.0,,19.228,19.011,19.228,0.0,44.6,48.2,44.8,13.02,-76.74,-4.94,-71.8,2.87,324.37,396.17,,S,,15.99,101056.76,100871.12,
017HI,2024-01-16T07:20:00Z,93660.0,18.139,87.4,2.577,190.9,5.664,0.0,,19.228,19.011,19.222,0.0,44.6,48.2,44.8,13.02,-76.76,-4.87,-71.89,1.7,325.12,397.01,,S,,16.0,101067.55,100871.68,
017HI,2024-01-16T07:25:00Z,93650.0,18.289,86.9,2.963,193.6,5.942,0.0,,19.222,19.011,19.2,0.0,44.6,48.2,44.8,13.02,-76.95,-4.75,-72.2,1.32,325.66,397.86,,SSW,,16.05,101056.76,100857.08,
017HI,2024-01-16T07:30:00Z,93650.0,18.261,87.0,2.145,189.3,3.498,0.0,,19.222,19.028,19.189,0.0,44.6,48.2,44.8,13.01,-76.17,-4.86,-71.31,0.75,325.44,396.75,,S,,16.04,101056.76,100857.79,
017HI,2024-01-16T07:35:00Z,93650.0,18.211,87.3,1.934,183.9,2.778,0.0,,19.2,19.028,19.178,0.0,44.6,48.2,44.8,13.01,-75.77,-4.92,-70.85,0.8,325.14,395.99,,S,,16.05,101056.76,100859.07,
017HI,2024-01-16T07:40:00Z,93650.0,18.2,87.3,2.017,188.4,4.332,0.0,,19.222,19.022,19.161,0.0,44.6,48.2,44.8,13.01,-75.33,-4.87,-70.46,0.8,325.39,395.84,,S,,16.04,101056.76,100859.35,
017HI,2024-01-16T07:45:00Z,93650.0,18.128,87.1,1.641,166.7,3.39,0.0,,19.178,19.022,19.15,0.0,44.6,48.2,44.8,13.01,-73.97,-4.87,-69.1,0.81,325.89,394.99,,SSE,,15.93,101056.76,100861.19,
017HI,2024-01-16T07:50:00Z,93650.0,18.039,87.2,1.698,205.9,3.056,0.0,,19.2,19.028,19.128,0.0,44.6,48.2,44.8,13.01,-71.96,-4.8,-67.17,0.72,326.95,394.12,,SSW,,15.86,101056.76,100863.46,
017HI,2024-01-16T07:55:00Z,93660.0,18.05,87.2,0.684,195.6,,0.0,,19.189,19.0,19.128,0.0,44.6,48.2,44.8,13.01,-69.62,-4.99,-64.64,0.85,327.46,392.09,,SSW,,15.87,101067.55,100873.95,
017HI,2024-01-16T08:00:00Z,93650.0,17.95,87.6,0.854,212.1,3.997,0.0,,19.161,19.0,19.1,0.0,44.6,48.2,44.8,13.01,-67.26,-4.9,-62.36,0.6,327.53,389.88,,SSW,,15.85,101056.76,100865.74,
017HI,2024-01-16T08:05:00Z,93650.0,18.1,88.7,2.402,199.1,5.386,0.0,,19.161,19.028,19.072,0.0,44.6,48.2,44.8,13.01,-72.55,-4.7,-67.85,1.69,327.65,395.5,,SSW,,16.19,101056.76,100861.89,
017HI,2024-01-16T08:10:00Z,93650.0,18.261,88.3,2.284,202.5,5.551,0.0,,19.178,19.022,19.078,0.0,44.6,48.2,44.8,13.01,-73.48,-4.68,-68.8,1.68,328.7,397.5,,SSW,,16.28,101056.76,100857.78,
017HI,2024-01-16T08:15:00Z,93640.0,18.478,85.7,2.171,217.0,5.443,0.0,,19.139,19.011,19.05,0.0,44.6,48.2,44.8,13.0,-73.03,-4.72,-68.32,1.81,330.15,398.46,,SW,,16.02,101045.97,100841.5,
017HI,2024-01-16T08:20:00Z,93630.0,18.839,83.5,2.629,213.9,6.163,0.0,,19.15,19.011,19.05,0.0,44.6,48.2,44.7,13.0,-73.3,-4.58,-68.72,1.77,330.73,399.46,,SW,,15.96,101035.17,100821.56,
017HI,2024-01-16T08:25:00Z,93630.0,19.222,82.7,2.783,207.8,6.605,0.0,,19.139,18.989,19.028,0.0,44.6,48.2,44.7,13.0,-75.34,-4.61,-70.73,1.58,330.32,401.04,,SSW,,16.19,101035.17,100811.85,
017HI,2024-01-16T08:30:00Z,93620.0,19.278,82.9,3.879,207.9,6.719,0.0,,19.122,18.989,19.0,0.0,44.6,48.2,44.7,13.0,-76.0,-4.55,-71.45,1.06,330.43,401.88,,SSW,,16.28,101024.38,100799.66,
017HI,2024-01-16T08:35:00Z,93610.0,19.422,82.7,4.867,203.4,7.886,0.0,,19.111,19.011,19.022,0.0,44.6,48.2,44.7,13.0,-76.69,-4.31,-72.37,0.95,331.01,403.38,,SSW,,16.38,101013.59,100785.25,
017HI,2024-01-16T08:40:00Z,93600.0,19.45,82.7,4.002,199.8,6.554,0.0,,19.111,19.022,19.0,0.0,44.6,48.2,44.7,13.0,-77.4,-4.38,-73.02,0.5,330.12,403.14,,SSW,,16.41,101002.8,100773.77,
017HI,2024-01-16T08:45:00Z,93590.0,19.472,82.7,5.258,199.8,10.109,0.0,,19.111,19.011,18.989,0.0,44.6,48.2,44.7,13.0,-78.07,-4.32,-73.75,0.6,330.09,403.84,,SSW,,16.43,100992.01,100762.45,
017HI,2024-01-16T08:50:00Z,93590.0,19.528,82.4,4.512,193.1,9.219,0.0,,19.089,19.022,18.961,0.0,44.6,48.2,44.7,13.0,-78.25,-4.22,-74.03,0.47,329.86,403.89,,SSW,,16.43,100992.01,100761.04,
017HI,2024-01-16T08:55:00Z,93580.0,19.4,83.3,4.044,192.1,6.497,0.0,,19.072,19.011,18.961,0.0,44.6,48.2,44.7,13.0,-78.19,-4.4,-73.78,0.25,329.56,403.35,,SSW,,16.48,100981.22,100753.5,
017HI,2024-01-16T09:00:00Z,93580.0,19.289,84.2,3.982,197.8,7.495,0.0,,19.089,19.022,18.95,0.0,44.6,48.2,44.7,13.0,-77.65,-4.4,-73.26,0.27,329.77,403.03,,SSW,,16.54,100981.22,100756.3,
017HI,2024-01-16T09:05:00Z,93570.0,19.239,83.9,3.524,211.8,6.497,0.0,,19.078,19.0,18.878,0.0,44.6,48.2,44.7,12.99,-76.42,-4.49,-71.93,0.6,330.95,402.87,,SSW,,16.43,100970.43,100746.8,
017HI,2024-01-16T09:10:00Z,93560.0,19.35,83.3,4.172,211.7,7.11,0.0,,19.072,19.022,18.889,0.0,44.6,48.2,44.7,12.99,-77.34,-4.37,-72.97,0.85,330.62,403.59,,SSW,,16.43,100959.64,100733.23,
017HI,2024-01-16T09:15:00Z,93550.0,19.428,83.3,3.328,207.9,6.605,0.0,,19.061,19.022,18.889,0.0,44.6,48.2,44.7,12.99,-77.22,-4.5,-72.71,0.54,330.32,403.04,,SSW,,16.5,100948.85,100720.49,
017HI,2024-01-16T09:20:00Z,93550.0,19.289,85.1,3.863,203.3,6.996,0.0,,19.05,19.0,18.878,0.0,44.6,48.2,44.7,12.99,-76.68,-4.42,-72.25,0.4,330.94,403.19,,SSW,,16.71,100948.85,100723.99,
017HI,2024-01-16T09:25:00Z,93560.0,19.178,86.0,3.205,217.0,7.886,0.0,,19.039,19.011,18.872,0.0,44.6,48.2,44.7,12.99,-76.61,-4.56,-72.05,0.4,330.66,402.7,,SW,,16.76,100959.64,100737.56,
017HI,2024-01-16T09:30:00Z,93560.0,19.228,86.0,3.364,214.6,7.886,0.0,,19.039,19.0,18.861,0.0,44.6,48.2,44.7,12.99,-76.8,-4.53,-72.28,0.87,331.53,403.8,,SW,,16.81,100959.64,100736.3,
017HI,2024-01-16T09:35:00Z,93550.0,19.4,84.2,4.275,207.7,8.391,0.0,,19.028,19.022,18.85,0.0,44.6,48.2,44.7,12.99,-76.59,-4.54,-72.06,1.13,332.38,404.44,,SSW,,16.65,100948.85,100721.19,
017HI,2024-01-16T09:40:00Z,93560.0,19.689,81.9,4.625,212.8,9.44,0.0,,19.011,19.011,18.85,0.0,44.6,48.2,44.7,12.99,-75.92,-4.29,-71.63,1.08,333.52,405.15,,SSW,,16.49,100959.64,100724.68,
017HI,2024-01-16T09:45:00Z,93560.0,19.828,81.9,4.892,216.2,9.162,0.0,,19.0,19.022,18.839,0.0,44.6,48.2,44.7,12.99,-74.57,-4.04,-70.53,0.68,335.65,406.18,,SW,,16.63,100959.64,100721.17,
017HI,2024-01-16T09:50:00Z,93550.0,19.811,82.8,3.653,219.4,9.44,0.0,,19.011,19.022,18.828,0.0,44.6,48.2,44.7,12.99,-72.29,-4.09,-68.2,0.41,337.88,406.08,,SW,,16.78,100948.85,100710.82,
017HI,2024-01-16T09:55:00Z,93550.0,19.778,83.3,3.328,218.7,6.163,0.0,,18.989,19.028,18.811,0.0,44.6,48.2,44.7,12.99,-71.81,-4.08,-67.73,0.51,338.34,406.07,,SW,,16.85,100948.85,100711.65,
