# STATION: 018HI
# STATION NAME: Kaiholena
# LATITUDE: 19.1689
# LONGITUDE: -155.5704
# ELEVATION [ft]: 2070.0
# STATE: HI
Station_ID,Date_Time,pressure_set_1,air_temp_set_1,relative_humidity_set_1,wind_speed_set_1,wind_direction_set_1,wind_gust_set_1,solar_radiation_set_1,soil_temp_set_1,soil_temp_set_2,soil_temp_set_3,soil_temp_set_4,precip_accum_five_minute_set_1,soil_moisture_set_1,soil_moisture_set_2,soil_moisture_set_3,volt_set_1,net_radiation_set_1,net_radiation_sw_set_1,net_radiation_lw_set_1,outgoing_radiation_sw_set_1,incoming_radiation_lw_set_1,outgoing_radiation_lw_set_1,wind_chill_set_1d,wind_cardinal_direction_set_1d,heat_index_set_1d,dew_point_temperature_set_1d,altimeter_set_1d,sea_level_pressure_set_1d,wet_bulb_temperature_set_1d
,,Pascals,Celsius,%,m/s,Degrees,m/s,W/m**2,Celsius,Celsius,Celsius,Celsius,Millimeters,%,%,%,volts,W/m**2,W/m**2,W/m**2,W/m**2,W/m**2,W/m**2,Celsius,code,Celsius,Celsius,Pascals,Pascals,Celsius
018HI,2024-01-15T10:05:00Z,93920.0,15.85,93.5,2.48,308.7,3.277,,18.811,19.011,18.939,18.939,0.0,55.3,14.6,4.6,12.83,,,5.29,0.89,401.41,396.12,,NW,,14.79,101273.78,101138.9,
018HI,2024-01-15T10:10:00Z,93920.0,15.828,93.5,2.516,303.8,3.334,,18.833,19.022,18.928,18.911,0.0,55.3,14.6,4.6,12.87,,,7.88,1.15,404.04,396.17,,NW,,14.77,101273.78,101139.47,
018HI,2024-01-15T10:15:00Z,93920.0,15.678,93.5,2.315,305.1,3.056,,18.789,19.039,18.939,18.878,0.0,55.3,14.6,4.6,12.9,,,7.0,0.49,397.97,390.96,,NW,,14.62,101273.78,101143.34,
018HI,2024-01-15T10:20:00Z,93920.0,15.428,94.1,2.562,307.7,3.442,,18.778,19.011,18.95,18.889,0.0,55.2,14.6,4.6,12.83,,,5.76,0.62,397.94,392.18,,NW,,14.47,101273.78,101149.79,
018HI,2024-01-15T10:25:00Z,93920.0,15.311,94.4,2.402,308.8,3.498,,18.8,19.011,18.95,18.878,0.0,55.2,14.6,4.6,12.87,,,7.02,0.86,399.79,392.77,,NW,,14.41,101273.78,101152.82,
018HI,2024-01-15T10:30:00Z,93910.0,15.228,94.3,2.253,308.9,2.943,,18.744,19.022,18.928,18.878,0.0,55.2,14.6,4.6,12.9,,,5.55,0.63,393.92,388.37,,NW,,14.31,101263.0,101144.2,
018HI,2024-01-15T10:35:00Z,93910.0,15.061,95.0,2.963,311.8,3.941,,18.722,19.0,18.911,18.872,0.0,55.2,14.6,4.6,12.83,,,4.31,0.79,394.8,390.48,,NW,,14.26,101263.0,101148.52,
018HI,2024-01-15T10:40:00Z,93910.0,14.972,95.0,2.855,310.4,3.719,,18.728,19.011,18.939,18.861,0.0,55.2,14.6,4.6,12.82,,,5.06,0.89,396.35,391.3,,NW,,14.17,101263.0,101150.82,
018HI,2024-01-15T10:45:00Z,93910.0,14.861,95.1,2.572,311.7,3.334,,18.694,19.022,18.95,18.861,0.0,55.1,14.6,4.6,12.86,,,5.67,0.67,396.55,390.88,,NW,,14.08,101263.0,101153.7,
018HI,2024-01-15T10:50:00Z,93920.0,14.711,94.9,3.082,312.0,3.833,,18.633,19.0,18.922,18.822,0.0,55.1,14.6,4.6,12.9,,,2.03,0.7,389.21,387.18,,NW,,13.89,101273.78,101168.37,
018HI,2024-01-15T10:55:00Z,93920.0,14.628,95.2,2.737,309.6,3.39,,18.606,19.022,18.9,18.811,0.0,55.1,14.6,4.6,12.83,,,1.62,0.81,390.2,388.58,,NW,,13.86,101273.78,101170.53,
018HI,2024-01-15T11:00:00Z,93910.0,14.661,95.5,2.793,311.0,3.555,,18.611,18.989,18.961,18.8,0.0,55.1,14.6,4.6,12.81,,,3.21,0.98,392.96,389.75,,NW,,13.94,101263.0,101158.89,
018HI,2024-01-15T11:05:00Z,93900.0,14.611,95.7,2.711,310.3,3.334,,18.578,18.978,18.95,18.789,0.0,55.0,14.6,4.6,12.82,,,3.95,0.71,393.63,389.68,,NW,,13.93,101252.22,101149.42,
018HI,2024-01-15T11:10:00Z,93900.0,14.561,95.8,2.619,310.2,3.277,,18.55,19.011,18.939,18.761,0.0,55.0,14.6,4.6,12.82,,,4.22,0.68,393.74,389.52,,NW,,13.89,101252.22,101150.72,
018HI,2024-01-15T11:15:00Z,93890.0,14.4,95.9,2.716,310.0,3.442,,18.528,18.978,18.95,18.739,0.0,55.0,14.6,4.6,12.86,,,4.09,0.44,393.04,388.95,,NW,,13.75,101241.43,101144.14,
018HI,2024-01-15T11:20:00Z,93880.0,14.278,95.9,2.613,310.9,3.719,,18.472,18.978,18.961,18.75,0.0,55.1,14.6,4.6,12.9,,,1.67,0.45,386.32,384.66,,NW,,13.63,101230.65,101136.54,
018HI,2024-01-15T11:25:00Z,93880.0,14.272,96.2,2.963,311.5,3.776,,18.45,18.989,18.961,18.711,0.0,55.2,14.6,4.6,12.82,,,0.7,0.95,387.62,386.92,,NW,,13.67,101230.65,101136.7,
018HI,2024-01-15T11:30:00Z,93880.0,14.228,96.1,2.788,311.5,3.39,,18.461,18.978,18.939,18.689,0.0,55.1,14.6,4.6,12.82,,,2.48,0.7,390.25,387.76,,NW,,13.61,101230.65,101137.84,
018HI,2024-01-15T11:35:00Z,93870.0,14.228,96.4,2.763,308.3,3.555,,18.439,18.972,18.922,18.672,0.0,55.1,14.6,4.6,12.82,,,2.96,0.9,390.79,387.83,,NW,,13.66,101219.87,101127.07,
018HI,2024-01-15T11:40:00Z,93870.0,14.011,95.7,2.86,311.7,3.498,,18.411,18.972,18.972,18.661,0.0,55.0,14.6,4.6,12.86,,,3.35,0.42,390.67,387.32,,NW,,13.33,101219.87,101132.73,
018HI,2024-01-15T11:45:00Z,93860.0,13.922,95.7,2.665,314.3,3.663,,18.361,18.972,18.95,18.628,0.0,55.0,14.6,4.6,12.89,,,0.89,0.71,383.89,383.0,,NW,,13.24,101209.09,101124.28,
018HI,2024-01-15T11:50:00Z,93860.0,13.939,95.2,2.989,311.1,3.833,,18.344,18.972,18.978,18.611,0.0,55.0,14.6,4.6,12.82,,,1.19,0.98,385.96,384.77,,NW,,13.18,101209.09,101123.84,
018HI,2024-01-15T11:55:00Z,93850.0,14.111,95.9,2.886,308.3,3.941,,18.35,18.972,18.95,18.622,0.0,55.0,14.6,4.6,12.82,,,2.82,1.18,390.1,387.28,,NW,,13.46,101198.3,101108.57,
018HI,2024-01-15T12:00:00Z,93840.0,14.211,95.7,2.855,310.7,3.442,,18.306,18.972,18.95,18.578,0.0,54.9,14.6,4.6,12.85,,,4.03,1.02,392.79,388.77,,NW,,13.53,101187.52,101095.2,
018HI,2024-01-15T12:05:00Z,93830.0,14.339,95.6,2.67,309.7,3.498,,18.239,18.961,18.95,18.539,0.0,54.9,14.6,4.6,12.89,,,2.48,1.13,388.44,385.96,,NW,,13.64,101176.74,101081.09,
018HI,2024-01-15T12:10:00Z,93820.0,14.628,95.5,2.567,309.3,3.442,,18.206,18.939,18.95,18.55,0.0,54.9,14.6,4.6,12.82,,,3.19,1.49,393.15,389.96,,NW,,13.91,101165.95,101062.8,
018HI,2024-01-15T12:15:00Z,93810.0,14.689,94.6,2.624,311.4,3.22,,18.217,18.939,18.95,18.511,0.0,54.9,14.6,4.6,12.85,,,5.47,0.97,397.31,391.84,,NW,,13.82,101155.17,101050.45,
018HI,2024-01-15T12:20:00Z,93810.0,14.772,94.2,2.459,312.3,3.39,,18.161,18.939,18.961,18.472,0.0,54.9,14.6,4.6,12.89,,,3.92,0.63,393.07,389.15,,NW,,13.84,101155.17,101048.3,
018HI,2024-01-15T12:25:00Z,93810.0,14.822,94.2,2.397,310.9,3.164,,18.144,18.922,18.972,18.472,0.0,54.8,14.6,4.6,12.85,,,3.88,0.36,395.39,391.51,,NW,,13.89,101155.17,101047.01,
018HI,2024-01-15T12:30:00Z,93810.0,14.75,94.2,2.577,310.8,3.22,,18.139,18.928,18.939,18.461,0.0,54.8,14.6,4.6,12.89,,,2.58,0.25,391.56,388.98,,NW,,13.82,101155.17,101048.87,
018HI,2024-01-15T12:35:00Z,93810.0,14.661,94.5,2.083,314.0,2.943,,18.128,18.911,18.972,18.4,0.0,54.8,14.6,4.6,12.85,,,3.0,0.13,393.95,390.95,,NW,,13.78,101155.17,101051.18,
018HI,2024-01-15T12:40:00Z,93810.0,14.7,94.7,2.289,311.7,2.943,,18.128,18.922,18.95,18.411,0.0,54.8,14.6,4.6,12.89,,,1.93,0.79,390.37,388.43,,NW,,13.85,101155.17,101050.17,
018HI,2024-01-15T12:45:00Z,93800.0,14.85,94.3,2.495,308.9,3.164,,18.117,18.889,18.961,18.372,0.0,54.8,14.6,4.6,12.85,,,2.18,0.87,393.12,390.94,,NW,,13.93,101144.39,101035.51,
018HI,2024-01-15T12:50:00Z,93800.0,14.872,94.7,2.51,306.0,3.22,,18.106,18.9,18.95,18.378,0.0,54.8,14.6,4.6,12.88,,,0.13,0.72,388.46,388.33,,NW,,14.02,101144.39,101034.94,
018HI,2024-01-15T12:55:00Z,93790.0,14.772,94.5,2.526,314.4,3.663,,18.094,18.889,18.972,18.339,0.0,54.8,14.6,4.6,12.81,,,-0.53,0.48,388.86,389.39,,NW,,13.89,101133.6,101026.76,
018HI,2024-01-15T13:00:00Z,93790.0,14.672,94.2,2.577,311.7,3.442,,18.122,18.878,18.922,18.311,0.0,54.8,14.6,4.6,12.85,,,0.36,1.02,389.42,389.06,,NW,,13.74,101133.6,101029.35,
018HI,2024-01-15T13:05:00Z,93790.0,14.678,93.8,2.655,305.8,3.498,,18.083,18.9,18.972,18.322,0.0,54.8,14.5,4.6,12.88,,,-1.02,0.84,384.02,385.03,,NW,,13.68,101133.6,101029.2,
018HI,2024-01-15T13:10:00Z,93800.0,14.639,94.6,2.66,302.2,3.22,,18.067,18.872,18.972,18.3,0.0,54.8,14.5,4.6,12.81,,,-0.92,0.88,385.91,386.83,,WNW,,13.77,101144.39,101040.98,
018HI,2024-01-15T13:15:00Z,93800.0,14.539,95.1,2.644,303.0,3.334,,18.083,18.872,18.972,18.272,0.0,54.8,14.5,4.6,12.84,,,0.25,0.77,388.22,387.97,,WNW,,13.76,101144.39,101043.57,
018HI,2024-01-15T13:20:00Z,93800.0,14.489,95.4,2.613,301.8,3.611,,18.028,18.861,18.972,18.272,0.0,54.8,14.5,4.6,12.88,,,-1.82,0.9,382.68,384.5,,WNW,,13.76,101144.39,101044.87,
018HI,2024-01-15T13:25:00Z,93800.0,14.222,95.0,2.258,308.9,3.39,,18.011,18.85,19.0,18.239,0.0,54.8,14.5,4.6,12.81,,,-1.32,0.5,384.03,385.35,,NW,,13.42,101144.39,101051.82,
018HI,2024-01-15T13:30:00Z,93800.0,14.35,95.1,2.243,305.3,3.334,,18.039,18.861,18.989,18.228,0.0,54.8,14.5,4.6,12.8,,,0.63,1.19,386.92,386.29,,NW,,13.57,101144.39,101048.49,
018HI,2024-01-15T13:35:00Z,93790.0,14.261,95.2,2.526,301.7,3.555,,18.017,18.839,18.961,18.2,0.0,54.8,14.5,4.6,12.84,,,1.03,1.08,387.54,386.5,,WNW,,13.5,101133.6,101040.03,
018HI,2024-01-15T13:40:00Z,93790.0,14.539,95.2,2.12,293.5,3.112,,17.956,18.839,18.95,18.2,0.0,54.8,14.5,4.6,12.87,,,-0.47,1.78,382.87,383.33,,WNW,,13.77,101133.6,101032.8,
018HI,2024-01-15T13:45:00Z,93790.0,14.511,95.1,2.047,306.3,2.557,,17.928,18.828,18.961,18.172,0.0,54.7,14.5,4.6,12.8,,,-0.22,0.98,385.05,385.28,,NW,,13.73,101133.6,101033.53,
018HI,2024-01-15T13:50:00Z,93780.0,14.439,95.4,2.053,299.8,2.5,,17.95,18.822,18.972,18.161,0.0,54.7,14.5,4.6,12.84,,,1.91,0.82,388.03,386.12,,WNW,,13.71,101122.82,101024.63,
018HI,2024-01-15T13:55:00Z,93780.0,14.278,95.7,1.981,298.9,2.943,,17.894,18.822,18.939,18.139,0.0,54.7,14.5,4.6,12.87,,,-0.18,0.45,382.42,382.61,,WNW,,13.59,101122.82,101028.81,
018HI,2024-01-15T14:00:00Z,93790.0,14.122,95.9,1.348,305.9,2.222,,17.883,18.822,18.978,18.122,0.0,54.7,14.5,4.6,12.8,,,0.88,0.26,383.82,382.94,,NW,,13.47,101133.6,101043.65,
018HI,2024-01-15T14:05:00Z,93790.0,14.022,96.3,1.878,308.9,2.444,,17.911,18.789,18.961,18.089,0.0,54.7,14.5,4.6,12.84,,,1.88,0.59,386.18,384.3,,NW,,13.44,101133.6,101046.25,
018HI,2024-01-15T14:10:00Z,93790.0,14.0,96.5,1.975,310.7,2.608,,17.861,18.822,18.978,18.05,0.0,54.7,14.5,4.6,12.87,,,0.06,0.73,380.97,380.91,,NW,,13.45,101133.6,101046.82,
018HI,2024-01-15T14:15:00Z,93800.0,13.878,96.2,2.341,309.2,,,17.844,18.772,18.961,18.078,0.0,54.7,14.5,4.6,12.8,,,-0.87,0.77,382.62,383.49,,NW,,13.28,101144.39,101060.78,
018HI,2024-01-15T14:20:00Z,93810.0,13.878,96.4,2.366,307.1,2.778,,17.861,18.778,18.961,18.022,0.0,54.7,14.5,4.6,12.79,,,0.37,0.85,384.95,384.59,,NW,,13.31,101155.17,101071.56,
018HI,2024-01-15T14:25:00Z,93810.0,13.828,96.4,2.253,305.6,2.665,,17.839,18.772,18.978,18.028,0.0,54.7,14.5,4.6,12.83,,,0.72,0.6,385.19,384.47,,NW,,13.26,101155.17,101072.86,
018HI,2024-01-15T14:30:00Z,93820.0,13.889,96.6,2.346,306.2,2.778,,17.783,18.772,18.978,18.022,0.0,54.7,14.5,4.6,12.87,,,-2.9,0.82,378.37,381.27,,NW,,13.35,101165.95,101082.04,
018HI,2024-01-15T14:35:00Z,93820.0,13.789,96.5,2.279,307.5,2.778,,17.761,18.75,18.972,18.0,0.0,54.7,14.5,4.6,12.8,,,-4.3,0.87,378.9,383.19,,NW,,13.24,101165.95,101084.65,
018HI,2024-01-15T14:40:00Z,93820.0,13.778,96.6,2.366,306.2,2.778,,17.783,18.722,18.978,17.978,0.0,54.6,14.5,4.6,12.83,,,-3.8,0.79,380.65,384.45,,NW,,13.24,101165.95,101084.94,
018HI,2024-01-15T14:45:00Z,93830.0,13.739,96.6,2.634,307.9,3.39,,17.733,18.761,18.95,17.978,0.0,54.6,14.5,4.6,12.87,,,-6.24,0.68,374.82,381.06,,NW,,13.2,101176.74,101096.73,
018HI,2024-01-15T14:50:00Z,93830.0,13.661,96.6,2.464,307.0,3.498,,17.711,18.728,18.972,17.95,0.0,54.6,14.5,4.6,12.79,,,-7.06,0.77,375.99,383.05,,NW,,13.12,101176.74,101098.77,
018HI,2024-01-15T14:55:00Z,93830.0,13.6,96.6,2.608,308.6,3.22,,17.733,18.722,18.978,17.928,0.0,54.5,14.5,4.6,12.79,,,-5.31,0.61,378.43,383.74,,NW,,13.06,101176.74,101100.37,
018HI,2024-01-15T15:00:00Z,93830.0,13.511,96.6,2.51,308.5,,,17.717,18.728,18.961,17.922,0.0,54.5,14.5,4.6,12.82,,,-5.04,0.44,378.55,383.59,,NW,,12.98,101176.74,101102.7,
018HI,2024-01-15T15:05:00Z,93840.0,13.522,96.7,2.397,306.6,2.829,,17.667,18.722,18.961,17.9,0.0,54.5,14.5,4.6,12.86,,,-7.0,0.76,372.93,379.93,,NW,,13.0,101187.52,101113.19,
018HI,2024-01-15T15:10:00Z,93840.0,13.65,96.9,2.485,305.0,2.886,,17.644,18.722,18.978,17.872,0.0,54.5,14.5,4.6,12.79,,,-7.67,1.11,374.71,382.38,,NW,,13.16,101187.52,101109.83,
018HI,2024-01-15T15:15:00Z,93840.0,13.55,96.6,2.757,309.7,3.277,,17.661,18.689,18.978,17.861,0.0,54.5,14.5,4.6,12.79,,,-7.1,0.76,376.43,383.52,,NW,,13.01,101187.52,101112.45,
018HI,2024-01-15T15:20:00Z,93840.0,13.472,96.4,2.691,309.9,3.112,,17.644,18.678,18.972,17.85,0.0,54.5,14.5,4.6,12.82,,,-6.57,0.65,376.6,383.18,,NW,,12.9,101187.52,101114.5,
018HI,2024-01-15T15:25:00Z,93840.0,13.411,96.4,2.778,310.5,3.39,,17.594,18.678,18.972,17.85,0.0,54.5,14.5,4.6,12.86,,,-9.25,0.68,370.31,379.56,,NW,,12.84,101187.52,101116.09,
018HI,2024-01-15T15:30:00Z,93840.0,13.439,96.5,2.402,307.3,2.829,,17.578,18.672,18.961,17.811,0.0,54.5,14.5,4.6,12.79,,,-8.95,0.84,372.29,381.23,,NW,,12.89,101187.52,101115.36,
018HI,2024-01-15T15:35:00Z,93840.0,13.5,96.7,2.629,310.3,3.22,,17.594,18.678,18.978,17.789,0.0,54.5,14.5,4.6,12.78,,,-8.18,0.85,374.58,382.76,,NW,,12.98,101187.52,101113.76,
018HI,2024-01-15T15:40:00Z,93840.0,13.411,96.5,2.891,312.4,3.442,,17.572,18.661,18.989,17.772,0.0,54.5,14.5,4.6,12.78,,,-8.63,0.63,374.5,383.13,,NW,,12.86,101187.52,101116.09,
018HI,2024-01-15T15:45:00Z,93840.0,13.361,96.6,2.675,311.0,3.277,,17.556,18.678,18.978,17.739,0.0,54.5,14.5,4.6,12.82,,,-8.38,0.51,374.3,382.67,,NW,,12.83,101187.52,101117.4,
018HI,2024-01-15T15:50:00Z,93840.0,13.228,96.4,2.886,312.3,3.498,,17.506,18.65,18.972,17.728,0.0,54.5,14.4,4.6,12.85,,,-11.78,0.49,367.21,378.99,,NW,,12.66,101187.52,101120.89,
018HI,2024-01-15T15:55:00Z,93840.0,13.222,96.4,3.02,310.7,3.39,,17.494,18.661,18.978,17.722,0.0,54.5,14.4,4.6,12.78,,,-12.22,0.85,368.59,380.81,,NW,,12.66,101187.52,101121.05,
018HI,2024-01-15T16:00:00Z,93840.0,13.178,96.4,2.67,310.1,3.164,,17.517,18.639,18.972,17.689,0.0,54.5,14.4,4.6,12.78,,,-10.74,0.62,370.8,381.54,,NW,,12.61,101187.52,101122.2,
018HI,2024-01-15T16:05:00Z,93850.0,13.161,96.5,2.814,311.4,3.334,,17.5,18.65,18.978,17.711,0.0,54.5,14.4,4.6,12.78,,,-11.16,0.71,370.81,381.97,,NW,,12.61,101198.3,101133.43,
018HI,2024-01-15T16:10:00Z,93850.0,13.228,96.6,3.071,312.8,3.611,,17.472,18.622,18.972,17.65,0.0,54.4,14.4,4.6,12.77,,,-12.36,0.86,370.05,382.41,,NW,,12.69,101198.3,101131.67,
018HI,2024-01-15T16:15:00Z,93860.0,13.2,96.1,2.67,310.3,3.611,,17.45,18.611,18.972,17.639,0.0,54.4,14.4,4.6,12.82,,,-13.08,0.67,368.94,382.02,,NW,,12.59,101209.09,101143.18,
018HI,2024-01-15T16:20:00Z,93860.0,13.061,95.6,2.86,310.3,3.611,,17.406,18.6,19.011,17.622,0.0,54.4,14.4,4.6,12.84,,,-14.4,0.61,363.3,377.7,,NW,,12.37,101209.09,101146.83,
018HI,2024-01-15T16:25:00Z,93860.0,13.011,95.7,3.082,310.8,3.663,,17.4,18.572,19.0,17.611,0.0,54.4,14.4,4.6,12.78,,,-15.27,0.87,364.28,379.55,,NW,,12.33,101209.09,101148.15,
018HI,2024-01-15T16:30:00Z,93860.0,13.011,95.4,3.184,310.4,3.555,,17.422,18.578,18.978,17.6,0.0,54.4,14.4,4.6,12.81,,,-14.32,0.99,366.25,380.57,,NW,,12.28,101209.09,101148.15,
018HI,2024-01-15T16:35:00Z,93860.0,12.911,95.4,2.891,310.8,3.611,,17.372,18.578,18.972,17.589,0.0,54.4,14.4,4.6,12.85,,,-16.29,0.57,360.61,376.9,,NW,,12.19,101209.09,101150.78,
018HI,2024-01-15T16:40:00Z,93860.0,12.939,95.6,2.865,310.1,3.442,,17.35,18.572,18.989,17.561,0.0,54.4,14.4,4.6,12.77,,,-16.39,0.94,362.44,378.83,,NW,,12.25,101209.09,101150.04,
018HI,2024-01-15T16:45:00Z,93860.0,12.989,95.9,2.876,312.4,3.334,,17.367,18.55,18.989,17.528,0.0,54.4,14.4,4.6,12.77,,,-15.77,1.02,364.44,380.22,,NW,,12.34,101209.09,101148.73,
018HI,2024-01-15T16:50:00Z,93860.0,13.061,96.0,2.531,308.9,3.22,,17.333,18.55,19.0,17.511,0.0,54.4,14.4,4.6,12.81,,,-15.1,,365.26,380.36,,NW,,12.43,101209.09,101146.83,
018HI,2024-01-15T16:55:00Z,93850.0,13.061,96.0,2.613,307.8,3.164,,17.278,18.539,18.978,17.511,0.0,54.4,14.4,4.6,12.84,,,-17.86,1.44,359.61,377.47,,NW,,12.43,101198.3,101136.06,
018HI,2024-01-15T17:00:00Z,93850.0,13.05,96.1,2.51,309.0,3.056,,17.261,18.522,18.978,17.5,0.0,54.4,14.4,4.6,12.76,,,-18.12,1.78,361.43,379.55,,NW,,12.44,101198.3,101136.34,
018HI,2024-01-15T17:05:00Z,93850.0,12.972,96.1,2.907,310.9,3.611,,17.283,18.528,19.011,17.478,0.0,54.4,14.4,4.6,12.81,,,-18.02,2.29,362.82,380.84,,NW,,12.36,101198.3,101138.39,
018HI,2024-01-15T17:10:00Z,93860.0,13.011,96.3,2.516,308.4,3.22,,17.233,18.522,18.989,17.472,0.0,54.4,14.4,4.6,12.85,,,-20.05,5.89,357.63,377.68,,NW,,12.43,101209.09,101148.14,
018HI,2024-01-15T17:15:00Z,93860.0,13.111,96.3,2.577,310.9,,,17.211,18.522,18.989,17.439,0.0,54.4,14.4,4.6,12.81,,,-19.87,8.65,360.5,380.37,,NW,,12.53,101209.09,101145.52,
018HI,2024-01-15T17:20:00Z,93860.0,13.378,96.2,2.387,309.6,3.056,,17.189,18.5,18.989,17.428,0.0,54.4,14.4,4.6,12.85,,,-20.91,12.09,358.5,379.41,,NW,,12.78,101209.09,101138.51,
018HI,2024-01-15T17:25:00Z,93870.0,13.689,95.9,2.099,310.1,2.557,,17.161,18.478,19.0,17.411,0.0,54.4,14.4,4.6,12.81,,,-20.14,15.41,362.94,383.07,,NW,,13.04,101219.87,101141.14,
018HI,2024-01-15T17:30:00Z,93870.0,14.05,95.9,1.502,312.4,,,17.139,18.472,19.011,17.378,0.0,54.4,14.4,4.6,12.86,,,-20.9,19.32,361.77,382.67,,NW,,13.4,101219.87,101131.71,
018HI,2024-01-15T17:35:00Z,93880.0,14.5,95.0,1.163,304.5,1.667,,17.117,18.472,19.028,17.389,0.0,54.3,14.4,4.6,12.82,,,-21.25,23.98,365.77,387.02,,NW,,13.7,101230.65,101130.77,
018HI,2024-01-15T17:40:00Z,93880.0,15.022,93.4,1.23,309.9,1.667,,17.1,18.45,18.989,17.35,0.0,54.3,14.4,4.6,12.91,,,-23.16,27.4,364.13,387.3,,NW,,13.96,101230.65,101117.23,
018HI,2024-01-15T17:45:00Z,93880.0,15.45,92.2,1.142,318.9,1.554,,17.05,18.45,18.989,17.339,0.0,54.4,14.4,4.6,12.96,,,-27.02,30.94,362.35,389.37,,NW,,14.18,101230.65,101106.16,
018HI,2024-01-15T17:50:00Z,93880.0,15.839,91.5,0.509,330.1,1.111,,17.039,18.428,18.978,17.339,0.0,54.4,14.4,4.6,12.99,,,-29.46,34.13,362.59,392.05,,NNW,,14.44,101230.65,101096.13,
018HI,2024-01-15T17:55:00Z,93880.0,16.222,90.9,0.828,310.3,1.332,,17.028,18.428,18.978,17.289,0.0,54.4,14.4,4.6,13.04,,,-29.82,37.47,363.5,393.33,,NW,,14.72,101230.65,101086.28,
018HI,2024-01-15T18:00:00Z,93890.0,16.522,90.1,0.751,319.1,1.111,,17.022,18.422,18.989,17.3,0.0,54.4,14.4,4.6,13.08,,,-31.36,41.35,364.27,395.64,,NW,,14.88,101241.43,101089.35,
018HI,2024-01-15T18:05:00Z,93890.0,16.822,88.0,0.35,317.6,0.777,,17.028,18.439,18.961,17.278,0.0,54.4,14.4,4.6,13.14,,,-33.76,45.36,364.34,398.11,,NW,,14.81,101241.43,101081.68,
018HI,2024-01-15T18:10:00Z,93890.0,17.25,83.9,0.087,265.8,0.499,,17.039,18.411,18.978,17.25,0.0,54.4,14.4,4.6,13.21,,,-36.58,49.61,363.6,400.18,,W,,14.48,101241.43,101070.78,
018HI,2024-01-15T18:15:00Z,93890.0,17.639,84.3,0.19,252.3,0.664,,17.05,18.4,18.989,17.239,0.0,54.4,14.4,4.6,13.27,,,-38.69,,363.98,402.68,,WSW,,14.94,101241.43,101060.86,
018HI,2024-01-15T18:20:00Z,93890.0,18.022,83.5,0.365,30.16,0.941,,17.05,18.4,19.011,17.261,0.0,54.4,14.4,4.6,13.33,,,-39.97,58.94,364.42,404.39,,NNE,,15.16,101241.43,101051.14,
018HI,2024-01-15T18:25:00Z,93890.0,18.539,82.2,0.556,59.93,1.723,,17.056,18.389,19.0,17.222,0.0,54.3,14.4,4.6,13.39,,,-42.0,63.46,364.94,406.94,,ENE,,15.42,101241.43,101038.05,
018HI,2024-01-15T18:30:00Z,93900.0,18.639,81.3,1.291,60.91,2.5,,17.061,18.389,19.028,17.2,0.0,54.3,14.3,4.6,13.44,,,-44.67,67.45,363.97,408.64,,ENE,,15.35,101252.22,101046.29,
018HI,2024-01-15T18:35:00Z,93900.0,18.8,84.3,1.286,115.6,1.945,,17.083,18.372,19.0,17.2,0.0,54.4,14.3,4.6,13.48,,,-48.08,72.11,362.95,411.03,,ESE,,16.08,101252.22,101042.2,
018HI,2024-01-15T18:40:00Z,93900.0,18.972,84.8,1.08,102.0,2.166,,17.1,18.372,19.011,17.189,0.0,54.3,14.3,4.6,13.52,,,-52.22,76.75,361.05,413.27,,ESE,,16.34,101252.22,101037.86,
018HI,2024-01-15T18:45:00Z,93900.0,19.028,81.4,0.638,84.3,1.775,,17.128,18.35,19.011,17.172,0.0,54.3,14.3,4.6,13.55,,,-54.98,80.29,358.84,413.82,,E,,15.75,101252.22,101036.48,
018HI,2024-01-15T18:50:00Z,93910.0,19.139,83.2,1.204,117.6,2.053,,17.161,18.339,18.978,17.178,0.0,54.3,14.3,4.6,13.57,,,-58.22,83.67,358.08,416.29,,ESE,,16.2,101263.0,101044.43,
018HI,2024-01-15T18:55:00Z,93910.0,19.178,81.1,0.617,90.0,1.831,,17.189,18.339,18.972,17.172,0.0,54.3,14.3,4.6,13.59,,,-61.83,86.88,355.1,416.93,,E,,15.84,101263.0,101043.46,
018HI,2024-01-15T19:00:00Z,93920.0,19.539,83.3,1.08,107.4,2.053,,17.217,18.328,18.989,17.172,0.0,54.3,14.3,4.6,13.61,,,-64.26,89.45,356.09,420.34,,ESE,,16.61,101273.78,101045.12,
018HI,2024-01-15T19:05:00Z,93920.0,19.322,82.2,1.194,169.4,2.109,,17.239,18.328,18.978,17.178,0.0,54.3,14.3,4.6,13.63,,,-66.67,91.84,353.82,420.5,,S,,16.19,101273.78,101050.59,
018HI,2024-01-15T19:10:00Z,93910.0,19.328,84.0,1.204,153.8,2.109,,17.267,18.311,19.0,17.128,0.0,54.3,14.3,4.6,13.66,,,-70.92,95.79,351.27,422.19,,SSE,,16.54,101263.0,101039.66,
018HI,2024-01-15T19:15:00Z,93910.0,19.372,81.7,1.132,107.7,2.387,,17.294,18.3,18.972,17.15,0.0,54.3,14.3,4.6,13.7,,,-74.93,99.2,347.59,422.53,,ESE,,16.14,101263.0,101038.58,
018HI,2024-01-15T19:20:00Z,93920.0,19.45,82.9,0.993,152.4,2.166,,17.328,18.278,18.95,17.161,0.0,54.3,14.3,4.6,13.74,,,-76.62,103.59,348.63,425.25,,SSE,,16.45,101273.78,101047.36,
018HI,2024-01-15T19:25:00Z,93920.0,19.589,82.2,1.389,145.4,2.557,,17.356,18.261,18.978,17.161,0.0,54.3,14.3,4.6,13.71,,,-78.25,110.74,349.99,428.23,,SE,,16.45,101273.78,101043.88,
018HI,2024-01-15T19:30:00Z,93920.0,19.628,83.3,1.749,152.4,2.886,,17.389,18.261,18.978,17.211,0.0,54.3,14.3,4.6,13.71,,,-78.01,118.96,351.59,429.6,,SSE,,16.7,101273.78,101042.89,
018HI,2024-01-15T19:35:00Z,93920.0,19.8,83.8,1.302,113.0,2.222,,17.422,18.272,18.978,17.189,0.0,54.3,14.3,4.6,13.71,,,-79.26,123.2,352.43,431.69,,ESE,,16.96,101273.78,101038.57,
018HI,2024-01-15T19:40:00Z,93920.0,19.9,80.8,0.566,120.4,1.667,,17.456,18.289,19.011,17.222,0.0,54.3,14.3,4.6,13.7,,,-75.41,127.26,356.49,431.9,,ESE,,16.48,101273.78,101036.09,
018HI,2024-01-15T19:45:00Z,93920.0,20.239,81.4,1.142,141.4,2.5,,17.494,18.25,18.972,17.189,0.0,54.3,14.3,4.6,13.7,,,-75.53,135.27,360.56,436.09,,SE,,16.93,101273.78,101027.6,
018HI,2024-01-15T19:50:00Z,93920.0,20.589,82.1,1.348,103.0,2.721,,17.528,18.239,19.011,17.25,0.0,54.3,14.3,4.6,13.7,,,-74.83,138.31,364.04,438.87,,ESE,,17.41,101273.78,101018.86,
018HI,2024-01-15T19:55:00Z,93920.0,20.389,81.4,0.797,91.0,1.446,,17.578,18.228,18.989,17.25,0.0,54.3,14.3,4.6,13.69,,,-68.99,154.59,371.84,440.83,,E,,17.08,101273.78,101023.86,
018HI,2024-01-15T20:00:00Z,93910.0,20.639,80.8,1.003,162.5,2.444,,17.633,18.239,18.972,17.261,0.0,54.3,14.3,4.6,13.68,,,,92.96,378.81,437.01,,SSE,,17.21,101263.0,101006.87,
018HI,2024-01-15T20:05:00Z,93910.0,20.35,82.9,1.512,120.0,2.665,,17.706,18.228,19.0,17.278,0.0,54.3,14.3,4.6,13.69,,,-64.86,131.49,375.75,440.6,,ESE,,17.33,101263.0,101014.06,
018HI,2024-01-15T20:10:00Z,93910.0,19.911,80.5,1.06,122.8,1.723,,17.778,18.228,18.978,17.311,0.0,54.3,14.3,4.6,13.69,,,-60.94,58.93,368.96,429.89,,ESE,,16.44,101263.0,101025.06,
018HI,2024-01-15T20:15:00Z,93900.0,19.822,83.8,1.168,125.0,2.665,,17.85,18.222,19.0,17.328,0.0,54.3,14.3,4.6,13.68,,,-66.9,118.27,368.93,435.82,,SE,,16.99,101252.22,101016.5,
018HI,2024-01-15T20:20:00Z,93900.0,20.372,82.6,1.996,78.38,3.334,,17.894,18.222,19.022,17.389,0.0,54.3,14.3,4.6,13.68,,,-87.64,166.96,357.62,445.26,,ENE,,17.29,101252.22,101002.76,
018HI,2024-01-15T20:25:00Z,93890.0,20.222,81.9,1.528,82.7,3.112,,17.95,18.2,18.972,17.4,0.0,54.3,14.3,4.6,13.68,,,-88.83,160.09,355.88,444.72,,E,,17.01,101241.43,100995.75,
018HI,2024-01-15T20:30:00Z,93880.0,20.911,81.1,1.013,115.7,2.608,,18.011,18.189,18.978,17.439,0.0,54.3,14.3,4.6,13.68,,,-94.95,152.4,351.65,446.6,,ESE,,17.53,101230.65,100967.83,
018HI,2024-01-15T20:35:00Z,93870.0,20.772,80.3,1.898,132.7,3.22,,18.067,18.222,19.0,17.472,0.0,54.3,14.3,4.6,13.68,,,-98.32,152.88,349.15,447.47,,SE,,17.24,101219.87,100960.54,
018HI,2024-01-15T20:40:00Z,93870.0,21.178,80.2,1.775,131.0,3.442,,18.122,18.2,18.972,17.5,0.0,54.3,14.3,4.6,13.68,,,-97.23,164.09,353.53,450.76,,SE,,17.61,101219.87,100950.45,
018HI,2024-01-15T20:45:00Z,93860.0,21.272,79.63,2.037,99.9,,,18.172,18.2,19.011,17.578,0.0,54.3,14.3,4.6,13.66,,,-96.16,148.72,354.84,451.0,,E,,17.59,101209.09,100937.37,
018HI,2024-01-15T20:50:00Z,93860.0,20.511,78.58,1.584,78.35,3.277,,18.244,18.222,19.0,17.6,0.0,54.3,14.3,4.6,13.66,,,-80.78,50.01,351.09,431.87,,ENE,,16.64,101209.09,100956.3,
018HI,2024-01-15T20:55:00Z,93850.0,20.222,81.5,1.271,96.0,3.277,,18.311,18.189,18.978,17.639,0.0,54.3,14.3,4.6,13.67,,,-76.92,182.73,370.22,447.14,,E,,16.93,101198.3,100952.73,
018HI,2024-01-15T21:00:00Z,93850.0,20.989,79.93,1.554,107.4,4.388,,18.344,18.189,18.972,17.7,0.0,54.2,14.3,4.6,13.66,,,-82.41,201.4,375.13,457.54,,ESE,,17.37,101198.3,100933.64,
018HI,2024-01-15T21:05:00Z,93840.0,21.2,79.86,1.888,111.2,3.555,,18.389,18.189,18.978,17.728,0.0,54.2,14.3,4.6,13.68,,,-72.94,105.57,374.59,447.52,,ESE,,17.57,101187.52,100917.65,
018HI,2024-01-15T21:10:00Z,93830.0,20.9,81.2,1.903,121.0,3.719,,18.45,18.2,18.978,17.778,0.0,54.2,14.3,4.6,13.67,,,-78.08,169.35,375.97,454.06,,ESE,,17.54,101176.74,100914.33,
018HI,2024-01-15T21:15:00Z,93830.0,20.622,82.5,2.603,137.2,3.889,,18.506,18.178,18.989,17.839,0.0,54.2,14.3,4.6,13.67,,,-73.82,162.76,378.51,452.33,,SE,,17.52,101176.74,100921.23,
018HI,2024-01-15T21:20:00Z,93820.0,21.15,83.1,1.646,122.0,3.164,,18.567,18.178,18.972,17.878,0.0,54.2,14.3,4.6,13.67,,,-82.77,205.79,379.15,461.92,,ESE,,18.15,101165.95,100897.34,
018HI,2024-01-15T21:25:00Z,93810.0,21.35,80.1,2.12,108.0,3.941,,18.617,18.178,18.978,17.95,0.0,54.2,14.3,4.6,13.67,,,-84.38,185.68,377.2,461.58,,ESE,,17.76,101155.17,100881.66,
018HI,2024-01-15T21:30:00Z,93800.0,21.3,81.6,2.192,125.8,4.332,,18.689,18.178,18.961,18.0,0.0,54.2,14.3,4.6,13.66,,,-73.09,183.76,388.17,461.26,,SE,,18.01,101144.39,100872.13,
018HI,2024-01-15T21:35:00Z,93790.0,21.561,82.1,2.222,126.4,3.555,,18.756,18.178,18.972,18.05,0.0,54.2,14.3,4.6,13.66,,,-70.24,212.33,396.48,466.72,,SE,,18.36,101133.6,100854.91,
018HI,2024-01-15T21:40:00Z,93780.0,21.339,81.1,1.975,146.0,3.277,,18.844,18.189,18.95,18.111,0.0,54.2,14.3,4.6,13.66,,,-63.16,133.01,394.06,457.22,,SE,,17.95,101122.82,100849.66,
018HI,2024-01-15T21:45:00Z,93770.0,21.172,82.0,1.775,135.2,3.164,,18.933,18.2,18.972,18.15,0.0,54.2,14.3,4.6,13.66,,,-64.86,191.85,397.18,462.04,,SE,,17.96,101112.04,100843.04,
018HI,2024-01-15T21:50:00Z,93760.0,21.5,81.4,1.636,143.6,3.056,,19.006,18.211,18.972,18.211,0.0,54.2,14.3,4.6,13.66,,,-73.4,203.93,393.75,467.15,,SE,,18.16,101101.26,100824.17,
018HI,2024-01-15T21:55:00Z,93760.0,22.05,81.8,2.33,114.6,4.496,,19.072,18.189,18.972,18.278,0.0,54.2,14.2,4.6,13.65,,,-73.58,207.42,398.18,471.76,,ESE,,18.78,101101.26,100810.58,
018HI,2024-01-15T22:00:00Z,93750.0,22.022,79.77,2.351,121.8,3.997,,19.156,18.222,18.972,18.3,0.0,54.2,14.2,4.6,13.65,,,-74.13,217.77,398.55,472.68,,ESE,,18.35,101090.47,100800.54,
018HI,2024-01-15T22:05:00Z,93740.0,21.828,79.78,2.068,119.8,3.776,,19.25,18.228,18.978,18.411,0.0,54.1,14.2,4.6,13.65,,,-77.64,214.56,395.06,472.7,,ESE,,18.16,101079.69,100794.58,
018HI,2024-01-15T22:10:00Z,93730.0,21.839,81.3,2.557,118.1,4.275,,19.356,18.211,18.978,18.478,0.0,54.1,14.2,4.6,13.64,,,-79.5,209.07,394.3,473.8,,ESE,,18.48,101068.91,100783.54,
018HI,2024-01-15T22:15:00Z,93720.0,21.739,82.5,2.5,99.0,4.11,,19.467,18.239,18.972,18.511,0.0,54.1,14.2,4.6,13.63,,,-78.47,159.8,386.03,464.51,,E,,18.61,101058.12,100775.24,
018HI,2024-01-15T22:20:00Z,93710.0,21.7,82.8,2.521,103.2,3.663,,19.567,18.228,18.972,18.6,0.0,54.1,14.2,4.6,13.63,,,-78.59,197.33,390.12,468.71,,ESE,,18.63,101047.34,100765.44,
018HI,2024-01-15T22:25:00Z,93700.0,21.511,82.4,2.341,102.5,3.997,,19.661,18.261,18.972,18.689,0.0,54.1,14.2,4.6,13.64,,,-55.24,121.38,403.11,458.35,,ESE,,18.37,101036.56,100759.36,
018HI,2024-01-15T22:30:00Z,93690.0,21.1,84.7,1.847,116.1,3.663,,19.739,18.272,18.978,18.75,0.0,54.1,14.2,4.6,13.64,,,-43.19,93.33,408.11,451.3,,ESE,,18.41,101025.77,100758.76,
018HI,2024-01-15T22:35:00Z,93680.0,20.772,84.6,2.083,116.9,3.39,,19.783,18.272,18.961,18.861,0.0,54.1,14.2,4.6,13.64,,,-38.19,91.93,409.32,447.51,,ESE,,18.07,101014.99,100756.15,
018HI,2024-01-15T22:40:00Z,93670.0,20.561,85.1,1.554,84.4,3.22,,19.811,18.289,18.989,18.922,0.0,54.1,14.2,4.6,13.64,,,-31.32,73.48,411.53,442.85,,E,,17.96,101004.21,100750.63,
018HI,2024-01-15T22:45:00Z,93660.0,20.478,86.6,2.14,97.7,3.833,,19.85,18.3,18.928,19.0,0.0,54.1,14.2,4.6,13.64,,,-29.58,73.13,411.63,441.21,,E,,18.15,100993.43,100741.92,
018HI,2024-01-15T22:50:00Z,93650.0,20.3,87.2,2.706,93.7,4.054,,19.889,18.289,18.939,19.078,0.0,54.1,14.2,4.6,13.64,,,-29.78,82.6,410.88,440.66,,E,,18.09,100982.64,100735.59,
018HI,2024-01-15T22:55:00Z,93630.0,20.172,88.9,2.294,85.4,3.997,,19.933,18.311,18.978,19.15,0.0,54.1,14.2,4.6,13.64,,,-27.92,77.16,411.25,439.17,,E,,18.27,100961.08,100717.25,
018HI,2024-01-15T23:00:00Z,93620.0,20.172,87.7,2.649,117.2,3.997,,19.956,18.339,18.972,19.239,0.0,54.1,14.2,4.6,13.65,,,-26.19,69.89,411.57,437.76,,ESE,,18.05,100950.29,100706.51,
018HI,2024-01-15T23:05:00Z,93610.0,20.089,88.7,2.14,100.1,3.555,,19.967,18.339,18.95,19.311,0.0,54.0,14.2,4.6,13.65,,,-26.17,65.53,410.93,437.09,,E,,18.15,100939.51,100697.81,
018HI,2024-01-15T23:10:00Z,93600.0,20.061,88.5,2.788,96.8,4.332,,19.978,18.339,18.95,19.389,0.0,54.0,14.2,4.6,13.65,,,-22.89,52.34,410.29,433.19,,E,,18.09,100928.73,100687.75,
018HI,2024-01-15T23:15:00Z,93590.0,19.839,89.1,2.377,97.2,3.776,,19.994,18.361,18.961,19.45,0.0,54.0,14.2,4.6,13.65,,,-22.66,52.72,409.86,432.52,,E,,17.98,100917.95,100682.53,
018HI,2024-01-15T23:20:00Z,93590.0,19.828,89.2,2.042,94.2,3.663,,20.011,18.389,18.95,19.528,0.0,54.0,14.2,4.6,13.65,,,-21.17,49.85,410.36,431.53,,E,,17.99,100917.95,100682.81,
018HI,2024-01-15T23:25:00Z,93580.0,19.739,89.9,2.721,100.5,4.11,,20.022,18.389,18.95,19.6,0.0,54.0,14.2,4.6,13.65,,,-21.32,51.3,409.9,431.22,,E,,18.02,100907.16,100674.27,
018HI,2024-01-15T23:30:00Z,93570.0,19.6,90.7,2.444,94.7,3.442,,20.039,18.428,18.939,19.639,0.0,54.0,14.2,4.6,13.65,,,-21.42,54.33,409.55,430.96,,E,,18.03,100896.38,100666.98,
018HI,2024-01-15T23:35:00Z,93560.0,19.628,90.8,2.248,94.1,3.22,,20.05,18.422,18.972,19.689,0.0,54.0,14.2,4.6,13.67,,,-21.16,50.62,409.65,430.81,,E,,18.07,100885.6,100655.52,
018HI,2024-01-15T23:40:00Z,93560.0,19.772,91.1,1.883,105.2,3.056,,20.056,18.45,18.972,19.739,0.0,54.0,14.2,4.6,13.67,,,-21.76,52.35,410.37,432.13,,ESE,,18.27,100885.6,100651.91,
018HI,2024-01-15T23:45:00Z,93560.0,19.75,90.2,2.289,97.5,3.498,,20.05,18.461,18.95,19.772,0.0,54.0,14.2,4.6,13.68,,,-20.98,48.57,410.28,431.27,,E,,18.09,100885.6,100652.47,
018HI,2024-01-15T23:50:00Z,93550.0,19.6,90.2,2.438,97.9,3.833,,20.067,18.478,18.972,19.85,0.0,54.0,14.2,4.6,13.68,,,-19.12,40.66,409.7,428.83,,E,,17.94,100874.81,100645.46,
018HI,2024-01-15T23:55:00Z,93550.0,19.628,90.5,1.981,97.0,3.611,,20.083,18.511,18.939,19.878,0.0,54.0,14.2,4.6,13.68,,,-19.79,42.91,409.42,429.22,,E,,18.02,100874.81,100644.76,
018HI,2024-01-16T00:00:00Z,93550.0,19.539,89.4,2.552,86.9,4.496,,20.094,18.511,18.939,19.911,0.0,54.0,14.2,4.6,13.68,,,-18.78,42.73,408.89,427.66,,E,,17.74,100874.81,100647.0,
018HI,2024-01-16T00:05:00Z,93550.0,19.639,89.7,2.408,97.2,3.833,,20.106,18.539,18.961,19.961,0.0,54.0,14.2,4.6,13.68,,,-19.16,43.16,408.79,427.95,,E,,17.89,100874.81,100644.49,
018HI,2024-01-16T00:10:00Z,93540.0,19.4,89.7,2.073,74.52,3.442,,20.117,18.55,18.95,20.011,0.0,54.0,14.2,4.6,13.68,,,-18.11,36.9,407.78,425.89,,ENE,,17.65,100864.03,100639.71,
018HI,2024-01-16T00:15:00Z,93540.0,19.239,90.2,2.562,88.1,4.275,,20.139,18.578,18.95,20.011,0.0,54.0,14.2,4.6,13.69,,,-17.49,38.26,407.99,425.48,,E,,17.58,100864.03,100643.74,
018HI,2024-01-16T00:20:00Z,93530.0,19.25,89.8,2.31,75.4,3.39,,20.15,18.611,18.922,20.028,0.0,54.0,14.2,4.6,13.68,,,-17.11,37.66,407.97,425.08,,ENE,,17.52,100853.25,100632.71,
018HI,2024-01-16T00:25:00Z,93530.0,19.2,89.8,1.528,56.45,2.33,,20.156,18.6,18.972,20.078,0.0,54.0,14.2,4.6,13.69,,,-17.84,41.02,408.0,425.84,,ENE,,17.47,100853.25,100633.97,
018HI,2024-01-16T00:30:00Z,93530.0,19.389,90.0,1.322,88.1,2.886,,20.156,18.628,18.939,20.111,0.0,53.9,14.2,4.6,13.69,,,-18.86,41.45,408.3,427.16,,E,,17.7,100853.25,100629.23,
018HI,2024-01-16T00:35:00Z,93530.0,19.4,88.6,1.446,79.36,2.387,,20.156,18.628,18.95,20.139,0.0,53.9,14.2,4.6,13.69,,,-20.15,49.05,408.44,428.6,,E,,17.46,100853.25,100628.97,
018HI,2024-01-16T00:40:00Z,93530.0,19.5,88.4,1.322,86.7,2.33,,20.156,18.672,18.911,20.139,0.0,53.9,14.2,4.6,13.69,,,-20.58,43.47,408.53,429.11,,E,,17.52,100853.25,100626.46,
018HI,2024-01-16T00:45:00Z,93530.0,19.522,87.4,1.96,80.2,3.277,,20.161,18.7,18.922,20.15,0.0,53.9,14.2,4.6,13.69,,,-19.32,40.8,408.22,427.54,,E,,17.36,100853.25,100625.92,
018HI,2024-01-16T00:50:00Z,93520.0,19.611,87.0,1.79,86.8,2.829,,20.167,18.672,18.939,20.2,0.0,53.9,14.2,4.6,13.7,,,-20.14,45.59,408.12,428.26,,E,,17.37,100842.46,100612.94,
018HI,2024-01-16T00:55:00Z,93520.0,19.828,86.0,1.6,101.6,3.056,,20.172,18.678,18.95,20.178,0.0,53.9,14.2,4.6,13.7,,,-21.35,48.55,408.34,429.69,,ESE,,17.4,100842.46,100607.53,
018HI,2024-01-16T01:00:00Z,93520.0,19.839,84.8,1.97,106.0,2.829,,20.178,18.728,18.928,20.211,0.0,53.9,14.2,4.6,13.7,,,-22.27,51.91,408.11,430.39,,ESE,,17.19,100842.46,100607.27,
018HI,2024-01-16T01:05:00Z,93520.0,19.972,84.9,2.109,96.1,3.334,,20.189,18.739,18.928,20.228,0.0,53.9,14.2,4.6,13.7,,,-23.45,54.7,408.37,431.82,,E,,17.34,100842.46,100603.95,
018HI,2024-01-16T01:10:00Z,93520.0,20.05,84.2,1.543,100.2,2.608,,20.2,18.711,18.95,20.25,0.0,53.9,14.2,4.6,13.7,,,-23.36,49.83,408.44,431.8,,E,,17.28,100842.46,100602.01,
018HI,2024-01-16T01:15:00Z,93520.0,19.978,84.4,0.869,100.2,2.053,,20.217,18.811,18.939,20.25,0.0,53.9,14.2,4.6,13.7,,,-21.47,37.74,408.13,429.59,,E,,17.25,100842.46,100603.8,
018HI,2024-01-16T01:20:00Z,93530.0,19.911,84.4,1.636,70.32,2.557,,20.233,18.789,18.922,20.278,0.0,53.9,14.2,4.6,13.71,,,-20.14,37.06,407.88,428.02,,ENE,,17.19,100853.25,100616.23,
018HI,2024-01-16T01:25:00Z,93530.0,19.772,85.3,1.965,80.8,3.164,,20.256,18.811,18.9,20.278,0.0,53.9,14.2,4.6,13.71,,,-19.55,34.73,407.67,427.22,,E,,17.22,100853.25,100619.69,
018HI,2024-01-16T01:30:00Z,93530.0,19.661,85.3,2.032,78.02,2.778,,20.278,18.828,18.922,20.3,0.0,53.8,14.2,4.6,13.71,,,-18.25,32.23,407.18,425.43,,ENE,,17.11,100853.25,100622.47,
018HI,2024-01-16T01:35:00Z,93540.0,19.539,85.7,1.888,85.5,2.778,,20.294,18.85,18.928,20.311,0.0,53.8,14.2,4.6,13.71,,,-18.33,33.83,407.07,425.39,,E,,17.06,100864.03,100636.27,
018HI,2024-01-16T01:40:00Z,93540.0,19.561,86.0,1.487,82.8,2.444,,20.306,18.85,18.939,20.328,0.0,53.8,14.2,4.6,13.71,,,-18.33,31.06,406.81,425.14,,E,,17.14,100864.03,100635.72,
018HI,2024-01-16T01:45:00Z,93550.0,19.622,86.2,1.183,79.16,,,20.306,18.861,18.911,20.35,0.0,53.8,14.2,4.6,13.71,,,-18.12,27.63,406.9,425.01,,E,,17.24,100874.81,100644.95,
018HI,2024-01-16T01:50:00Z,93550.0,19.55,85.9,0.499,84.6,1.775,,20.311,18.872,18.961,20.35,0.0,53.8,14.2,4.6,13.7,,,-17.09,23.88,406.75,423.84,,E,,17.11,100874.81,100646.75,
018HI,2024-01-16T01:55:00Z,93560.0,19.578,86.8,1.163,131.4,2.109,,20.306,18.911,18.939,20.35,0.0,53.8,14.2,4.6,13.67,,,-16.42,19.53,406.5,422.92,,SE,,17.3,100885.6,100656.8,
018HI,2024-01-16T02:00:00Z,93560.0,19.45,87.5,0.885,106.8,2.886,,20.306,18.911,18.922,20.35,0.0,53.8,14.2,4.6,13.63,,,-15.43,17.38,406.33,421.76,,ESE,,17.31,100885.6,100660.0,
018HI,2024-01-16T02:05:00Z,93560.0,19.272,87.5,1.903,67.14,3.164,,20.311,18.961,18.928,20.35,0.0,53.8,14.2,4.6,13.6,,,-13.78,16.11,405.96,419.74,,ENE,,17.13,100885.6,100664.46,
018HI,2024-01-16T02:10:00Z,93570.0,19.111,88.5,1.682,74.76,2.665,,20.317,18.939,18.939,20.339,0.0,53.8,14.2,4.6,13.62,,,-13.64,17.71,405.65,419.29,,ENE,,17.15,100896.38,100679.25,
018HI,2024-01-16T02:15:00Z,93570.0,19.111,89.3,1.296,86.3,,,20.322,18.961,18.95,20.389,0.0,53.8,14.2,4.6,13.63,,,-14.29,19.21,405.62,419.92,,E,,17.3,100896.38,100679.24,
018HI,2024-01-16T02:20:00Z,93570.0,19.128,89.5,1.404,83.9,2.053,,20.317,18.972,18.95,20.4,0.0,53.8,14.2,4.6,13.63,,,-14.3,18.09,405.51,419.8,,E,,17.35,100896.38,100678.81,
018HI,2024-01-16T02:25:00Z,93580.0,19.022,89.5,1.286,65.4,1.945,,20.311,18.989,18.922,20.422,0.0,53.8,14.2,4.6,13.61,,,-13.46,16.12,405.51,418.97,,ENE,,17.24,100907.16,100692.24,
018HI,2024-01-16T02:30:00Z,93580.0,18.972,89.9,0.911,72.14,1.332,,20.306,18.989,18.95,20.422,0.0,53.8,14.2,4.6,13.59,,,-13.67,16.88,405.75,419.42,,ENE,,17.27,100907.16,100693.49,
018HI,2024-01-16T02:35:00Z,93590.0,18.989,90.3,1.085,75.24,1.667,,20.306,19.022,18.928,20.411,0.0,53.8,14.2,4.6,13.57,,,-13.22,15.25,405.86,419.09,,ENE,,17.35,100917.95,100703.82,
018HI,2024-01-16T02:40:00Z,93590.0,19.05,91.4,1.286,106.2,1.945,,20.294,19.022,18.889,20.378,0.0,53.8,14.1,4.6,13.51,,,-13.52,15.57,405.65,419.17,,ESE,,17.61,100917.95,100702.28,
018HI,2024-01-16T02:45:00Z,93600.0,18.989,91.7,1.116,99.6,,,20.322,19.011,18.911,20.4,0.0,53.8,14.1,4.6,13.31,,,-12.01,11.43,410.03,422.04,,E,,17.6,100928.73,100714.57,
018HI,2024-01-16T02:50:00Z,93600.0,18.911,91.9,1.075,101.0,1.554,,20.317,19.061,18.911,20.428,0.0,53.8,14.1,4.6,13.37,,,-12.0,9.99,407.09,419.09,,E,,17.56,100928.73,100716.52,
018HI,2024-01-16T02:55:00Z,93610.0,18.822,92.1,1.085,107.4,1.554,,20.267,19.039,18.911,20.422,0.0,53.8,14.1,4.6,13.38,,,-11.44,8.15,405.74,417.17,,ESE,,17.5,100939.51,100729.52,
018HI,2024-01-16T03:00:00Z,93610.0,18.822,92.4,0.705,111.9,1.276,,20.267,19.061,18.922,20.422,0.0,53.8,14.1,4.6,13.33,,,-11.58,8.57,405.25,416.82,,ESE,,17.55,100939.51,100729.52,
018HI,2024-01-16T03:05:00Z,93610.0,18.75,92.3,0.283,115.6,1.276,,20.294,19.072,18.9,20.422,0.0,53.8,14.1,4.6,13.2,,,-10.13,6.81,409.4,419.53,,ESE,,17.47,100939.51,100731.33,
018HI,2024-01-16T03:10:00Z,93620.0,18.789,92.8,0.257,79.63,0.89,,20.283,19.111,18.911,20.4,0.0,53.7,14.1,4.6,13.27,,,-10.69,6.12,406.63,417.32,,E,,17.59,100950.29,100741.11,
018HI,2024-01-16T03:15:00Z,93630.0,18.761,92.8,0.309,82.9,0.72,,20.239,19.122,18.911,20.411,0.0,53.7,14.1,4.6,13.27,,,-10.38,4.86,405.44,415.82,,E,,17.56,100961.08,100752.57,
018HI,2024-01-16T03:20:00Z,93630.0,18.75,93.0,0.298,82.5,0.777,,20.233,19.139,18.9,20.411,0.0,53.7,14.1,4.6,13.24,,,-10.51,5.06,405.28,415.79,,E,,17.59,100961.08,100752.85,
018HI,2024-01-16T03:25:00Z,93630.0,18.7,93.1,0.005,99.1,0.278,,20.261,19.122,18.961,20.439,0.0,53.7,14.1,4.6,13.13,,,-9.9,4.1,409.56,419.45,,E,,17.55,100961.08,100754.11,
018HI,2024-01-16T03:30:00Z,93630.0,18.711,93.1,0.278,104.1,0.941,,20.25,19.15,18.922,20.4,0.0,53.7,14.1,4.6,13.2,,,-9.16,2.98,406.92,416.08,,ESE,,17.56,100961.08,100753.83,
018HI,2024-01-16T03:35:00Z,93640.0,18.639,93.1,0.19,98.8,0.777,,20.206,19.111,18.928,20.411,0.0,53.7,14.1,4.6,13.21,,,-8.24,2.11,405.87,414.11,,E,,17.49,100971.86,100766.4,
018HI,2024-01-16T03:40:00Z,93640.0,18.628,93.3,0.262,92.2,0.72,,20.2,19.161,18.922,20.411,0.0,53.7,14.1,4.6,13.16,,,-7.83,1.74,405.45,413.28,,E,,17.52,100971.86,100766.68,
018HI,2024-01-16T03:45:00Z,93640.0,18.6,93.6,0.401,100.9,0.89,,20.228,19.178,18.911,20.411,0.0,53.7,14.1,4.6,13.1,,,-6.24,1.33,409.98,416.22,,E,,17.54,100971.86,100767.38,
018HI,2024-01-16T03:50:00Z,93650.0,18.528,94.0,0.612,89.7,1.111,,20.217,19.178,18.9,20.411,0.0,53.7,14.1,4.6,13.13,,,-5.05,0.78,408.39,413.44,,E,,17.54,100982.64,100779.96,
018HI,2024-01-16T03:55:00Z,93660.0,18.272,94.1,0.062,70.16,0.442,,20.211,19.211,18.922,20.411,0.0,53.7,14.1,4.6,13.08,,,-1.76,0.4,412.9,414.66,,ENE,,17.3,100993.43,100797.18,
018HI,2024-01-16T04:00:00Z,93650.0,18.189,94.6,0.0,,0.0,,20.206,19.189,18.911,20.378,0.0,53.7,14.1,4.6,13.12,,,0.03,0.1,411.46,411.43,,,,17.3,100982.64,100788.51,
018HI,2024-01-16T04:05:00Z,93650.0,18.178,95.1,0.0,,0.0,,20.194,19.2,18.922,20.372,0.0,53.7,14.1,4.6,13.07,,,1.16,0.0,415.16,414.0,,,,17.37,100982.64,100788.79,
018HI,2024-01-16T04:10:00Z,93660.0,18.15,95.4,0.0,,0.0,,20.183,19.211,18.889,20.372,0.0,53.7,14.1,4.6,13.11,,,1.77,0.0,412.78,411.0,,,,17.4,100993.43,100800.25,
018HI,2024-01-16T04:15:00Z,93660.0,18.072,95.6,0.0,,0.0,,20.172,19.228,18.922,20.339,0.0,53.6,14.1,4.6,13.06,,,2.74,0.0,416.04,413.3,,,,17.35,100993.43,100802.23,
018HI,2024-01-16T04:20:00Z,93670.0,18.022,95.9,0.098,293.4,0.499,,20.172,19.222,18.922,20.361,0.0,53.6,14.1,4.6,13.11,,,2.08,0.0,412.78,410.7,,WNW,,17.35,101004.21,100814.25,
018HI,2024-01-16T04:25:00Z,93670.0,17.972,96.1,0.0,,0.0,,20.161,19.228,18.911,20.339,0.0,53.6,14.1,4.6,13.06,,,2.78,0.0,415.59,412.81,,,,17.34,101004.21,100815.52,
018HI,2024-01-16T04:30:00Z,93670.0,17.939,96.3,0.0,,0.0,,20.15,19.278,18.911,20.339,0.0,53.6,14.1,4.6,13.1,,,2.42,0.0,412.67,410.25,,,,17.34,101004.21,100816.35,
018HI,2024-01-16T04:35:00Z,93680.0,17.972,96.6,0.0,,0.0,,20.128,19.272,18.928,20.339,0.0,53.6,14.1,4.6,13.05,,,3.25,0.0,416.18,412.93,,,,17.42,101014.99,100826.28,
018HI,2024-01-16T04:40:00Z,93680.0,17.972,96.7,0.0,,0.0,,20.111,19.228,18.9,20.328,0.0,53.6,14.1,4.6,13.1,,,2.66,0.0,413.49,410.83,,,,17.44,101014.99,100826.28,
018HI,2024-01-16T04:45:00Z,93690.0,18.0,96.9,0.077,279.7,0.556,,20.094,19.239,18.878,20.311,0.0,53.6,14.1,4.6,13.05,,,2.71,0.0,416.63,413.92,,W,,17.5,101025.77,100836.33,
018HI,2024-01-16T04:50:00Z,93700.0,17.972,97.0,0.015,320.9,0.612,,20.078,19.311,18.911,20.289,0.0,53.6,14.1,4.6,13.09,,,2.03,0.0,413.45,411.42,,NW,,17.48,101036.56,100847.8,
018HI,2024-01-16T04:55:00Z,93700.0,18.0,97.2,0.545,322.1,0.998,,20.067,19.328,18.872,20.3,0.0,53.6,14.1,4.6,13.05,,,1.84,0.0,416.42,414.58,,NW,,17.55,101036.56,100847.09,
018HI,2024-01-16T05:00:00Z,93700.0,18.011,97.3,0.051,159.9,0.556,,20.05,19.3,18.922,20.261,0.0,53.6,14.1,4.6,13.09,,,2.16,0.0,413.36,411.2,,SSE,,17.57,101036.56,100846.81,
018HI,2024-01-16T05:05:00Z,93710.0,18.022,97.5,0.422,153.2,0.941,,20.033,19.278,18.928,20.261,0.0,53.6,14.1,4.6,13.04,,,2.83,0.0,416.58,413.75,,SSE,,17.62,101047.34,100857.29,
018HI,2024-01-16T05:10:00Z,93710.0,18.011,97.6,0.365,128.4,1.055,,20.022,19.289,18.889,20.272,0.0,53.6,14.1,4.6,13.08,,,2.26,0.0,413.39,411.12,,SE,,17.62,101047.34,100857.57,
018HI,2024-01-16T05:15:00Z,93720.0,18.011,97.7,1.121,96.5,2.665,,20.011,19.289,18.889,20.228,0.0,53.6,14.1,4.6,13.0,,,2.24,0.0,416.06,413.82,,E,,17.64,101058.12,100868.33,
018HI,2024-01-16T05:20:00Z,93730.0,18.078,98.0,0.648,219.3,2.778,,20.033,19.322,18.889,20.239,0.0,53.6,14.1,4.6,13.03,,,3.66,0.0,418.96,415.3,,SW,,17.75,101068.91,100877.39,
018HI,2024-01-16T05:25:00Z,93730.0,18.011,97.9,0.731,286.4,1.888,,19.983,19.311,18.939,20.222,0.0,53.6,14.1,4.6,13.08,,,2.59,0.0,414.32,411.73,,WNW,,17.67,101068.91,100879.09,
018HI,2024-01-16T05:30:00Z,93730.0,18.1,98.2,0.911,142.1,3.056,,19.967,19.35,18.889,20.2,0.254,53.6,14.1,4.6,13.0,,,2.11,0.0,416.63,414.51,,SE,,17.81,101068.91,100876.83,
018HI,2024-01-16T05:35:00Z,93740.0,18.322,98.5,1.302,173.1,3.611,,19.989,19.328,18.872,20.172,0.0,53.6,14.1,4.6,13.02,,,2.77,0.27,419.23,416.46,,S,,18.08,101079.69,100881.98,
018HI,2024-01-16T05:40:00Z,93740.0,18.278,98.3,1.41,168.7,3.719,,19.939,19.35,18.922,20.15,0.0,53.6,14.1,4.6,13.07,,,1.34,0.0,414.12,412.78,,SSE,,18.0,101079.69,100883.09,
018HI,2024-01-16T05:45:00Z,93740.0,18.372,98.5,1.795,150.1,3.663,,19.922,19.322,18.889,20.172,0.0,53.6,14.1,4.6,12.99,,,0.8,0.27,416.53,415.73,,SSE,,18.13,101079.69,100880.71,
018HI,2024-01-16T05:50:00Z,93750.0,18.639,98.7,2.716,156.0,7.665,,19.944,19.35,18.928,20.15,0.0,53.6,14.1,4.6,12.98,,,0.46,0.76,418.46,418.0,,SSE,,18.43,101090.47,100884.73,
018HI,2024-01-16T05:55:00Z,93760.0,18.728,98.4,3.195,159.5,5.33,,19.922,19.35,18.872,20.139,0.0,53.6,14.1,4.6,13.02,,,0.21,0.55,418.7,418.49,,SSE,,18.47,101101.26,100893.25,
018HI,2024-01-16T06:00:00Z,93770.0,18.761,97.9,0.772,132.7,2.721,,19.872,19.35,18.922,20.139,0.0,53.6,14.1,4.6,13.06,,,-0.73,0.0,413.67,414.4,,SE,,18.42,101112.04,100903.18,
018HI,2024-01-16T06:05:00Z,93770.0,18.722,97.8,0.844,79.07,2.166,,19.867,19.328,18.922,20.128,0.0,53.6,14.1,4.6,12.98,,,-1.28,0.0,415.23,416.51,,E,,18.36,101112.04,100904.16,
018HI,2024-01-16T06:10:00Z,93770.0,18.7,97.8,1.024,85.5,1.61,,19.9,19.378,18.911,20.111,0.0,53.6,14.1,4.6,13.02,,,0.49,0.0,418.28,417.79,,E,,18.34,101112.04,100904.72,
018HI,2024-01-16T06:15:00Z,93770.0,18.689,97.9,1.538,114.1,2.721,,19.861,19.339,18.861,20.122,0.0,53.6,14.1,4.6,13.06,,,-0.92,0.0,413.74,414.66,,ESE,,18.35,101112.04,100904.99,
018HI,2024-01-16T06:20:00Z,93770.0,18.678,97.9,1.106,194.5,1.723,,19.856,19.372,18.911,20.078,0.0,53.5,14.1,4.6,13.02,,,-0.12,0.0,416.88,417.01,,SSW,,18.34,101112.04,100905.27,
018HI,2024-01-16T06:25:00Z,93770.0,18.65,98.0,0.7,165.4,1.497,,19.856,19.378,18.911,20.089,0.0,53.5,14.1,4.6,13.06,,,-1.33,0.0,413.0,414.33,,SSE,,18.33,101112.04,100905.98,
018HI,2024-01-16T06:30:00Z,93780.0,18.678,98.0,0.545,168.1,1.61,,19.85,19.389,18.889,20.061,0.0,53.5,14.1,4.6,13.02,,,-0.34,0.0,416.25,416.59,,SSE,,18.35,101122.82,100916.03,
018HI,2024-01-16T06:35:00Z,93780.0,18.678,98.1,0.571,163.3,1.111,,19.844,19.35,18.911,20.05,0.0,53.5,14.1,4.6,13.05,,,-2.59,0.0,411.3,413.89,,SSE,,18.37,101122.82,100916.03,
018HI,2024-01-16T06:40:00Z,93790.0,18.639,98.1,0.412,196.7,1.276,,19.839,19.361,18.9,20.061,0.0,53.5,14.1,4.6,13.01,,,-1.15,0.0,415.18,416.32,,SSW,,18.33,101133.6,100927.78,
018HI,2024-01-16T06:45:00Z,93790.0,18.628,98.2,0.386,168.1,1.111,,19.833,19.389,18.9,20.011,0.0,53.5,14.1,4.6,13.05,,,-0.15,0.0,413.87,414.02,,SSE,,18.34,101133.6,100928.05,
018HI,2024-01-16T06:50:00Z,93790.0,18.639,98.3,0.195,154.3,0.833,,19.828,19.389,18.922,20.022,0.0,53.5,14.1,4.6,13.01,,,0.27,0.0,416.73,416.46,,SSE,,18.36,101133.6,100927.78,
018HI,2024-01-16T06:55:00Z,93790.0,18.65,98.4,0.365,176.2,0.664,,19.822,19.389,18.889,20.0,0.0,53.5,14.1,4.6,13.05,,,-0.23,0.0,414.0,414.23,,S,,18.39,101133.6,100927.5,
018HI,2024-01-16T07:00:00Z,93790.0,18.661,98.4,0.19,144.7,0.72,,19.811,19.389,18.911,20.022,0.0,53.5,14.1,4.6,13.01,,,0.68,0.0,417.48,416.8,,SE,,18.4,101133.6,100927.22,
018HI,2024-01-16T07:05:00Z,93790.0,18.622,98.4,0.113,197.0,0.556,,19.806,19.4,18.939,19.989,0.0,53.5,14.0,4.6,13.05,,,-0.07,0.0,414.07,414.14,,SSW,,18.36,101133.6,100928.2,
018HI,2024-01-16T07:10:00Z,93800.0,18.611,98.5,0.149,297.1,0.833,,19.8,19.428,18.911,19.978,0.0,53.5,14.0,4.6,13.01,,,-0.09,0.0,416.63,416.71,,WNW,,18.37,101144.39,100939.24,
018HI,2024-01-16T07:15:00Z,93800.0,18.572,98.5,1.163,308.8,,,19.8,19.4,18.939,19.972,0.0,53.5,14.1,4.6,13.04,,,-8.14,0.0,405.54,413.68,,NW,,18.33,101144.39,100940.23,
018HI,2024-01-16T07:20:00Z,93790.0,18.378,98.3,1.255,299.5,1.775,,19.794,19.4,18.922,19.961,0.0,53.5,14.0,4.6,13.0,,,-10.08,0.0,404.63,414.71,,WNW,,18.1,101133.6,100934.37,
018HI,2024-01-16T07:25:00Z,93800.0,18.278,98.4,0.787,261.2,1.61,,19.8,19.428,18.939,19.939,0.0,53.5,14.1,4.6,13.04,,,-1.66,0.0,410.18,411.84,,W,,18.02,101144.39,100947.66,
018HI,2024-01-16T07:30:00Z,93790.0,18.322,98.5,0.633,239.5,1.497,,19.789,19.372,18.911,19.928,0.0,53.5,14.1,4.6,13.0,,,-0.46,0.0,414.94,415.39,,WSW,,18.08,101133.6,100935.79,
018HI,2024-01-16T07:35:00Z,93800.0,18.3,98.4,1.137,316.3,,,19.778,19.389,18.911,19.922,0.0,53.5,14.1,4.6,13.04,,,-0.88,0.0,412.29,413.17,,NW,,18.04,101144.39,100947.11,
018HI,2024-01-16T07:40:00Z,93800.0,18.178,98.1,1.199,301.5,1.723,,19.772,19.389,18.922,19.911,0.0,53.5,14.1,4.6,13.0,,,-0.18,0.0,414.86,415.04,,WNW,,17.87,101144.39,100950.2,
018HI,2024-01-16T07:45:00Z,93800.0,18.239,98.2,1.07,304.3,1.389,,19.767,19.411,18.889,19.928,0.0,53.5,14.1,4.6,13.04,,,-0.77,0.0,411.46,412.23,,NW,,17.95,101144.39,100948.65,
018HI,2024-01-16T07:50:00Z,93790.0,18.239,98.0,0.602,280.9,1.111,,19.756,19.4,18.928,19.911,0.0,53.5,14.1,4.6,13.0,,,-0.7,0.0,413.99,414.69,,W,,17.92,101133.6,100937.89,
018HI,2024-01-16T07:55:00Z,93790.0,18.25,98.0,0.324,129.2,0.998,,19.75,19.422,18.928,19.911,0.0,53.5,14.1,4.6,13.03,,,-3.18,0.0,408.92,412.1,,SE,,17.93,101133.6,100937.61,
018HI,2024-01-16T08:00:00Z,93790.0,18.111,97.7,0.36,27.42,1.168,,19.739,19.361,18.9,19.9,0.0,53.5,14.1,4.6,12.99,,,-7.62,0.0,406.15,413.77,,NNE,,17.74,101133.6,100941.13,
018HI,2024-01-16T08:05:00Z,93790.0,17.95,97.5,0.566,301.0,1.224,,19.739,19.389,18.922,19.9,0.0,53.5,14.1,4.6,13.03,,,-15.95,0.0,394.11,410.06,,WNW,,17.55,101133.6,100945.22,
018HI,2024-01-16T08:10:00Z,93790.0,17.878,97.3,0.833,305.1,1.276,,19.739,19.411,18.922,19.878,0.0,53.5,14.1,4.6,12.99,,,-10.76,0.0,400.95,411.71,,NW,,17.44,101133.6,100947.05,
018HI,2024-01-16T08:15:00Z,93790.0,17.75,97.0,0.983,329.1,2.109,,19.739,19.422,18.911,19.839,0.0,53.5,14.1,4.6,13.03,,,-28.84,0.0,378.67,407.52,,NNW,,17.26,101133.6,100950.3,
018HI,2024-01-16T08:20:00Z,93790.0,17.65,96.7,1.332,300.3,1.888,,19.733,19.422,18.911,19.872,0.0,53.5,14.1,4.6,12.99,,,-37.43,0.01,369.98,407.41,,WNW,,17.11,101133.6,100952.84,
018HI,2024-01-16T08:25:00Z,93790.0,17.578,96.3,1.348,301.0,1.723,,19.744,19.411,18.939,19.839,0.0,53.5,14.1,4.6,13.02,,,-41.75,0.19,361.52,403.27,,WNW,,16.98,101133.6,100954.68,
018HI,2024-01-16T08:30:00Z,93790.0,17.628,96.5,1.44,309.7,2.053,,19.728,19.411,18.911,19.839,0.0,53.5,14.1,4.6,12.95,,,-40.05,0.24,365.92,405.97,,NW,,17.06,101133.6,100953.4,
018HI,2024-01-16T08:35:00Z,93780.0,17.539,96.5,1.42,306.8,2.109,,19.739,19.422,18.972,19.839,0.0,53.5,14.1,4.6,12.98,,,-41.06,0.59,364.79,405.84,,NW,,16.97,101122.82,100944.9,
018HI,2024-01-16T08:40:00Z,93780.0,17.45,96.5,1.806,302.3,2.387,,19.683,19.4,18.911,19.822,0.0,53.5,14.1,4.6,13.02,,,-46.71,0.19,355.28,401.99,,WNW,,16.88,101122.82,100947.17,
018HI,2024-01-16T08:45:00Z,93780.0,17.472,96.8,1.584,301.1,2.109,,19.656,19.389,18.939,19.828,0.0,53.5,14.1,4.6,12.94,,,-45.33,0.3,358.21,403.53,,WNW,,16.95,101122.82,100946.61,
018HI,2024-01-16T08:50:00Z,93780.0,17.311,96.8,1.538,303.2,,,19.667,19.422,18.939,19.789,0.0,53.5,14.1,4.6,12.97,,,-46.08,0.0,357.73,403.81,,WNW,,16.79,101122.82,100950.7,
018HI,2024-01-16T08:55:00Z,93780.0,17.422,97.4,1.425,302.4,1.667,,19.611,19.411,18.961,19.8,0.0,53.5,14.1,4.6,13.01,,,-38.64,0.41,362.56,401.2,,WNW,,17.0,101122.82,100947.87,
018HI,2024-01-16T09:00:00Z,93780.0,17.45,97.3,1.343,305.1,1.945,,19.572,19.411,18.939,19.761,0.0,53.5,14.1,4.6,12.94,,,-23.17,0.34,381.77,404.94,,NW,,17.01,101122.82,100947.16,
018HI,2024-01-16T09:05:00Z,93780.0,17.339,97.2,1.939,311.0,3.056,,19.583,19.4,18.872,19.739,0.0,53.5,14.1,4.6,12.97,,,-44.36,0.11,361.41,405.77,,NW,,16.89,101122.82,100949.99,
018HI,2024-01-16T09:10:00Z,93780.0,17.4,97.5,1.168,303.0,1.723,,19.533,19.428,18.911,19.728,0.0,53.5,14.0,4.6,13.01,,,-25.91,0.26,376.39,402.3,,WNW,,17.0,101122.82,100948.43,
018HI,2024-01-16T09:15:00Z,93780.0,17.378,97.4,1.79,313.0,2.444,,19.511,19.422,18.939,19.761,0.0,53.5,14.0,4.6,12.93,,,-24.16,0.35,381.57,405.74,,NW,,16.96,101122.82,100948.99,
018HI,2024-01-16T09:20:00Z,93780.0,17.45,97.4,1.368,305.2,,,19.528,19.389,18.922,19.728,0.0,53.5,14.0,4.6,12.97,,,-28.23,0.36,378.83,407.06,,NW,,17.03,101122.82,100947.16,
018HI,2024-01-16T09:25:00Z,93780.0,17.45,97.2,1.446,309.1,,,19.478,19.378,18.939,19.711,0.0,53.5,14.0,4.6,13.0,,,-50.48,0.16,351.67,402.14,,NW,,17.0,101122.82,100947.16,
018HI,2024-01-16T09:30:00Z,93780.0,17.422,97.1,1.718,307.9,2.109,,19.472,19.411,18.939,19.689,0.0,53.4,14.0,4.6,12.93,,,-51.64,0.35,351.5,403.14,,NW,,16.95,101122.82,100947.88,
018HI,2024-01-16T09:35:00Z,93790.0,17.239,96.7,1.595,304.5,2.109,,19.5,19.411,18.972,19.711,0.0,53.4,14.0,4.6,12.96,,,-55.26,0.03,348.46,403.72,,NW,,16.71,101133.6,100963.31,
018HI,2024-01-16T09:40:00Z,93790.0,17.311,96.9,0.736,301.2,1.554,,19.456,19.4,18.939,19.678,0.0,53.4,14.0,4.6,13.0,,,-56.62,0.6,341.97,398.59,,WNW,,16.81,101133.6,100961.47,
018HI,2024-01-16T09:45:00Z,93790.0,17.161,96.3,1.302,297.7,1.667,,19.439,19.411,18.922,19.65,0.0,53.4,14.0,4.6,12.96,,,-55.34,0.19,344.24,399.58,,WNW,,16.56,101133.6,100965.3,
018HI,2024-01-16T09:50:00Z,93790.0,17.011,96.1,1.425,294.2,2.166,,19.439,19.422,18.95,19.65,0.0,53.4,14.0,4.6,13.0,,,-56.76,0.2,340.1,396.85,,WNW,,16.38,101133.6,100969.13,
018HI,2024-01-16T09:55:00Z,93790.0,17.061,96.3,1.204,291.2,1.775,,19.411,19.389,18.911,19.611,0.0,53.4,14.0,4.6,12.92,,,-58.24,0.55,340.73,398.97,,WNW,,16.46,101133.6,100967.85,
