# STATION: 019HI
# STATION NAME: Kahikinui
# LATITUDE: 20.6339
# LONGITUDE: -156.2739
# ELEVATION [ft]: 2339.0
# STATE: HI
Station_ID,Date_Time,pressure_set_1,air_temp_set_1,relative_humidity_set_1,wind_speed_set_1,wind_direction_set_1,wind_gust_set_1,solar_radiation_set_1,soil_temp_set_1,soil_temp_set_2,soil_temp_set_3,soil_temp_set_4,precip_accum_five_minute_set_1,soil_moisture_set_1,soil_moisture_set_2,soil_moisture_set_3,volt_set_1,net_radiation_set_1,net_radiation_sw_set_1,net_radiation_lw_set_1,outgoing_radiation_sw_set_1,incoming_radiation_lw_set_1,outgoing_radiation_lw_set_1,wind_chill_set_1d,wind_cardinal_direction_set_1d,heat_index_set_1d,dew_point_temperature_set_1d,altimeter_set_1d,sea_level_pressure_set_1d,wet_bulb_temperature_set_1d
,,Pascals,Celsius,%,m/s,Degrees,m/s,W/m**2,Celsius,Celsius,Celsius,Celsius,Millimeters,%,%,%,volts,W/m**2,W/m**2,W/m**2,W/m**2,W/m**2,W/m**2,Celsius,code,Celsius,Celsius,Pascals,Pascals,Celsius
019HI,2024-01-15T10:00:00Z,,,,,,3.277,,,,,,,,,,,,,,,,,,,,,,None,
019HI,2024-01-15T10:05:00Z,93080.0,13.172,88.9,2.691,336.2,3.334,0.0,17.872,18.528,18.611,18.528,0.0,11.8,21.7,34.0,12.93,-72.04,-3.35,-68.69,0.44,305.03,373.72,,NNW,,11.36,101364.18,101274.49,
019HI,2024-01-15T10:10:00Z,93080.0,13.489,89.8,1.867,349.3,2.557,0.0,17.85,18.539,18.611,18.511,0.0,11.8,21.7,34.0,12.87,-72.38,-3.29,-69.09,1.54,305.53,374.61,,N,,11.83,101364.18,101265.1,
019HI,2024-01-15T10:15:00Z,93080.0,13.672,89.0,1.878,345.9,2.608,0.0,17.861,18.539,18.6,18.478,0.0,11.8,21.7,34.0,12.86,-71.79,-3.62,-68.17,1.16,307.63,375.81,,NNW,,11.87,101364.18,101259.69,
019HI,2024-01-15T10:20:00Z,93070.0,13.628,88.5,2.114,338.7,2.886,0.0,17.833,18.522,18.611,18.489,0.0,11.8,21.7,34.0,12.92,-73.62,-3.73,-69.88,0.75,306.01,375.89,,NNW,,11.74,101353.29,101250.12,
019HI,2024-01-15T10:25:00Z,93070.0,13.511,88.5,2.001,341.0,2.665,0.0,17.778,18.528,18.6,18.428,0.0,11.8,21.7,34.0,12.92,-72.81,-3.68,-69.13,0.73,305.31,374.43,,NNW,,11.63,101353.29,101253.58,
019HI,2024-01-15T10:30:00Z,93060.0,13.8,89.4,1.698,348.7,2.557,0.0,17.761,18.522,18.622,18.45,0.0,11.8,21.7,34.0,12.88,-73.46,-3.71,-69.74,1.34,305.49,375.23,,NNW,,12.07,101342.4,101234.15,
019HI,2024-01-15T10:35:00Z,93070.0,13.672,89.5,2.094,338.2,2.829,0.0,17.772,18.539,18.6,18.422,0.0,11.8,21.7,34.0,12.85,-72.0,-3.8,-68.2,0.81,307.92,376.11,,NNW,,11.96,101353.29,101248.81,
019HI,2024-01-15T10:40:00Z,93070.0,13.389,90.0,2.382,337.5,3.056,0.0,17.75,18.5,18.639,18.411,0.0,11.8,21.7,34.0,12.91,-73.11,-3.64,-69.46,0.33,306.34,375.81,,NNW,,11.77,101353.29,101257.17,
019HI,2024-01-15T10:45:00Z,93070.0,13.328,90.5,2.572,334.7,3.056,0.0,17.7,18.5,18.622,18.428,0.0,11.8,21.7,34.0,12.87,-73.71,-3.65,-70.06,0.4,304.74,374.8,,NNW,,11.79,101353.29,101258.98,
019HI,2024-01-15T10:50:00Z,93060.0,13.178,90.8,2.778,332.2,3.39,0.0,17.717,18.511,18.628,18.372,0.0,11.8,21.7,34.0,12.85,-72.58,-3.52,-69.07,0.21,306.39,375.46,,NNW,,11.69,101342.4,101252.54,
019HI,2024-01-15T10:55:00Z,93060.0,12.772,89.5,2.927,328.7,3.498,0.0,17.7,18.522,18.639,18.361,0.0,11.8,21.7,34.0,12.91,-72.02,-3.22,-68.8,0.0,304.65,373.46,,NNW,,11.07,101342.4,101264.6,
019HI,2024-01-15T11:00:00Z,93060.0,12.761,87.9,2.202,333.8,,0.0,17.667,18.522,18.628,18.378,0.0,11.8,21.7,34.0,12.84,-70.02,-2.73,-67.29,0.68,303.87,371.15,,NNW,,10.79,101342.4,101264.94,
019HI,2024-01-15T11:05:00Z,93060.0,13.011,87.3,1.975,341.7,2.829,0.0,17.656,18.511,18.639,18.328,0.0,11.8,21.7,34.0,12.91,-70.52,-3.27,-67.25,1.06,304.1,371.35,,NNW,,10.93,101342.4,101257.51,
019HI,2024-01-15T11:10:00Z,93060.0,12.922,88.1,2.233,336.1,2.721,0.0,17.65,18.45,18.65,18.3,0.0,11.8,21.7,34.0,12.91,-70.3,-3.21,-67.08,0.65,304.41,371.5,,NNW,,10.98,101342.4,101260.15,
019HI,2024-01-15T11:15:00Z,93060.0,12.772,88.1,2.51,334.1,3.164,0.0,17.633,18.489,18.622,18.3,0.0,11.8,21.7,34.0,12.91,-69.71,-3.03,-66.68,0.53,304.46,371.14,,NNW,,10.83,101342.4,101264.61,
019HI,2024-01-15T11:20:00Z,93060.0,12.689,88.9,2.15,339.4,2.665,0.0,17.617,18.478,18.628,18.278,0.0,11.8,21.7,34.0,12.9,-69.13,-3.14,-65.99,0.65,305.19,371.18,,NNW,,10.89,101342.4,101267.07,
019HI,2024-01-15T11:25:00Z,93050.0,12.861,90.1,2.392,335.5,2.778,0.0,17.594,18.478,18.639,18.261,0.0,11.8,21.7,34.0,12.9,-70.07,-3.16,-66.91,0.86,305.03,371.94,,NNW,,11.26,101331.51,101251.07,
019HI,2024-01-15T11:30:00Z,93050.0,12.778,90.6,2.819,332.8,3.277,0.0,17.567,18.489,18.65,18.239,0.0,11.8,21.7,34.0,12.86,-70.34,-3.2,-67.14,0.25,304.96,372.1,,NNW,,11.26,101331.51,101253.53,
019HI,2024-01-15T11:35:00Z,93040.0,12.828,91.6,2.85,332.3,3.22,0.0,17.567,18.472,18.65,18.228,0.0,11.8,21.7,34.0,12.76,-70.26,-3.35,-66.91,0.28,307.07,373.98,,NNW,,11.48,101320.62,101241.16,
019HI,2024-01-15T11:40:00Z,93040.0,12.672,91.4,2.459,332.9,2.943,0.0,17.533,18.472,18.661,18.2,0.0,11.8,21.7,34.0,12.89,-70.04,-3.16,-66.88,0.11,306.35,373.23,,NNW,,11.29,101320.62,101245.79,
019HI,2024-01-15T11:45:00Z,93040.0,12.789,91.9,2.243,339.6,2.829,0.0,17.478,18.461,18.65,18.228,0.0,11.8,21.7,34.0,12.85,-69.67,-3.23,-66.44,0.99,306.13,372.57,,NNW,,11.49,101320.62,101242.31,
019HI,2024-01-15T11:50:00Z,93050.0,13.039,92.5,2.377,340.6,3.112,0.0,17.489,18.45,18.639,18.172,0.0,11.8,21.7,34.0,12.77,-69.21,-3.47,-65.74,1.14,309.0,374.74,,NNW,,11.84,101331.51,101245.77,
019HI,2024-01-15T11:55:00Z,93040.0,12.939,92.6,2.912,333.3,3.334,0.0,17.494,18.45,18.628,18.172,0.0,11.8,21.7,34.0,12.82,-69.28,-3.29,-65.99,0.19,310.53,376.52,,NNW,,11.76,101320.62,101237.85,
019HI,2024-01-15T12:00:00Z,93030.0,12.978,93.2,2.696,333.9,3.056,0.0,17.433,18.45,18.628,18.128,0.0,11.8,21.7,34.0,12.82,-67.57,-3.05,-64.53,0.28,311.56,376.09,,NNW,,11.89,101309.73,101225.81,
019HI,2024-01-15T12:05:00Z,93030.0,13.039,93.0,2.66,334.6,3.056,0.0,17.411,18.439,18.65,18.1,0.0,11.8,21.7,34.0,12.82,-61.51,-2.73,-58.78,0.39,317.66,376.44,,NNW,,11.92,101309.73,101224.0,
019HI,2024-01-15T12:10:00Z,93020.0,13.128,92.9,2.408,338.4,2.829,0.0,17.394,18.439,18.661,18.1,0.0,11.8,21.7,34.0,12.83,-68.77,-3.11,-65.66,0.65,310.41,376.07,,NNW,,11.99,101298.84,101210.48,
019HI,2024-01-15T12:15:00Z,93020.0,13.039,92.5,2.294,338.9,2.886,0.0,17.378,18.428,18.65,18.1,0.0,11.8,21.7,34.0,12.82,-68.9,-3.54,-65.36,0.38,310.06,375.41,,NNW,,11.84,101298.84,101213.12,
019HI,2024-01-15T12:20:00Z,93020.0,12.961,92.5,2.521,336.2,3.164,0.0,17.367,18.428,18.661,18.072,0.0,11.8,21.7,34.0,12.83,-68.56,-3.41,-65.14,0.31,309.86,375.0,,NNW,,11.76,101298.84,101215.44,
019HI,2024-01-15T12:25:00Z,93020.0,13.122,93.0,2.279,338.4,2.829,0.0,17.356,18.428,18.65,18.05,0.0,11.8,21.7,34.0,12.81,-66.1,-3.19,-62.91,0.97,312.78,375.69,,NNW,,12.0,101298.84,101210.66,
019HI,2024-01-15T12:30:00Z,93020.0,13.172,92.5,2.433,336.8,3.112,0.0,17.333,18.4,18.661,18.028,0.0,11.8,21.7,34.0,12.82,-71.1,-3.48,-67.63,0.62,307.83,375.46,,NNW,,11.97,101298.84,101209.18,
019HI,2024-01-15T12:35:00Z,93020.0,13.072,92.4,2.583,335.9,2.943,0.0,17.322,18.411,18.661,18.028,0.0,11.8,21.7,34.0,12.81,-70.67,-3.51,-67.16,0.43,308.31,375.48,,NNW,,11.86,101298.84,101212.15,
019HI,2024-01-15T12:40:00Z,93020.0,12.9,92.3,2.85,334.4,3.39,0.0,17.311,18.361,18.689,17.989,0.0,11.8,21.7,34.0,12.82,-71.29,-3.41,-67.88,0.07,306.96,374.84,,NNW,,11.67,101298.84,101217.25,
019HI,2024-01-15T12:45:00Z,93010.0,12.85,92.4,3.051,333.4,3.611,0.0,17.3,18.389,18.672,18.011,0.0,11.8,21.7,34.0,12.81,-69.74,-3.25,-66.49,0.24,308.34,374.83,,NNW,,11.64,101287.95,101207.85,
019HI,2024-01-15T12:50:00Z,93010.0,12.778,92.2,2.963,334.1,3.334,0.0,17.289,18.372,18.639,17.972,0.0,11.8,21.7,34.0,12.82,-71.2,-3.36,-67.84,0.16,306.56,374.4,,NNW,,11.53,101287.95,101209.99,
019HI,2024-01-15T12:55:00Z,93010.0,12.75,92.5,2.691,334.9,,0.0,17.278,18.372,18.672,17.961,0.0,11.8,21.7,34.0,12.8,-69.69,-3.43,-66.26,0.39,307.92,374.18,,NNW,,11.55,101287.95,101210.82,
019HI,2024-01-15T13:00:00Z,93020.0,12.85,92.8,2.546,338.0,3.112,0.0,17.261,18.372,18.678,17.961,0.0,11.8,21.7,34.0,12.8,-70.63,-3.3,-67.33,0.71,307.03,374.36,,NNW,,11.7,101298.84,101218.73,
019HI,2024-01-15T13:05:00Z,93020.0,13.089,92.7,2.387,340.3,2.886,0.0,17.239,18.378,18.639,17.9,0.0,11.8,21.7,34.0,12.8,-69.69,-3.53,-66.16,1.25,308.9,375.06,,NNW,,11.92,101298.84,101211.64,
019HI,2024-01-15T13:10:00Z,93010.0,13.078,92.3,2.593,338.8,3.112,0.0,17.222,18.361,18.65,17.928,0.0,11.8,21.7,34.0,12.82,-71.28,-3.61,-67.67,0.68,307.4,375.07,,NNW,,11.84,101287.95,101201.09,
019HI,2024-01-15T13:15:00Z,93010.0,13.161,92.5,2.557,336.5,3.277,0.0,17.2,18.339,18.689,17.9,0.0,11.8,21.7,34.0,12.68,-70.03,-3.57,-66.45,0.78,309.21,375.66,,NNW,,11.96,101287.95,101198.63,
019HI,2024-01-15T13:20:00Z,93010.0,13.178,92.4,2.387,337.8,2.886,0.0,17.217,18.4,18.661,17.9,0.0,11.8,21.7,34.0,12.8,-69.6,-3.51,-66.09,0.59,310.64,376.73,,NNW,,11.96,101287.95,101198.12,
019HI,2024-01-15T13:25:00Z,93010.0,13.161,92.2,2.546,336.7,3.056,0.0,17.167,18.372,18.678,17.878,0.0,11.8,21.7,34.0,12.81,-70.75,-3.49,-67.27,0.38,308.42,375.69,,NNW,,11.91,101287.95,101198.63,
019HI,2024-01-15T13:30:00Z,93020.0,13.189,92.3,2.387,339.1,3.112,0.0,17.15,18.339,18.678,17.872,0.0,11.8,21.7,34.0,12.79,-69.93,-3.61,-66.32,0.64,309.58,375.9,,NNW,,11.95,101298.84,101208.68,
019HI,2024-01-15T13:35:00Z,93010.0,13.422,92.5,2.166,344.2,2.721,0.0,17.139,18.339,18.678,17.85,0.0,11.8,21.7,34.0,12.81,-70.92,-3.61,-67.31,1.04,309.16,376.47,,NNW,,12.22,101287.95,101190.9,
019HI,2024-01-15T13:40:00Z,93010.0,13.489,91.9,2.238,342.0,2.665,0.0,17.122,18.322,18.689,17.822,0.0,11.8,21.7,34.0,12.79,-69.43,-3.66,-65.77,0.9,311.01,376.78,,NNW,,12.19,101287.95,101188.93,
019HI,2024-01-15T13:45:00Z,93010.0,13.428,91.7,2.474,338.4,3.164,0.0,17.111,18.322,18.689,17.85,0.0,11.8,21.7,34.0,12.81,-69.35,-3.53,-65.82,0.57,310.88,376.7,,NNW,,12.09,101287.95,101190.73,
019HI,2024-01-15T13:50:00Z,93020.0,13.411,91.6,2.48,338.2,,0.0,17.1,18.272,18.689,17.8,0.0,11.8,21.7,34.0,12.75,-68.33,-3.54,-64.8,0.64,311.93,376.73,,NNW,,12.06,101298.84,101202.11,
019HI,2024-01-15T13:55:00Z,93020.0,13.378,91.6,2.516,336.9,,0.0,17.089,18.272,18.678,17.789,0.0,11.8,21.7,34.0,12.81,-62.01,-3.13,-58.88,0.44,317.92,376.81,,NNW,,12.03,101298.84,101203.09,
019HI,2024-01-15T14:00:00Z,93020.0,13.4,91.5,2.629,335.7,3.833,0.0,17.078,18.278,18.678,17.761,0.0,11.8,21.7,34.0,12.79,-63.25,-3.12,-60.13,0.42,316.94,377.06,,NNW,,12.03,101298.84,101202.44,
019HI,2024-01-15T14:05:00Z,93020.0,13.35,91.8,2.871,332.2,3.498,0.0,17.067,18.311,18.678,17.75,0.0,11.8,21.7,34.0,12.8,-66.3,-3.09,-63.21,0.24,313.83,377.04,,NNW,,12.03,101298.84,101203.92,
019HI,2024-01-15T14:10:00Z,93020.0,13.4,91.8,2.937,331.6,3.719,0.0,17.056,18.278,18.7,17.761,0.0,11.8,21.7,34.0,12.77,-70.82,-3.36,-67.46,0.46,309.39,376.85,,NNW,,12.08,101298.84,101202.44,
019HI,2024-01-15T14:15:00Z,93020.0,13.339,91.8,2.706,334.3,3.334,0.0,17.044,18.272,18.672,17.711,0.0,11.8,21.7,34.0,12.8,-73.08,-3.58,,0.41,306.81,376.31,,NNW,,12.02,101298.84,101204.24,
019HI,2024-01-15T14:20:00Z,93020.0,13.211,91.6,3.046,330.8,3.611,0.0,17.033,18.25,18.678,17.7,0.0,11.8,21.7,34.0,12.79,-71.23,-3.5,-67.72,0.18,308.41,376.13,,NNW,,11.86,101298.84,101208.03,
019HI,2024-01-15T14:25:00Z,93020.0,13.161,92.1,2.999,334.1,3.611,0.0,17.028,18.261,18.7,17.689,0.0,11.8,21.7,34.0,12.8,-72.08,-3.42,-68.66,0.34,307.13,375.79,,NNW,,11.89,101298.84,101209.51,
019HI,2024-01-15T14:30:00Z,93020.0,13.089,91.9,3.025,331.8,3.611,0.0,17.022,18.222,18.689,17.678,0.0,11.8,21.7,34.0,12.79,-70.63,-3.38,-67.25,0.3,308.42,375.67,,NNW,,11.79,101298.84,101211.65,
019HI,2024-01-15T14:35:00Z,93020.0,13.039,92.0,3.107,331.1,3.997,0.0,17.017,18.228,18.7,17.661,0.0,11.8,21.7,34.0,12.79,-71.8,-3.31,-68.49,0.32,306.75,375.23,,NNW,,11.76,101298.84,101213.13,
019HI,2024-01-15T14:40:00Z,93020.0,13.178,91.9,3.123,331.6,4.11,0.0,17.0,18.228,18.689,17.65,0.0,11.8,21.7,34.0,12.78,-70.21,-3.24,-66.97,0.6,308.9,375.87,,NNW,,11.88,101298.84,101209.01,
019HI,2024-01-15T14:45:00Z,93020.0,13.239,91.1,3.55,329.6,4.445,0.0,16.989,18.228,18.711,17.639,0.0,11.8,21.7,34.0,12.8,-70.99,-3.09,-67.9,0.44,307.98,375.87,,NNW,,11.8,101298.84,101207.21,
019HI,2024-01-15T14:50:00Z,93020.0,13.111,90.0,3.416,328.5,3.889,0.0,16.978,18.228,18.678,17.628,0.0,11.8,21.7,34.0,12.78,-68.51,-3.04,-65.47,0.2,309.94,375.4,,NNW,,11.49,101298.84,101211.01,
019HI,2024-01-15T14:55:00Z,93020.0,13.022,89.3,3.179,331.9,3.833,0.0,16.972,18.2,18.7,17.628,0.0,11.8,21.7,34.0,12.77,-68.9,-2.9,-66.01,0.17,308.32,374.32,,NNW,,11.28,101298.84,101213.65,
019HI,2024-01-15T15:00:00Z,93020.0,12.872,89.0,3.601,328.2,4.218,0.0,16.944,18.211,18.672,17.622,0.0,11.8,21.7,34.0,12.85,-69.25,-3.02,-66.23,0.01,306.67,372.9,,NNW,,11.08,101298.84,101218.1,
019HI,2024-01-15T15:05:00Z,93020.0,12.861,89.5,3.519,329.9,4.388,0.0,16.944,18.189,18.689,17.6,0.0,11.8,21.7,34.0,12.8,-68.49,-2.85,-65.64,0.32,306.94,372.58,,NNW,,11.16,101298.84,101218.43,
019HI,2024-01-15T15:10:00Z,93010.0,12.75,89.8,3.709,329.9,4.275,0.0,16.972,18.172,18.7,17.561,0.0,11.8,21.7,34.0,12.79,-67.29,-2.87,-64.42,0.12,309.31,373.73,,NNW,,11.1,101287.95,101210.84,
019HI,2024-01-15T15:15:00Z,93010.0,12.761,89.5,3.519,330.8,4.054,0.0,16.956,18.2,18.711,17.578,0.0,11.8,21.7,34.0,12.84,-67.5,-2.67,-64.83,0.23,308.52,373.35,,NNW,,11.06,101287.95,101210.52,
019HI,2024-01-15T15:20:00Z,93010.0,12.639,88.2,3.632,329.5,4.332,0.0,16.911,18.161,18.678,17.561,0.0,11.8,21.7,34.0,12.83,-67.03,-2.81,-64.22,0.08,307.31,371.53,,NNW,,10.72,101287.95,101214.15,
019HI,2024-01-15T15:25:00Z,93010.0,12.722,88.7,3.545,329.0,4.167,0.0,16.906,18.172,18.661,17.55,0.0,11.8,21.7,34.0,12.85,-66.72,-2.6,-64.13,0.39,307.31,371.43,,NNW,,10.89,101287.95,101211.68,
019HI,2024-01-15T15:30:00Z,93010.0,12.828,88.4,3.632,330.6,4.054,0.0,16.894,18.161,18.689,17.55,0.0,11.8,21.7,34.0,12.77,-67.14,-2.64,-64.5,0.49,307.31,371.82,,NNW,,10.94,101287.95,101208.53,
019HI,2024-01-15T15:35:00Z,93010.0,12.772,87.7,3.74,328.8,4.445,0.0,16.878,18.15,18.722,17.528,0.0,11.8,21.7,34.0,12.84,-66.76,-2.72,-64.03,0.28,307.47,371.5,,NNW,,10.76,101287.95,101210.2,
019HI,2024-01-15T15:40:00Z,93010.0,12.839,87.9,3.395,328.3,4.054,0.0,16.861,18.128,18.689,17.5,0.0,11.8,21.7,34.0,12.85,-66.57,-2.55,-64.02,0.48,307.53,371.56,,NNW,,10.86,101287.95,101208.21,
019HI,2024-01-15T15:45:00Z,93010.0,12.978,88.4,3.323,329.2,3.941,0.0,16.844,18.128,18.711,17.5,0.0,11.7,21.7,34.0,12.84,-66.8,-2.5,-64.3,0.7,307.99,372.29,,NNW,,11.09,101287.95,101204.08,
019HI,2024-01-15T15:50:00Z,93010.0,12.961,88.8,3.503,328.0,3.997,0.0,16.828,18.139,18.678,17.478,0.0,11.7,21.7,34.0,12.84,-67.22,-2.7,-64.52,0.28,308.23,372.75,,NNW,,11.14,101287.95,101204.58,
019HI,2024-01-15T15:55:00Z,93010.0,12.961,89.5,3.483,328.4,4.167,0.0,16.811,18.139,18.689,17.489,0.0,11.7,21.7,34.0,12.84,-67.2,-2.62,-64.58,0.32,308.34,372.92,,NNW,,11.26,101287.95,101204.58,
019HI,2024-01-15T16:00:00Z,93010.0,13.011,89.6,3.534,328.1,4.167,0.0,16.8,18.061,18.722,17.478,0.0,11.7,21.7,34.0,12.8,-67.58,-2.73,-64.85,0.33,308.4,373.25,,NNW,,11.32,101287.95,101203.09,
019HI,2024-01-15T16:05:00Z,93010.0,12.95,89.0,3.647,328.5,4.167,0.0,16.817,18.072,18.689,17.439,0.0,11.7,21.7,34.0,12.78,-65.95,-2.61,-63.34,0.23,310.85,374.19,,NNW,,11.16,101287.95,101204.91,
019HI,2024-01-15T16:10:00Z,93010.0,12.911,88.9,3.483,329.3,4.11,0.0,16.8,18.111,18.711,17.428,0.0,11.7,21.7,34.0,12.84,-67.46,-2.69,-64.77,0.03,309.35,374.12,,NNW,,11.11,101287.95,101206.07,
019HI,2024-01-15T16:15:00Z,93010.0,12.911,89.3,3.421,329.8,3.997,0.0,16.756,18.1,18.689,17.439,0.0,11.7,21.7,33.9,12.84,-67.51,-2.73,-64.78,0.2,308.33,373.11,,NNW,,11.17,101287.95,101206.06,
019HI,2024-01-15T16:20:00Z,93010.0,12.872,89.5,3.575,330.0,3.997,0.0,16.744,18.089,18.711,17.439,0.0,11.7,21.7,33.9,12.84,-67.76,-2.74,-65.02,0.18,307.64,372.66,,NNW,,11.17,101287.95,101207.22,
019HI,2024-01-15T16:25:00Z,93010.0,12.828,89.6,3.457,330.1,3.776,0.0,16.739,18.05,18.678,17.422,0.0,11.7,21.7,33.9,12.84,-67.97,-2.64,-65.33,0.28,307.05,372.38,,NNW,,11.14,101287.95,101208.52,
019HI,2024-01-15T16:30:00Z,93020.0,12.861,90.2,3.256,330.3,3.663,0.0,16.728,18.078,18.689,17.411,0.0,11.7,21.7,33.9,12.84,-68.21,-2.63,-65.58,0.42,306.93,372.51,,NNW,,11.28,101298.84,101218.42,
019HI,2024-01-15T16:35:00Z,93020.0,13.0,90.9,3.179,329.0,3.611,0.0,16.717,18.1,18.689,17.389,0.0,11.7,21.7,33.9,12.73,-69.12,-2.65,-66.47,0.55,306.77,373.24,,NNW,,11.53,101298.84,101214.29,
019HI,2024-01-15T16:40:00Z,93020.0,13.1,91.0,3.292,328.5,3.719,0.0,16.733,18.05,18.711,17.378,0.0,11.7,21.7,33.9,12.77,-68.91,-2.88,-66.03,0.45,309.03,375.06,,NNW,,11.65,101298.84,101211.33,
019HI,2024-01-15T16:45:00Z,93020.0,13.0,91.2,3.55,328.6,3.997,0.0,16.722,18.072,18.711,17.378,0.0,11.7,21.7,33.9,12.77,-70.91,-2.99,-67.92,0.08,307.26,375.18,,NNW,,11.58,101298.84,101214.29,
019HI,2024-01-15T16:50:00Z,93020.0,12.95,91.4,3.462,329.8,3.889,0.0,16.706,18.078,18.7,17.372,0.0,11.7,21.7,33.9,12.78,-68.94,-2.63,-66.31,0.35,308.79,375.1,,NNW,,11.57,101298.84,101215.77,
019HI,2024-01-15T16:55:00Z,93020.0,12.972,91.8,3.478,329.6,3.889,0.0,16.694,18.0,18.7,17.35,0.0,11.7,21.7,33.9,12.79,-70.25,-2.11,-68.14,0.65,307.05,375.19,,NNW,,11.66,101298.84,101215.12,
019HI,2024-01-15T17:00:00Z,93020.0,12.928,92.3,3.308,330.6,3.663,0.0,16.678,18.039,18.711,17.361,0.0,11.7,21.7,33.9,12.78,-67.71,-1.14,-66.57,1.01,308.96,375.53,,NNW,,11.7,101298.84,101216.42,
019HI,2024-01-15T17:05:00Z,93020.0,12.978,92.9,3.375,330.3,3.833,2.16,16.667,18.028,18.7,17.339,0.0,11.7,21.7,33.9,12.79,-68.18,0.58,-68.76,1.58,307.01,375.76,,NNW,,11.84,101298.84,101214.93,
019HI,2024-01-15T17:10:00Z,93020.0,13.072,93.1,3.292,330.2,3.833,5.45,16.65,18.022,18.678,17.328,0.0,11.7,21.7,33.9,12.67,-65.38,2.66,-68.03,2.79,308.28,376.31,,NNW,,11.97,101298.84,101212.14,
019HI,2024-01-15T17:15:00Z,93030.0,13.172,93.3,3.334,330.3,3.776,14.85,16.672,17.989,18.689,17.322,0.0,11.7,21.7,33.9,12.79,-67.58,1.83,-69.41,13.02,308.89,378.3,,NNW,,12.1,101309.73,101220.06,
019HI,2024-01-15T17:20:00Z,93020.0,13.422,93.3,3.076,330.9,3.663,26.78,16.611,17.989,18.678,17.3,0.0,11.7,21.7,33.9,12.88,-70.44,2.01,-72.45,24.76,306.64,379.09,,NNW,,12.35,101298.84,101201.78,
019HI,2024-01-15T17:25:00Z,93020.0,13.828,93.0,2.372,333.7,3.056,40.1,16.556,18.0,18.689,17.289,0.0,11.7,21.7,33.9,12.88,-70.01,4.5,-74.52,35.59,305.8,380.32,,NNW,,12.7,101298.84,101189.79,
019HI,2024-01-15T17:30:00Z,93020.0,14.272,92.6,1.929,338.7,2.387,54.81,16.572,17.978,18.711,17.289,0.0,11.7,21.7,33.9,12.87,-67.79,8.52,-76.31,46.29,308.19,384.5,,NNW,,13.08,101298.84,101176.72,
019HI,2024-01-15T17:35:00Z,93020.0,14.789,92.0,1.374,340.9,2.053,69.96,16.55,17.972,18.7,17.278,0.0,11.7,21.7,33.9,12.99,-67.03,14.19,-81.22,55.77,307.15,388.36,,NNW,,13.49,101298.84,101161.55,
019HI,2024-01-15T17:40:00Z,93020.0,15.3,91.3,1.075,352.7,1.775,85.48,16.5,17.978,18.672,17.272,0.0,11.7,21.7,33.9,13.07,-64.07,21.07,-85.14,64.41,306.22,391.36,,N,,13.88,101298.84,101146.62,
019HI,2024-01-15T17:45:00Z,93020.0,16.072,90.8,0.55,49.78,1.111,101.67,16.483,17.961,18.7,17.25,0.0,11.7,21.7,33.9,13.16,-60.11,29.31,-89.43,72.36,306.28,395.71,,NE,,14.56,101298.84,101124.15,
019HI,2024-01-15T20:35:00Z,93030.0,19.511,88.8,1.26,139.1,2.557,739.53,17.156,17.772,18.65,17.161,0.0,11.6,21.5,33.8,13.67,405.98,526.74,-120.76,212.79,330.02,450.78,,SE,,17.6,101309.73,101036.42,
019HI,2024-01-15T20:40:00Z,93020.0,19.661,89.1,1.883,150.2,3.22,704.3,17.2,17.75,18.661,17.172,0.0,11.5,21.5,33.8,13.66,397.73,505.45,-107.72,198.85,342.96,450.67,,SSE,,17.8,101298.84,101021.31,
019HI,2024-01-15T20:45:00Z,93020.0,19.322,88.4,1.677,154.3,2.943,375.69,17.244,17.75,18.65,17.178,0.0,11.5,21.5,33.8,13.66,198.1,276.5,-78.39,99.19,357.46,435.86,,SSE,,17.34,101298.84,101030.92,
019HI,2024-01-15T20:50:00Z,93010.0,19.15,89.6,1.507,138.3,2.557,,17.294,17.75,18.65,17.178,0.0,11.5,21.5,33.8,13.66,364.16,425.2,-61.04,156.8,381.65,442.69,,SE,,17.39,101287.95,101024.93,
019HI,2024-01-15T20:55:00Z,93000.0,18.978,89.7,1.919,133.5,4.11,427.09,17.339,17.772,18.622,17.222,0.0,11.5,21.5,33.8,13.66,282.66,320.61,-37.94,106.48,397.59,435.53,,SE,,17.24,101277.06,101018.95,
019HI,2024-01-15T21:00:00Z,93000.0,18.65,90.6,2.073,140.4,3.442,427.84,17.372,17.739,18.711,17.222,0.0,11.5,21.5,33.8,13.66,292.21,322.5,-30.29,105.34,401.87,432.16,,SE,,17.07,101277.06,101028.28,
019HI,2024-01-15T21:05:00Z,92990.0,18.361,92.0,0.875,143.8,2.222,411.64,17.417,17.728,18.661,17.228,0.0,11.5,21.5,33.8,13.6,281.64,309.54,-27.9,102.1,404.26,432.16,,SE,,17.03,101266.17,101025.65,
019HI,2024-01-15T21:10:00Z,92980.0,18.461,92.9,1.266,139.2,2.33,427.73,17.444,17.761,18.65,17.261,0.0,11.5,21.5,33.8,13.66,293.6,320.96,-27.36,106.77,405.94,433.31,,SE,,17.28,101255.28,101011.92,
019HI,2024-01-15T21:15:00Z,92970.0,18.628,93.1,1.24,140.3,2.33,434.7,17.467,17.728,18.628,17.289,0.0,11.5,21.5,33.8,13.66,298.1,326.16,-28.05,108.54,405.82,433.87,,SE,,17.48,101244.39,100996.29,
019HI,2024-01-15T21:20:00Z,92970.0,18.578,92.6,1.183,138.3,2.387,469.62,17.489,17.75,18.65,17.3,0.0,11.5,21.5,33.8,13.66,322.75,352.24,-29.49,117.38,405.39,434.88,,SE,,17.35,101244.39,100997.72,
019HI,2024-01-15T21:25:00Z,92960.0,18.611,92.9,1.281,154.1,2.829,523.53,17.517,17.728,18.65,17.322,0.0,11.5,21.5,33.8,13.67,362.25,393.2,-30.95,130.33,405.96,436.92,,SSE,,17.43,101233.5,100985.92,
019HI,2024-01-15T21:30:00Z,92960.0,18.9,92.6,0.895,157.4,2.109,459.17,17.544,17.728,18.628,17.339,0.0,11.5,21.4,33.8,13.62,304.21,345.61,-41.41,113.55,395.21,436.61,,SSE,,17.67,101233.5,100977.69,
019HI,2024-01-15T21:35:00Z,92950.0,19.061,92.1,1.245,148.6,3.164,486.92,17.572,17.75,18.628,17.35,0.0,11.5,21.4,33.8,13.67,318.82,364.16,-45.34,122.76,392.62,437.96,,SSE,,17.74,101222.61,100962.26,
019HI,2024-01-15T21:40:00Z,92940.0,19.022,91.5,1.698,157.9,3.22,436.29,17.611,17.761,18.65,17.372,0.0,11.5,21.4,33.7,13.69,272.64,331.78,-59.13,104.51,374.1,433.23,,SSE,,17.6,101211.72,100952.51,
019HI,2024-01-15T21:45:00Z,92930.0,19.022,92.5,1.332,162.4,2.444,875.96,17.644,17.761,18.65,17.4,0.0,11.5,21.4,33.7,13.66,560.41,647.01,-86.59,228.95,364.56,451.15,,SSE,,17.77,101200.83,100941.64,
019HI,2024-01-15T21:50:00Z,92920.0,19.239,92.3,1.662,169.4,2.886,882.71,17.683,17.778,18.661,17.422,0.0,11.4,21.4,33.7,13.66,570.57,657.34,-86.77,225.36,366.42,453.2,,S,,17.95,101189.94,100924.62,
019HI,2024-01-15T21:55:00Z,92910.0,19.422,91.4,0.581,244.5,1.554,899.41,17.722,17.761,18.622,17.439,0.0,11.4,21.4,33.7,13.65,551.2,667.87,-116.68,231.54,341.94,458.61,,WSW,,17.97,101179.05,100908.58,
019HI,2024-01-15T22:00:00Z,92910.0,20.072,90.1,0.818,229.9,2.557,825.61,17.772,17.778,18.628,17.478,0.0,11.4,21.4,33.7,13.66,492.09,615.27,-123.18,210.34,336.5,459.68,,SW,,18.39,101179.05,100890.23,
019HI,2024-01-15T22:05:00Z,92900.0,20.889,87.6,0.772,210.0,2.444,890.41,17.822,17.8,18.622,17.478,0.0,11.4,21.4,33.7,13.65,532.36,662.01,-129.65,228.4,336.22,465.87,,SSW,,18.74,101168.16,100856.44,
019HI,2024-01-15T22:10:00Z,92890.0,21.078,83.3,1.307,228.5,2.665,857.04,17.878,17.75,18.65,17.522,0.0,11.4,21.4,33.7,13.65,509.42,640.96,-131.54,216.08,331.81,463.35,,SW,,18.12,101157.27,100840.34,
019HI,2024-01-15T22:15:00Z,92880.0,21.272,84.4,1.363,159.6,2.608,856.98,17.939,17.772,18.672,17.539,0.0,11.4,21.4,33.7,13.65,509.54,641.28,-131.74,215.7,334.41,466.15,,SSE,,18.52,101146.38,100824.04,
019HI,2024-01-15T22:20:00Z,92870.0,20.939,84.3,1.657,192.9,3.056,857.2,18.017,17.761,18.622,17.589,0.0,11.4,21.4,33.7,13.64,512.74,641.81,-129.06,215.39,333.86,462.92,,SSW,,18.18,101135.49,100822.5,
019HI,2024-01-15T22:25:00Z,92860.0,20.95,84.2,2.624,153.0,4.388,859.24,18.1,17.772,18.65,17.589,0.0,11.3,21.3,33.7,13.59,517.21,643.51,-126.3,215.73,334.64,460.94,,SSE,,18.17,101124.6,100811.34,
019HI,2024-01-15T22:30:00Z,92850.0,20.2,87.5,2.413,151.2,3.889,866.24,18.183,17.761,18.628,17.6,0.0,11.3,21.3,33.6,13.64,523.33,649.45,-126.12,216.79,332.87,458.99,,SSE,,18.05,101113.71,100821.5,
019HI,2024-01-15T22:35:00Z,92840.0,20.439,88.3,1.667,163.3,3.334,858.23,18.25,17.772,18.628,17.628,0.0,11.3,21.3,33.6,13.64,512.58,642.65,-130.07,215.58,331.74,461.81,,SSE,,18.43,101102.82,100803.91,
019HI,2024-01-15T22:40:00Z,92830.0,20.689,86.9,1.59,205.6,,867.31,18.278,17.761,18.622,17.661,0.0,11.3,21.3,33.6,13.65,518.63,648.73,-130.1,218.58,332.38,462.48,,SSW,,18.42,101091.93,100786.05,
019HI,2024-01-15T22:45:00Z,92820.0,20.689,86.3,1.847,187.0,3.112,797.03,18.317,17.811,18.628,17.739,0.0,11.3,21.3,33.6,13.65,476.1,600.27,-124.16,196.77,335.36,459.53,,S,,18.31,101081.04,100775.2,
019HI,2024-01-15T22:50:00Z,92810.0,20.6,87.5,1.837,173.9,3.334,849.72,18.361,17.822,18.622,17.689,0.0,11.3,21.3,33.6,13.57,514.55,638.87,-124.31,210.86,335.87,460.19,,S,,18.44,101070.15,100766.83,
019HI,2024-01-15T22:55:00Z,92800.0,20.589,86.8,1.286,199.9,3.611,865.04,18.411,17.811,18.622,17.728,0.0,11.3,21.3,33.6,13.63,520.81,650.48,-129.67,214.56,332.24,461.91,,SSW,,18.3,101059.26,100756.29,
019HI,2024-01-15T23:00:00Z,92790.0,20.6,85.7,1.533,214.3,3.39,854.73,18.478,17.828,18.611,17.789,0.0,11.3,21.3,33.6,13.62,515.69,643.49,-127.8,211.24,332.21,460.01,,SW,,18.11,101048.36,100745.13,
019HI,2024-01-15T23:05:00Z,92790.0,20.611,85.0,1.78,212.2,3.112,850.24,18.556,17.822,18.622,17.822,0.0,11.3,21.3,33.6,13.62,513.5,640.99,-127.48,209.26,332.36,459.85,,SSW,,17.99,101048.36,100744.83,
019HI,2024-01-15T23:10:00Z,92780.0,20.811,84.9,1.476,214.4,3.39,842.48,18.639,17.822,18.6,17.822,0.0,11.2,21.3,33.6,13.62,505.46,634.09,-128.64,208.39,331.88,460.52,,SW,,18.16,101037.47,100728.37,
019HI,2024-01-15T23:15:00Z,92770.0,20.911,85.1,1.754,182.1,3.555,838.6,18.706,17.828,18.622,17.85,0.0,11.2,21.2,33.5,13.6,500.7,629.23,-128.53,209.37,333.22,461.75,,S,,18.3,101026.58,100714.71,
019HI,2024-01-15T23:20:00Z,92760.0,21.089,85.5,1.471,177.1,3.277,833.02,18.761,17.839,18.622,17.878,0.0,11.2,21.2,33.5,13.67,498.77,627.73,-128.96,205.29,333.61,462.57,,S,,18.55,101015.69,100698.88,
019HI,2024-01-15T23:25:00Z,92760.0,21.078,84.7,1.62,196.0,3.442,828.69,18.806,17.861,18.622,17.911,0.0,11.2,21.2,33.5,13.63,497.99,625.07,-127.08,203.62,333.76,460.84,,SSW,,18.39,101015.69,100699.19,
019HI,2024-01-15T23:30:00Z,92750.0,20.961,85.7,1.698,190.5,3.112,829.63,18.85,17.85,18.628,17.95,0.0,11.2,21.2,33.5,13.63,499.91,626.21,-126.3,203.43,334.32,460.61,,S,,18.46,101004.8,100691.6,
019HI,2024-01-15T23:35:00Z,92750.0,20.772,85.2,1.821,196.7,3.719,827.18,18.894,17.872,18.611,18.011,0.0,11.2,21.2,33.5,13.63,497.99,624.46,-126.48,202.72,333.02,459.5,,SSW,,18.18,101004.8,100696.89,
019HI,2024-01-15T23:40:00Z,92740.0,20.628,85.8,1.235,191.5,,820.42,18.944,17.839,18.622,18.011,0.0,11.2,21.2,33.5,13.63,489.15,619.02,-129.87,201.39,331.41,461.29,,SSW,,18.15,100993.91,100690.06,
019HI,2024-01-15T23:45:00Z,92730.0,20.639,85.5,1.801,180.7,4.11,809.71,18.978,17.872,18.611,18.072,0.0,11.2,21.2,33.5,13.64,482.34,610.52,-128.18,199.19,331.02,459.2,,S,,18.11,100983.02,100678.9,
019HI,2024-01-15T23:50:00Z,92730.0,20.789,85.8,1.729,186.0,4.275,799.69,19.022,17.928,18.622,18.061,0.0,11.1,21.2,33.5,13.65,474.96,602.23,-127.27,197.46,331.38,458.65,,S,,18.31,100983.02,100674.69,
019HI,2024-01-15T23:55:00Z,92720.0,20.6,85.0,1.862,175.0,3.611,790.52,19.061,17.878,18.611,18.128,0.0,11.1,21.2,33.5,13.65,468.62,595.47,-126.85,195.05,330.37,457.22,,S,,17.97,100972.13,100669.14,
019HI,2024-01-16T00:00:00Z,92720.0,20.572,85.9,1.533,196.8,3.334,781.6,19.111,17.9,18.6,18.15,0.0,11.1,21.2,33.5,13.65,459.23,587.37,-128.14,194.23,329.62,457.76,,SSW,,18.12,100972.13,100669.91,
019HI,2024-01-16T00:05:00Z,92710.0,20.911,84.9,1.61,197.4,3.663,772.33,19.144,17.9,18.622,18.189,0.0,11.1,21.1,33.4,13.68,452.27,579.97,-127.71,192.35,329.92,457.63,,SSW,,18.26,100961.24,100649.58,
019HI,2024-01-16T00:10:00Z,92710.0,20.922,83.6,1.729,194.9,3.056,762.25,19.172,17.911,18.611,18.261,0.0,11.1,21.1,33.4,13.61,445.46,572.43,-126.97,189.83,330.04,457.01,,SSW,,18.03,100961.24,100649.28,
019HI,2024-01-16T00:15:00Z,92710.0,20.789,83.8,1.955,198.5,3.719,753.71,19.206,17.939,18.6,18.228,0.0,11.1,21.1,33.4,13.66,440.56,566.01,-125.45,187.71,329.78,455.23,,SSW,,17.93,100961.24,100653.0,
019HI,2024-01-16T00:20:00Z,92710.0,20.811,83.6,1.744,193.2,3.277,743.33,19.25,17.939,18.6,18.289,0.0,11.1,21.1,33.4,13.65,432.14,557.62,-125.48,185.71,328.71,454.19,,SSW,,17.92,100961.24,100652.39,
019HI,2024-01-16T00:25:00Z,92710.0,20.772,83.5,1.492,202.0,3.277,731.79,19.3,17.939,18.589,18.311,0.0,11.1,21.1,33.4,13.66,422.05,548.73,-126.68,183.06,328.39,455.06,,SSW,,17.86,100961.24,100653.48,
019HI,2024-01-16T00:30:00Z,92710.0,20.95,83.4,1.754,212.4,3.164,722.48,19.339,17.978,18.611,18.372,0.0,11.1,21.1,33.4,13.66,413.72,541.06,-127.34,181.42,328.25,455.59,,SSW,,18.01,100961.24,100648.5,
019HI,2024-01-16T00:35:00Z,92710.0,21.239,83.0,1.43,194.0,2.886,710.74,19.367,17.989,18.6,18.361,0.0,11.1,21.1,33.4,13.66,402.73,531.52,-128.79,179.22,327.93,456.72,,SSW,,18.22,100961.24,100640.44,
019HI,2024-01-16T00:40:00Z,92710.0,21.239,82.4,1.482,196.8,,698.35,19.383,18.011,18.589,18.428,0.0,11.1,21.1,33.4,13.66,395.27,522.44,-127.17,175.91,327.97,455.14,,SSW,,18.1,100961.24,100640.44,
019HI,2024-01-16T00:45:00Z,92710.0,21.078,82.9,1.548,180.1,2.943,685.1,19.406,18.0,18.578,18.461,0.0,11.0,21.1,33.4,13.66,385.48,512.4,-126.92,172.7,327.75,454.67,,S,,18.04,100961.24,100644.93,
019HI,2024-01-16T00:50:00Z,92710.0,21.05,83.6,1.883,183.0,3.277,672.1,19.433,18.028,18.65,18.5,0.0,11.0,21.1,33.4,13.64,376.39,501.73,-125.35,170.37,328.2,453.55,,S,,18.15,100961.24,100645.71,
019HI,2024-01-16T00:55:00Z,92710.0,20.672,83.2,1.996,200.1,3.889,658.84,19.472,18.028,18.578,18.511,0.0,11.0,21.1,33.4,13.64,368.4,491.28,-122.89,167.56,326.28,449.17,,SSW,,17.7,100961.24,100656.28,
019HI,2024-01-16T01:00:00Z,92710.0,21.011,84.4,1.296,211.6,2.886,644.79,19.522,18.039,18.6,18.611,0.0,11.0,21.0,33.4,13.65,352.14,478.23,-126.09,166.56,326.68,452.77,,SSW,,18.26,100961.24,100646.79,
019HI,2024-01-16T01:05:00Z,92710.0,21.05,83.2,1.831,213.5,3.611,629.82,19.55,18.061,18.589,18.628,0.0,11.0,21.0,33.3,13.63,343.59,466.78,-123.19,163.04,327.0,450.19,,SSW,,18.07,100961.24,100645.71,
019HI,2024-01-16T01:10:00Z,92710.0,20.789,83.3,1.548,230.7,2.721,615.06,19.578,18.1,18.6,18.611,0.0,11.0,21.0,33.3,13.61,329.88,454.74,-124.86,160.32,324.37,449.23,,SW,,17.84,100961.24,100653.01,
019HI,2024-01-16T01:15:00Z,92710.0,20.828,84.4,1.739,226.1,2.721,600.71,19.606,18.078,18.578,18.678,0.0,11.0,21.0,33.3,13.64,318.49,442.99,-124.5,157.72,324.37,448.87,,SW,,18.09,100961.24,100651.9,
019HI,2024-01-16T01:20:00Z,92710.0,20.7,83.9,1.641,195.4,3.277,585.3,19.633,18.111,18.578,18.728,0.0,11.0,21.0,33.3,13.64,309.14,430.92,-121.78,154.38,325.22,,,SSW,,17.86,100961.24,100655.49,
019HI,2024-01-16T01:25:00Z,92710.0,20.689,83.8,1.657,209.7,3.442,569.14,19.667,18.111,18.6,18.75,0.0,11.0,21.0,33.3,13.57,297.48,418.05,-120.57,151.09,324.82,445.39,,SSW,,17.83,100961.24,100655.8,
019HI,2024-01-16T01:30:00Z,92710.0,20.772,83.9,1.358,195.6,2.778,552.81,19.694,18.128,18.6,18.8,0.0,11.0,21.0,33.3,13.66,283.17,404.48,-121.31,148.33,324.88,446.19,,SSW,,17.94,100961.24,100653.48,
019HI,2024-01-16T01:35:00Z,92720.0,20.872,84.0,1.127,206.6,2.109,536.16,19.717,18.128,18.611,18.828,0.0,11.0,21.0,33.3,13.64,269.58,391.34,-121.76,144.81,324.84,446.6,,SSW,,18.05,100972.13,100661.53,
019HI,2024-01-16T01:40:00Z,92720.0,20.861,83.1,1.708,223.6,3.056,518.46,19.739,18.15,18.578,18.872,0.0,11.0,21.0,33.3,13.61,257.25,378.04,-120.79,140.43,324.37,445.16,,SW,,17.87,100972.13,100661.85,
019HI,2024-01-16T01:45:00Z,92720.0,20.8,82.6,1.687,207.6,3.277,501.68,19.767,18.178,18.589,18.9,0.0,11.0,21.0,33.3,13.62,246.0,364.7,-118.71,136.98,324.67,443.38,,SSW,,17.71,100972.13,100663.56,
019HI,2024-01-16T01:50:00Z,92720.0,20.878,79.28,1.42,208.2,2.886,485.17,19.789,18.178,18.611,18.911,0.0,11.0,21.0,33.3,13.58,232.65,351.17,-118.52,134.0,323.73,442.25,,SSW,,17.14,100972.13,100661.42,
019HI,2024-01-16T01:55:00Z,92720.0,21.0,77.54,1.26,194.3,2.721,467.09,19.811,18.189,18.578,18.972,0.0,11.0,21.0,33.3,13.64,218.69,336.81,-118.13,130.28,324.18,442.3,,SSW,,16.9,100972.13,100658.03,
019HI,2024-01-16T02:00:00Z,92720.0,21.061,75.83,1.296,198.9,2.387,448.34,19.828,18.211,18.589,19.0,0.0,11.0,21.0,33.3,13.62,204.99,322.25,-117.26,126.09,323.58,440.84,,SSW,,16.61,100972.13,100656.34,
019HI,2024-01-16T02:05:00Z,92720.0,20.961,78.7,1.79,170.2,2.886,429.6,19.85,18.222,18.561,19.039,0.0,11.0,21.0,33.3,13.65,191.95,308.03,-116.09,121.57,324.03,440.12,,S,,17.1,100972.13,100659.11,
019HI,2024-01-16T02:10:00Z,92720.0,20.661,80.8,1.718,208.9,2.721,411.08,19.872,18.25,18.589,19.072,0.0,11.0,21.0,33.3,13.65,179.42,293.5,-114.08,117.58,323.19,437.27,,SSW,,17.23,100972.13,100667.48,
019HI,2024-01-16T02:15:00Z,92720.0,20.522,80.8,1.43,207.2,2.665,391.74,19.894,18.272,18.572,19.1,0.0,11.0,21.0,33.3,13.6,163.98,278.18,-114.2,113.56,322.07,436.28,,SSW,,17.09,100972.13,100671.37,
019HI,2024-01-16T02:20:00Z,92720.0,20.45,82.5,1.574,204.2,,372.55,19.911,18.322,18.6,19.128,0.0,11.0,21.0,33.3,13.64,150.12,263.43,-113.32,109.11,321.91,435.22,,SSW,,17.35,100972.13,100673.37,
019HI,2024-01-16T02:25:00Z,92730.0,20.35,82.8,1.734,188.1,2.943,352.95,19.928,18.289,18.589,19.172,0.0,11.0,21.0,33.3,13.64,137.3,248.38,-111.08,104.57,322.6,433.68,,S,,17.31,100983.02,100687.03,
019HI,2024-01-16T02:30:00Z,92740.0,20.222,83.0,1.523,192.4,3.112,333.38,19.944,18.322,18.589,19.189,0.0,11.0,21.0,33.3,13.69,124.23,233.58,-109.35,99.8,322.58,431.94,,SSW,,17.22,100993.91,100701.49,
019HI,2024-01-16T02:35:00Z,92740.0,20.272,82.3,1.456,205.8,2.557,313.14,19.961,18.339,18.578,19.222,0.0,11.0,21.0,33.2,13.7,110.19,218.13,-107.95,95.01,322.99,430.94,,SSW,,17.14,100993.91,100700.09,
019HI,2024-01-16T02:40:00Z,92760.0,20.1,82.2,1.44,199.6,2.778,291.86,19.983,18.35,18.622,19.239,0.0,11.0,21.0,33.2,13.69,96.42,202.67,-106.25,89.19,322.3,428.55,,SSW,,16.95,101015.69,100726.64,
019HI,2024-01-16T02:45:00Z,92760.0,20.05,83.8,1.404,202.6,2.387,271.8,19.994,18.372,18.572,19.272,0.0,11.0,21.0,33.2,13.65,82.06,187.3,-105.24,84.49,322.22,427.46,,SSW,,17.21,101015.69,100728.03,
019HI,2024-01-16T02:50:00Z,92760.0,20.028,84.6,1.137,210.1,2.279,251.11,20.006,18.378,18.589,19.289,0.0,11.0,21.0,33.2,13.47,67.38,171.73,-104.35,79.38,321.93,426.28,,SSW,,17.34,101015.69,100728.64,
019HI,2024-01-16T02:55:00Z,92770.0,20.211,84.8,0.895,222.7,2.557,231.63,20.011,18.361,18.589,19.339,0.0,11.0,21.0,33.2,13.38,52.36,156.77,-104.41,74.86,321.46,425.87,,SW,,17.56,101026.58,100734.35,
019HI,2024-01-16T03:00:00Z,92770.0,20.1,84.2,1.348,201.5,2.721,211.59,20.011,18.422,18.589,19.372,0.0,11.0,20.9,33.2,13.32,40.24,142.51,-102.27,69.08,321.19,423.45,,SSW,,17.33,101026.58,100737.48,
019HI,2024-01-16T03:05:00Z,92770.0,19.839,85.5,0.916,192.5,2.053,192.41,20.028,18.45,18.611,19.4,0.0,11.0,20.9,33.2,13.27,25.82,128.16,-102.34,64.25,319.67,422.01,,SSW,,17.32,101026.58,100744.82,
019HI,2024-01-16T03:10:00Z,92770.0,19.8,86.2,1.281,205.8,2.279,172.92,20.044,18.439,18.6,19.372,0.0,11.0,20.9,33.2,13.23,12.07,113.66,-101.59,59.26,318.82,420.41,,SSW,,17.41,101026.58,100745.91,
019HI,2024-01-16T03:15:00Z,92770.0,19.689,86.1,1.564,209.8,2.778,153.51,20.061,18.428,18.622,19.428,0.0,11.0,20.9,33.2,13.2,-1.0,99.56,-100.56,53.95,317.41,417.97,,SSW,,17.28,101026.58,100749.04,
019HI,2024-01-16T03:20:00Z,92780.0,19.311,86.7,1.497,212.0,2.829,134.69,20.083,18.472,18.572,19.45,0.0,11.0,20.9,33.2,13.18,-13.27,85.97,-99.24,48.73,315.69,414.93,,SSW,,17.02,101037.47,100770.58,
019HI,2024-01-16T03:25:00Z,92790.0,18.961,87.4,1.641,206.9,3.164,116.18,20.089,18.489,18.6,19.489,0.0,11.0,20.9,33.2,13.17,-24.92,72.74,-97.67,43.44,314.48,412.14,,SSW,,16.81,101048.36,100791.35,
019HI,2024-01-16T03:30:00Z,92790.0,18.65,88.0,1.548,219.1,2.444,97.96,20.089,18.511,18.611,19.489,0.0,11.0,20.9,33.2,13.15,-34.96,59.81,-94.78,38.15,314.75,409.52,,SW,,16.61,101048.36,100800.18,
019HI,2024-01-16T03:35:00Z,92790.0,18.389,88.8,1.945,273.8,2.665,79.69,20.094,18.522,18.6,19.539,0.0,11.0,20.9,33.2,13.08,,47.45,-95.45,32.24,311.87,407.32,,W,,16.49,101048.36,100807.6,
019HI,2024-01-16T03:40:00Z,92810.0,18.161,89.7,0.813,271.4,2.557,63.32,20.094,18.55,18.611,19.561,0.0,11.0,20.9,33.2,13.13,-56.78,36.21,-92.99,27.12,311.74,404.73,,W,,16.43,101070.15,100835.82,
019HI,2024-01-16T03:45:00Z,92810.0,18.05,90.1,1.965,280.4,3.22,47.9,20.1,18.55,18.611,19.561,0.0,11.0,20.9,33.2,13.12,-65.32,26.81,-92.13,21.09,311.25,403.38,,W,,16.39,101070.15,100838.98,
019HI,2024-01-16T03:50:00Z,92810.0,17.828,90.6,2.32,289.0,3.22,34.88,20.106,18.572,18.611,19.578,0.0,11.0,20.9,33.2,13.11,-67.36,23.22,-90.58,11.66,311.06,401.64,,WNW,,16.26,101070.15,100845.32,
019HI,2024-01-16T03:55:00Z,92820.0,17.528,89.1,2.279,295.1,2.943,19.61,20.111,18.589,18.589,19.589,0.0,11.0,20.9,33.2,13.1,-70.7,16.36,-87.05,3.25,311.13,398.18,,WNW,,15.7,101081.04,100864.79,
019HI,2024-01-16T04:00:00Z,92820.0,17.35,85.3,2.387,292.4,3.164,5.53,20.128,18.6,18.6,19.622,0.0,11.0,20.9,33.2,13.09,-80.54,3.42,-83.96,2.11,311.7,395.66,,WNW,,14.84,101081.04,100869.93,
019HI,2024-01-16T04:05:00Z,92830.0,17.478,80.4,2.361,296.5,3.112,2.76,20.144,18.622,18.6,19.639,0.0,11.0,20.9,33.2,13.09,-82.11,0.61,-82.73,2.15,311.09,393.81,,WNW,,14.04,101091.93,100877.17,
019HI,2024-01-16T04:10:00Z,92840.0,17.161,79.89,2.829,305.6,3.442,0.0,20.161,18.622,18.589,19.65,0.0,11.0,20.9,33.2,13.07,-82.75,-1.49,-81.26,1.2,310.74,392.0,,NW,,13.63,101102.82,100897.14,
019HI,2024-01-16T04:15:00Z,92850.0,16.839,79.99,3.39,312.1,4.054,0.0,20.161,18.65,18.6,19.65,0.0,11.0,20.9,33.2,13.08,-83.03,-2.85,-80.19,0.81,310.67,390.86,,NW,,13.34,101113.71,100917.28,
019HI,2024-01-16T04:20:00Z,92850.0,16.472,79.82,3.961,307.3,4.887,0.0,20.144,18.65,18.6,19.661,0.0,11.0,20.9,33.2,13.08,-82.18,-3.62,-78.56,0.39,311.27,389.83,,NW,,12.95,101113.71,100927.87,
019HI,2024-01-16T04:25:00Z,92870.0,16.478,78.24,3.781,307.0,5.0,0.0,20.111,18.661,18.622,19.672,0.0,11.0,20.9,33.2,13.08,-80.8,-3.92,-76.88,0.82,312.53,389.42,,NW,,12.65,101135.49,100949.45,
019HI,2024-01-16T04:30:00Z,92870.0,16.478,77.64,3.683,309.6,4.553,0.0,20.072,18.722,18.622,19.7,0.0,11.0,20.9,33.2,13.0,-80.75,-4.13,-76.62,0.77,312.12,388.74,,NW,,12.53,101135.49,100949.45,
019HI,2024-01-16T04:35:00Z,92880.0,16.789,77.74,3.318,299.0,5.499,0.0,20.017,18.711,18.622,19.7,0.0,11.0,20.9,33.2,13.07,-82.02,-4.31,-77.71,1.38,312.24,389.95,,WNW,,12.85,101146.38,100951.34,
019HI,2024-01-16T04:40:00Z,92880.0,16.872,78.12,3.205,303.9,4.496,0.0,19.95,18.722,18.622,19.711,0.0,11.0,20.9,33.2,13.07,-82.85,-4.52,-78.32,1.05,311.35,389.68,,NW,,13.01,101146.38,100948.95,
019HI,2024-01-16T04:45:00Z,92890.0,16.522,77.77,3.956,304.6,5.165,0.0,19.906,18.75,18.611,19.728,0.0,11.0,20.9,33.2,13.06,-82.33,-4.26,-78.07,0.57,310.88,388.95,,NW,,12.6,101157.27,100969.92,
019HI,2024-01-16T04:50:00Z,92900.0,16.711,78.59,3.4,302.5,4.167,0.0,19.867,18.75,18.622,19.739,0.0,11.0,20.9,33.2,13.06,-82.46,-4.45,-78.0,0.94,311.39,389.4,,WNW,,12.94,101168.16,100975.33,
019HI,2024-01-16T04:55:00Z,92900.0,16.589,79.09,3.457,313.0,4.496,0.0,19.828,18.75,18.639,19.728,0.0,11.0,20.9,33.2,13.04,-82.33,-4.23,-78.11,0.82,310.53,388.63,,NW,,12.92,101168.16,100978.84,
019HI,2024-01-16T05:00:00Z,92900.0,16.578,78.73,2.984,313.2,3.941,0.0,19.794,18.778,18.611,19.739,0.0,11.0,20.9,33.2,12.99,-81.7,-4.42,-77.28,0.74,310.31,387.59,,NW,,12.84,101168.16,100979.16,
019HI,2024-01-16T05:05:00Z,92910.0,16.411,74.78,3.802,309.5,4.496,0.0,19.772,18.778,18.639,19.739,0.0,11.0,20.9,33.2,13.05,-81.03,-4.14,-76.89,0.51,309.79,386.68,,NW,,11.89,101179.05,100994.89,
019HI,2024-01-16T05:10:00Z,92920.0,16.55,74.28,3.431,300.1,4.609,0.0,19.744,18.8,18.628,19.761,0.0,11.0,20.9,33.2,13.05,-80.47,-4.05,-76.41,1.12,310.99,387.41,,WNW,,11.92,101189.94,101001.75,
019HI,2024-01-16T05:15:00Z,92920.0,16.428,75.82,3.575,310.8,4.218,0.0,19.706,18.811,18.611,19.75,0.0,11.0,20.9,33.2,13.05,-81.41,-4.37,-77.04,0.35,309.72,386.76,,NW,,12.12,101189.94,101005.26,
019HI,2024-01-16T05:20:00Z,92930.0,16.161,76.88,3.545,306.1,4.11,0.0,19.683,18.822,18.65,19.75,0.0,11.0,20.9,33.2,13.05,-81.09,-4.27,-76.82,0.59,309.13,385.95,,NW,,12.07,101200.83,101023.85,
019HI,2024-01-16T05:25:00Z,92940.0,16.361,75.58,3.972,301.4,5.278,0.0,19.656,18.828,18.65,19.739,0.0,11.0,20.9,33.2,13.04,-81.83,-4.14,-77.69,1.09,309.46,387.16,,WNW,,12.0,101211.72,101028.94,
019HI,2024-01-16T05:30:00Z,92950.0,16.65,75.8,4.378,299.1,5.499,0.0,19.617,18.861,18.639,19.739,0.0,11.0,20.9,33.2,12.99,-83.8,-4.25,-79.55,0.97,309.16,388.71,,WNW,,12.33,101222.61,101031.46,
019HI,2024-01-16T05:35:00Z,92950.0,16.578,77.95,4.795,303.6,5.829,0.0,19.583,18.878,18.639,19.761,0.0,11.0,20.9,33.2,13.04,-83.96,-4.21,-79.75,0.64,309.72,389.47,,WNW,,12.69,101222.61,101033.52,
019HI,2024-01-16T05:40:00Z,92960.0,16.611,80.4,4.316,301.1,5.998,0.0,19.55,18.872,18.65,19.761,0.0,11.0,20.9,33.2,13.04,-84.11,-4.28,-79.83,0.86,310.27,390.11,,WNW,,13.2,101233.5,101043.41,
019HI,2024-01-16T05:45:00Z,92960.0,16.789,79.86,4.167,298.5,5.222,0.0,19.517,18.878,18.639,19.728,0.0,11.0,20.9,33.2,13.04,-84.33,-4.31,-80.03,1.19,310.53,390.55,,WNW,,13.27,101233.5,101038.28,
019HI,2024-01-16T05:50:00Z,92960.0,16.878,80.6,4.45,295.6,5.721,0.0,19.489,18.889,18.65,19.739,0.0,11.0,20.9,33.2,13.04,-84.96,-4.24,-80.72,1.07,310.82,391.54,,WNW,,13.49,101233.5,101035.7,
019HI,2024-01-16T05:55:00Z,92970.0,16.961,80.9,3.894,294.0,5.386,0.0,19.461,18.889,18.661,19.728,0.0,11.0,20.9,33.2,13.03,-83.79,-4.43,-79.35,0.95,312.34,391.7,,WNW,,13.63,101244.39,101044.18,
019HI,2024-01-16T06:00:00Z,92970.0,16.85,80.5,3.982,294.1,5.942,0.0,19.428,18.911,18.639,19.728,0.0,10.9,20.9,33.2,13.03,-81.74,-4.25,-77.49,0.82,313.69,391.17,,WNW,,13.45,101244.39,101047.38,
019HI,2024-01-16T06:05:00Z,92970.0,17.122,80.2,3.442,285.8,4.666,0.0,19.4,18.922,18.622,19.728,0.0,10.9,20.9,33.2,13.03,-80.16,-4.23,-75.93,1.51,316.47,392.4,,WNW,,13.66,101244.39,101039.55,
019HI,2024-01-16T06:10:00Z,92970.0,17.172,81.2,3.04,280.6,4.553,0.0,19.372,18.939,18.661,19.722,0.0,10.9,20.9,33.2,13.03,-78.01,-4.35,-73.66,1.27,318.8,392.46,,W,,13.9,101244.39,101038.1,
019HI,2024-01-16T06:15:00Z,92970.0,17.161,81.3,3.308,288.6,4.609,0.0,19.344,18.922,18.661,19.722,0.0,10.9,20.9,33.2,13.03,-77.05,-4.32,-72.73,1.13,319.73,392.46,,WNW,,13.91,101244.39,101038.41,
019HI,2024-01-16T06:20:00Z,92980.0,16.928,80.6,3.647,290.5,5.721,0.0,19.328,18.939,18.661,19.7,0.0,10.9,20.9,33.2,13.03,-74.83,-3.97,-70.86,0.54,320.91,391.77,,WNW,,13.54,101255.28,101056.0,
019HI,2024-01-16T06:25:00Z,92980.0,17.439,85.1,2.943,276.1,4.388,0.0,19.3,18.939,18.672,19.689,0.0,10.9,20.9,33.2,13.03,-68.9,-3.97,-64.92,1.96,330.46,395.38,,W,,14.89,101255.28,101041.25,
019HI,2024-01-16T06:30:00Z,92980.0,17.828,86.3,2.125,273.3,3.277,0.0,19.256,18.961,18.65,19.689,0.0,10.9,20.9,33.2,13.02,-54.71,-3.49,-51.22,2.47,347.44,398.66,,W,,15.49,101255.28,101030.08,
019HI,2024-01-16T06:35:00Z,92980.0,17.772,84.6,3.112,289.6,4.332,0.0,19.217,18.961,18.672,19.678,0.0,10.9,20.9,33.2,13.02,-72.48,-3.62,-68.86,1.39,327.73,396.59,,WNW,,15.12,101255.28,101031.7,
019HI,2024-01-16T06:40:00Z,92970.0,17.989,84.9,3.364,285.4,4.445,0.0,19.189,18.961,18.678,19.678,0.0,10.9,20.9,33.2,13.03,-73.9,-3.9,-69.99,1.69,327.61,397.6,,WNW,,15.39,101244.39,101014.62,
019HI,2024-01-16T06:45:00Z,92970.0,18.072,84.7,2.685,287.9,4.218,0.0,19.167,19.011,18.678,19.672,0.0,10.9,20.9,33.2,13.02,-73.39,-4.17,-69.22,1.18,328.34,397.56,,WNW,,15.44,101244.39,101012.25,
019HI,2024-01-16T06:50:00Z,92970.0,17.778,85.9,2.541,278.1,3.889,0.0,19.156,19.0,18.711,19.65,0.0,10.9,20.9,33.2,13.02,-68.66,-4.12,-64.54,0.45,332.52,397.06,,W,,15.37,101244.39,101020.65,
019HI,2024-01-16T06:55:00Z,92970.0,17.789,86.7,2.603,287.1,3.663,0.0,19.144,19.0,18.65,19.65,0.0,10.9,20.9,33.2,13.01,-73.78,-4.29,-69.49,1.01,327.7,397.19,,WNW,,15.53,101244.39,101020.33,
019HI,2024-01-16T07:00:00Z,92970.0,17.611,86.9,2.953,289.4,4.332,0.0,19.139,19.0,18.678,19.639,0.0,10.9,20.9,33.2,13.01,-72.43,-4.06,-68.37,0.75,328.27,396.64,,WNW,,15.39,101244.39,101025.43,
019HI,2024-01-16T07:05:00Z,92980.0,17.522,88.0,3.457,294.9,4.388,0.0,19.128,19.011,18.678,19.6,0.0,10.9,20.9,33.2,12.97,-76.08,-4.07,-72.01,0.8,324.5,396.51,,WNW,,15.5,101255.28,101038.84,
019HI,2024-01-16T07:10:00Z,92980.0,17.411,88.8,3.714,302.6,4.944,0.0,19.15,19.011,18.7,19.6,0.0,10.9,20.9,33.2,12.95,-74.57,-3.9,-70.66,0.72,327.27,397.94,,WNW,,15.53,101255.28,101042.02,
019HI,2024-01-16T07:15:00Z,92980.0,17.372,88.1,3.997,303.8,5.386,0.0,19.133,19.0,18.689,19.578,0.0,10.9,20.9,33.2,13.0,-74.78,-3.74,-71.04,0.59,326.85,397.89,,NW,,15.37,101255.28,101043.15,
019HI,2024-01-16T07:20:00Z,92980.0,17.311,87.1,3.987,305.1,5.108,0.0,19.083,19.011,18.689,19.561,0.0,10.9,20.9,33.2,13.01,-69.03,-3.4,-65.63,0.47,331.08,396.71,,NW,,15.13,101255.28,101044.91,
019HI,2024-01-16T07:25:00Z,92980.0,17.461,86.1,3.658,300.1,4.887,0.0,19.072,19.011,18.7,19.578,0.0,10.9,20.9,33.2,13.01,-58.3,-2.89,-55.41,0.84,342.01,397.43,,WNW,,15.09,101255.28,101040.61,
019HI,2024-01-16T07:30:00Z,92980.0,17.639,84.7,2.727,284.6,4.717,0.0,19.056,19.022,18.711,19.55,0.0,10.9,20.9,33.2,13.01,-41.77,-2.33,-39.44,0.94,359.34,398.78,,WNW,,15.01,101255.28,101035.51,
019HI,2024-01-16T07:35:00Z,92990.0,18.15,82.7,1.698,269.2,3.833,0.0,19.028,19.039,18.7,19.55,0.0,10.9,20.9,33.2,13.01,-23.81,-1.79,-22.02,1.7,379.27,401.29,,W,,15.14,101266.17,101031.76,
019HI,2024-01-16T07:40:00Z,92990.0,18.272,85.2,2.212,262.4,4.167,0.0,19.0,19.028,18.728,19.55,0.0,10.9,20.9,33.2,13.01,-15.72,-1.19,-14.53,0.63,389.12,403.65,,W,,15.73,101266.17,101028.25,
019HI,2024-01-16T07:45:00Z,92980.0,18.372,88.4,2.783,278.6,3.997,0.0,18.972,19.028,18.722,19.522,0.0,10.9,20.9,33.2,12.96,-17.45,-1.32,-16.13,0.46,388.78,404.91,,W,,16.41,101255.28,101014.5,
019HI,2024-01-16T07:50:00Z,92980.0,18.25,91.1,2.948,273.3,5.278,0.0,18.978,19.0,18.722,19.489,0.0,10.9,20.9,33.2,12.88,-15.97,-1.24,-14.73,0.28,392.31,407.04,,W,,16.76,101255.28,101017.96,
019HI,2024-01-16T07:55:00Z,92980.0,18.211,92.5,3.735,282.0,5.165,0.0,18.989,19.022,18.728,19.5,0.0,10.9,20.9,33.2,12.93,-15.67,-1.09,-14.58,0.11,394.67,409.25,,WNW,,16.97,101255.28,101019.06,
019HI,2024-01-16T08:00:00Z,92980.0,18.261,92.1,3.565,284.8,5.052,0.14,18.928,19.039,18.739,19.478,0.0,10.9,20.9,33.2,12.95,-11.16,-0.52,-10.64,0.66,398.18,408.82,,WNW,,16.95,101255.28,101017.64,
019HI,2024-01-16T08:05:00Z,92980.0,18.572,89.7,3.421,283.6,4.609,0.29,18.906,19.061,18.728,19.472,0.0,10.9,20.9,33.2,12.93,-8.37,-0.44,-7.93,0.73,401.9,409.84,,WNW,,16.83,101255.28,101008.79,
019HI,2024-01-16T08:10:00Z,92970.0,18.778,87.0,2.871,289.1,4.054,0.0,18.894,19.022,18.739,19.439,0.0,10.9,20.9,33.2,12.99,-10.75,-0.46,-10.29,0.27,399.48,409.77,,WNW,,16.55,101244.39,100992.08,
019HI,2024-01-16T08:15:00Z,92970.0,19.0,83.1,2.819,281.7,5.885,0.0,18.85,19.05,18.728,19.428,0.0,10.9,20.9,33.2,13.0,-19.27,-0.91,-18.35,0.77,389.96,408.32,,WNW,,16.05,101244.39,100985.81,
019HI,2024-01-16T08:20:00Z,92970.0,19.128,80.9,2.907,294.8,4.666,0.0,18.85,19.028,18.728,19.422,0.0,10.9,20.9,33.2,13.0,-27.46,-1.4,-26.05,0.27,380.62,406.67,,WNW,,15.75,101244.39,100982.19,
019HI,2024-01-16T08:25:00Z,92960.0,19.2,79.8,4.29,290.8,5.829,0.0,18.85,19.022,18.75,19.422,0.0,10.9,20.9,33.2,13.0,-50.68,-2.19,-48.49,0.53,357.68,406.16,,WNW,,15.6,101233.5,100969.3,
019HI,2024-01-16T08:30:00Z,92950.0,19.2,78.8,3.467,295.6,4.717,0.0,18.856,19.061,18.739,19.389,0.0,10.9,20.9,33.2,13.0,-46.33,-2.53,,0.43,361.64,405.44,,WNW,,15.41,101222.61,100958.45,
019HI,2024-01-16T08:35:00Z,92950.0,19.239,78.87,3.802,299.9,4.887,0.0,18.856,19.061,18.75,19.389,0.0,10.9,20.9,33.2,13.0,-19.61,-1.08,-18.53,0.36,388.99,407.52,,WNW,,15.46,101222.61,100957.34,
019HI,2024-01-16T08:40:00Z,92950.0,19.311,77.23,3.498,302.8,5.777,0.0,18.844,19.05,18.772,19.389,0.0,10.9,20.9,33.2,13.0,-11.24,-0.85,-10.39,0.33,397.81,408.2,,WNW,,15.2,101222.61,100955.32,
019HI,2024-01-16T08:45:00Z,92940.0,19.3,77.18,2.562,316.2,6.22,0.0,18.833,19.039,18.761,19.372,0.0,10.9,20.9,33.2,12.99,-11.49,-5.2,-6.3,0.15,401.21,407.51,,NW,,15.18,101211.72,100944.77,
019HI,2024-01-16T08:50:00Z,92950.0,19.7,76.26,2.006,313.6,6.22,0.0,18.844,19.061,18.75,19.361,0.0,10.9,20.9,33.2,12.99,-15.06,-10.93,-4.13,2.13,403.82,407.94,,NW,,15.38,101222.61,100944.32,
019HI,2024-01-16T08:55:00Z,92960.0,19.311,80.9,2.387,225.1,4.218,0.0,18.867,19.05,18.811,19.322,0.0,10.9,20.9,33.2,12.99,-17.5,-10.96,-6.55,1.74,399.42,405.96,,SW,,15.93,101233.5,100966.14,
019HI,2024-01-16T09:00:00Z,92960.0,18.472,88.7,2.5,240.6,4.388,0.0,18.867,19.039,18.75,19.328,0.0,10.9,20.9,33.2,12.95,-16.68,-4.88,-11.8,0.65,393.08,404.89,,WSW,,16.56,101233.5,100989.92,
019HI,2024-01-16T09:05:00Z,92960.0,18.122,92.2,2.809,265.8,4.167,0.0,18.883,19.028,18.739,19.322,0.0,10.9,20.9,33.2,12.88,-8.86,-2.96,-5.9,0.88,400.69,406.59,,W,,16.83,101233.5,100999.88,
019HI,2024-01-16T09:10:00Z,92950.0,18.028,93.6,3.385,284.2,4.553,0.0,18.889,19.061,18.772,19.311,0.0,10.9,20.9,33.2,12.88,-11.67,-2.83,-8.84,0.92,399.37,408.21,,WNW,,16.97,101222.61,100991.69,
019HI,2024-01-16T09:15:00Z,92940.0,17.9,94.0,3.308,288.9,5.278,0.0,18.867,19.061,18.778,19.322,0.254,10.9,20.9,33.2,12.86,-11.2,-4.34,-6.86,1.51,401.37,408.23,,WNW,,16.91,101211.72,100984.48,
019HI,2024-01-16T09:20:00Z,92950.0,18.111,93.9,2.757,275.2,4.666,0.0,18.856,19.039,18.772,19.289,0.0,10.9,20.9,33.2,12.87,-6.72,-6.04,-0.67,2.9,408.36,409.03,,W,,17.11,101222.61,100989.31,
019HI,2024-01-16T09:25:00Z,92950.0,18.278,93.3,2.258,284.7,3.056,0.0,18.844,19.089,18.772,19.278,0.0,10.9,20.9,33.2,12.87,-7.44,-5.29,-2.15,2.13,407.26,409.4,,WNW,,17.17,101222.61,100984.55,
019HI,2024-01-16T09:30:00Z,92940.0,18.139,92.5,3.236,306.1,4.11,0.0,18.839,19.061,18.8,19.272,0.0,10.9,20.9,33.2,12.85,-33.07,-7.66,-25.41,1.94,382.08,407.49,,NW,,16.89,101211.72,100977.66,
019HI,2024-01-16T09:35:00Z,92930.0,18.111,92.0,3.683,301.8,4.496,0.0,18.85,19.039,18.778,19.261,0.0,10.9,20.9,33.2,12.91,-23.15,-7.77,-15.38,2.13,391.67,407.05,,WNW,,16.78,101200.83,100967.6,
019HI,2024-01-16T09:40:00Z,92930.0,18.478,90.4,2.968,285.3,6.055,0.0,18.822,19.039,18.8,19.25,0.0,10.9,20.9,33.2,12.93,-10.41,-7.34,-3.07,2.82,404.12,407.19,,WNW,,16.87,101200.83,100957.14,
019HI,2024-01-16T09:45:00Z,92920.0,18.772,88.4,0.746,280.0,2.166,0.0,18.811,19.039,18.778,19.222,0.0,10.9,20.9,33.2,12.91,-7.6,-7.86,0.26,2.42,408.2,407.94,,W,,16.8,101189.94,100937.92,
019HI,2024-01-16T09:50:00Z,92920.0,18.728,88.4,0.977,194.1,,0.0,18.806,19.039,18.811,19.239,0.0,10.9,20.9,33.2,12.93,-7.69,-6.24,-1.45,1.54,406.71,408.15,,SSW,,16.76,101189.94,100939.17,
019HI,2024-01-16T09:55:00Z,92920.0,18.478,91.0,1.672,270.9,2.665,0.0,18.794,19.039,18.8,19.228,0.0,10.9,20.9,33.2,12.85,-3.54,-3.09,-0.45,0.43,407.89,408.34,,W,,16.97,101189.94,100946.27,
019HI,2024-01-16T10:00:00Z,,,,,,2.943,,,,,,,,,,,,,,,,,,,,,,None,
