# STATION: 020HI
# STATION NAME: Waikamoi
# LATITUDE: 20.7736
# LONGITUDE: -156.2223
# ELEVATION [ft]: 6348.0
# STATE: HI
Station_ID,Date_Time,pressure_set_1,air_temp_set_1,relative_humidity_set_1,wind_speed_set_1,wind_direction_set_1,wind_gust_set_1,solar_radiation_set_1,soil_temp_set_1,soil_temp_set_2,soil_temp_set_3,soil_temp_set_4,precip_accum_five_minute_set_1,soil_moisture_set_1,soil_moisture_set_2,soil_moisture_set_3,volt_set_1,net_radiation_set_1,net_radiation_sw_set_1,net_radiation_lw_set_1,outgoing_radiation_sw_set_1,incoming_radiation_lw_set_1,outgoing_radiation_lw_set_1,wind_chill_set_1d,wind_cardinal_direction_set_1d,heat_index_set_1d,dew_point_temperature_set_1d,altimeter_set_1d,sea_level_pressure_set_1d,wet_bulb_temperature_set_1d
,,Pascals,Celsius,%,m/s,Degrees,m/s,W/m**2,Celsius,Celsius,Celsius,Celsius,Millimeters,%,%,%,volts,W/m**2,W/m**2,W/m**2,W/m**2,W/m**2,W/m**2,Celsius,code,Celsius,Celsius,Pascals,Pascals,Celsius
020HI,2024-01-15T10:00:00Z,,,,,,,,,,,,,,,,12.83,,,,,,,,,,,,None,
020HI,2024-01-15T10:05:00Z,80630.0,10.85,42.39,2.495,205.9,2.886,0.0,8.189,12.089,,10.122,0.0,49.9,56.5,53.7,12.83,-77.98,-4.21,-73.76,0.0,268.29,342.06,,SSW,,-1.54,101958.07,101247.86,
020HI,2024-01-15T10:10:00Z,80630.0,10.611,42.57,2.541,208.8,3.39,0.0,8.167,12.072,,10.089,0.0,49.9,56.5,53.7,12.83,-78.6,-4.31,-74.29,0.0,267.65,341.94,,SSW,,-1.7,101958.07,101266.87,
020HI,2024-01-15T10:15:00Z,80630.0,10.589,42.74,2.598,206.1,3.277,0.0,8.133,12.022,,10.061,0.0,49.9,56.5,53.7,12.82,-78.5,-4.34,-74.16,0.0,267.82,341.97,,SSW,,-1.66,101958.07,101268.62,
020HI,2024-01-15T10:20:00Z,80630.0,10.472,42.13,2.706,209.6,3.442,0.0,8.139,12.061,,10.061,0.0,49.9,56.5,53.7,12.82,-79.13,-4.31,-74.81,0.05,267.71,342.52,,SSW,,-1.96,101958.07,101277.95,
020HI,2024-01-15T10:25:00Z,80620.0,10.878,40.27,2.413,211.8,3.442,0.0,8.111,12.061,,10.072,0.0,49.9,56.5,53.7,12.82,-79.23,-4.35,-74.88,0.52,267.88,342.76,,SSW,,-2.21,101945.42,101233.12,
020HI,2024-01-15T10:30:00Z,80620.0,11.089,39.68,2.279,210.0,,0.0,8.05,12.028,,10.039,0.0,49.9,56.5,53.7,12.82,-78.84,-4.46,-74.38,0.37,268.13,342.51,,SSW,,-2.22,101945.42,101216.38,
020HI,2024-01-15T10:35:00Z,80610.0,10.911,40.8,2.269,208.4,2.886,0.0,7.978,12.0,,9.978,0.0,49.9,56.5,53.7,12.82,-77.32,-4.23,-73.09,0.0,268.23,341.32,,SSW,,-2.0,101932.78,101217.93,
020HI,2024-01-15T10:40:00Z,80610.0,11.178,39.59,2.171,211.9,2.886,0.0,7.939,11.989,,9.95,0.0,49.9,56.5,53.7,12.82,-77.04,-4.06,-72.98,0.17,267.96,340.94,,SSW,,-2.17,101932.78,101196.77,
020HI,2024-01-15T10:45:00Z,80610.0,11.15,40.74,2.166,208.7,2.886,0.0,7.911,11.978,,9.911,0.0,49.9,56.5,53.7,12.81,-78.06,-4.26,-73.8,0.0,267.54,341.34,,SSW,,-1.81,101932.78,101198.97,
020HI,2024-01-15T10:50:00Z,80610.0,11.011,41.11,2.202,209.4,2.778,0.0,7.9,11.961,,9.9,0.0,49.9,56.5,53.7,12.81,-78.38,-4.37,-74.0,0.0,267.27,341.27,,SSW,,-1.81,101932.78,101209.99,
020HI,2024-01-15T10:55:00Z,80600.0,10.972,41.05,2.156,211.1,2.778,0.0,7.861,11.939,,9.911,0.0,49.9,56.5,53.7,12.81,-78.93,-4.4,-74.53,0.0,266.79,341.33,,SSW,,-1.86,101920.13,101200.53,
020HI,2024-01-15T11:00:00Z,80600.0,10.872,41.44,2.212,210.2,2.829,0.0,7.817,11.939,,9.872,0.0,49.9,56.5,53.7,12.81,-79.18,-4.49,-74.7,0.0,266.29,340.99,,SSW,,-1.83,101920.13,101208.46,
020HI,2024-01-15T11:05:00Z,80600.0,10.611,42.57,2.351,208.0,3.164,0.0,7.8,11.9,,9.839,0.0,49.9,56.5,53.7,12.81,-79.91,-4.49,-75.41,0.0,265.9,341.31,,SSW,,-1.7,101920.13,101229.19,
020HI,2024-01-15T11:10:00Z,80600.0,10.722,41.78,2.325,208.2,3.22,0.0,7.811,11.911,,9.8,0.0,49.9,56.5,53.7,12.81,-80.75,-4.57,-76.19,0.11,265.55,341.74,,SSW,,-1.85,101920.13,101220.37,
020HI,2024-01-15T11:15:00Z,80590.0,10.6,42.54,2.402,208.8,,0.0,7.772,11.889,,9.789,0.0,49.9,56.5,53.7,12.81,-80.99,-4.65,-76.33,0.09,265.08,341.42,,SSW,,-1.72,101907.49,101217.51,
020HI,2024-01-15T11:20:00Z,80590.0,10.411,43.25,2.48,206.9,3.22,0.0,7.733,11.861,,9.772,0.0,49.9,56.5,53.7,12.81,-81.47,-4.75,-76.72,0.08,264.85,341.57,,SSW,,-1.66,101907.49,101232.55,
020HI,2024-01-15T11:25:00Z,80580.0,10.461,42.97,2.341,209.7,2.943,0.0,7.728,11.839,,9.761,0.0,49.9,56.5,53.6,12.81,-81.92,-4.69,-77.23,0.22,264.73,341.96,,SSW,,-1.7,101894.84,101216.01,
020HI,2024-01-15T11:30:00Z,80590.0,10.461,43.05,2.228,210.8,3.112,0.0,7.683,11.839,,9.689,0.0,49.9,56.5,53.6,12.81,-80.53,-4.57,-75.95,0.0,264.83,340.78,,SSW,,-1.68,101907.49,101228.56,
020HI,2024-01-15T11:35:00Z,80590.0,10.161,44.63,2.228,207.9,2.665,0.0,7.6,11.8,,9.689,0.0,49.9,56.5,53.6,12.8,-79.21,-4.51,-74.7,0.0,264.78,339.48,,SSW,,-1.46,101907.49,101252.47,
020HI,2024-01-15T11:40:00Z,80590.0,9.928,45.32,2.397,207.4,3.112,0.0,7.583,11.8,,9.678,0.0,49.9,56.5,53.6,12.75,-79.15,-4.43,-74.72,0.0,264.7,339.43,,SSW,,-1.46,101907.49,101271.08,
020HI,2024-01-15T11:45:00Z,80580.0,10.05,44.47,2.495,206.1,3.334,0.0,7.594,11.778,,9.661,0.0,49.9,56.5,53.6,12.8,-81.31,-4.71,,0.39,264.21,340.81,,SSW,,-1.61,101894.84,101248.77,
020HI,2024-01-15T11:50:00Z,80570.0,10.228,43.83,2.516,208.2,3.22,0.0,7.589,11.75,,9.622,0.0,49.9,56.5,53.6,12.8,-82.66,-4.76,-77.9,0.62,263.79,341.68,,SSW,,-1.65,101882.2,101222.0,
020HI,2024-01-15T11:55:00Z,80570.0,10.439,42.87,2.31,210.3,2.943,0.0,7.567,11.739,,9.6,0.0,49.9,56.5,53.6,12.8,-81.9,-4.63,-77.27,0.52,263.85,341.12,,SSW,,-1.76,101882.2,101205.2,
020HI,2024-01-15T12:00:00Z,80580.0,10.272,43.72,2.264,209.1,3.056,0.0,7.483,11.728,,9.572,0.0,49.9,56.5,53.6,12.8,-80.47,-4.6,-75.87,0.07,264.17,340.04,,SSW,,-1.64,101894.84,101231.06,
020HI,2024-01-15T12:05:00Z,80580.0,10.239,43.31,2.017,210.6,2.943,0.0,7.439,11.711,,9.589,0.0,49.9,56.5,53.6,12.79,-79.56,-4.58,-74.98,0.0,264.14,339.12,,SSW,,-1.8,101894.84,101233.7,
020HI,2024-01-15T12:10:00Z,80570.0,9.8,45.81,2.279,207.3,2.721,0.0,7.394,11.678,,9.539,0.0,49.9,56.5,53.6,12.8,-78.54,-4.47,-74.07,0.0,263.87,337.94,,SSW,,-1.43,101882.2,101256.18,
020HI,2024-01-15T12:15:00Z,80560.0,9.75,45.46,2.222,210.4,2.886,0.0,7.378,11.678,,9.522,0.0,49.9,56.5,53.6,12.79,-79.36,-4.35,-75.0,0.0,263.15,338.15,,SSW,,-1.58,101869.55,101247.62,
020HI,2024-01-15T12:20:00Z,80560.0,9.761,46.12,2.15,210.0,2.886,0.0,7.35,11.65,,9.472,0.0,49.9,56.5,53.6,12.79,-80.48,-4.63,-75.85,0.15,262.78,338.63,,SSW,,-1.38,101869.55,101246.73,
020HI,2024-01-15T12:25:00Z,80560.0,9.85,45.71,2.145,211.1,3.164,0.0,7.344,11.65,,9.461,0.0,49.9,56.5,53.6,12.79,-81.31,-4.77,-76.54,0.35,262.73,339.27,,SSW,,-1.42,101869.55,101239.61,
020HI,2024-01-15T12:30:00Z,80550.0,9.811,45.9,2.351,209.0,3.39,0.0,7.328,11.622,,9.439,0.0,49.9,56.5,53.6,12.79,-81.02,-4.7,-76.32,0.25,263.07,339.39,,SSW,,-1.4,101856.91,101230.16,
020HI,2024-01-15T12:35:00Z,80540.0,9.739,46.2,2.212,206.3,,0.0,7.289,11.611,,9.439,0.0,49.9,56.5,53.6,12.79,-80.34,-4.67,-75.66,0.26,263.04,338.71,,SSW,,-1.37,101844.26,101223.35,
020HI,2024-01-15T12:40:00Z,80540.0,9.661,46.9,2.176,207.3,2.943,0.0,7.261,11.578,,9.428,0.0,49.9,56.5,53.6,12.79,-80.37,-4.68,-75.69,0.31,262.85,338.54,,SSW,,-1.24,101844.26,101229.59,
020HI,2024-01-15T12:45:00Z,80540.0,9.722,46.13,2.001,213.3,2.721,0.0,7.222,11.578,,9.361,0.0,49.9,56.5,53.6,12.79,-80.82,-4.82,-76.0,0.56,262.75,338.75,,SSW,,-1.41,101844.26,101224.71,
020HI,2024-01-15T12:50:00Z,80540.0,9.939,45.16,2.042,213.5,2.778,0.0,7.194,11.561,,9.372,0.0,49.9,56.5,53.6,12.78,-81.26,-4.79,-76.47,0.76,262.66,339.12,,SSW,,-1.5,101844.26,101207.37,
020HI,2024-01-15T12:55:00Z,80530.0,10.172,43.69,2.387,210.2,3.663,0.0,7.217,11.539,,9.322,0.0,49.9,56.5,53.6,12.78,-82.21,-4.71,-77.5,0.85,263.06,340.56,,SSW,,-1.74,101831.62,101176.22,
020HI,2024-01-15T13:00:00Z,80530.0,10.3,43.14,2.192,211.4,3.164,0.0,7.239,11.539,,9.322,0.0,49.9,56.5,53.6,12.78,-82.84,-4.77,-78.08,0.73,263.41,341.49,,SSW,,-1.8,101831.62,101166.02,
020HI,2024-01-15T13:05:00Z,80520.0,10.528,42.5,2.526,209.5,4.054,0.0,7.244,11.5,,9.289,0.0,49.9,56.5,53.6,12.78,-84.32,-4.72,-79.59,0.88,263.41,343.01,,SSW,,-1.79,101818.97,101135.32,
020HI,2024-01-15T13:10:00Z,80520.0,10.728,41.79,2.366,210.6,4.332,0.0,7.25,11.489,,9.3,0.0,49.9,56.5,53.6,12.78,-85.21,-4.98,-80.23,0.99,263.83,344.05,,SSW,,-1.84,101818.97,101119.43,
020HI,2024-01-15T13:15:00Z,80530.0,10.922,40.77,1.924,215.6,2.886,0.0,7.189,11.511,,9.261,0.0,49.9,56.5,53.6,12.78,-84.37,-5.09,-79.29,1.02,264.3,343.59,,SW,,-2.0,101831.62,101116.61,
020HI,2024-01-15T13:20:00Z,80530.0,10.922,40.73,1.775,214.6,2.665,0.0,7.106,11.478,,9.25,0.0,49.9,56.5,53.6,12.78,-82.16,-4.95,-77.21,0.56,264.6,341.81,,SW,,-2.02,101831.62,101116.61,
020HI,2024-01-15T13:25:00Z,80530.0,10.828,40.89,1.991,214.2,3.112,0.0,7.072,11.478,,9.211,0.0,49.9,56.5,53.6,12.78,-82.88,-4.98,-77.89,0.69,264.43,342.32,,SW,,-2.05,101831.62,101124.06,
020HI,2024-01-15T13:30:00Z,80530.0,10.811,41.72,2.228,209.3,3.164,0.0,7.089,11.439,,9.189,0.0,49.9,56.5,53.6,12.78,-84.15,-5.01,-79.14,0.42,263.84,342.98,,SSW,,-1.79,101831.62,101125.4,
020HI,2024-01-15T13:35:00Z,80530.0,10.628,42.24,2.233,211.2,3.277,0.0,7.067,11.422,,9.139,0.0,49.9,56.5,53.6,12.78,-83.81,-4.86,-78.95,0.09,263.31,342.26,,SSW,,-1.79,101831.62,101139.93,
020HI,2024-01-15T13:40:00Z,80530.0,10.489,42.41,2.222,210.6,3.442,0.0,7.039,11.389,,9.139,0.0,49.9,56.5,53.6,12.77,-84.04,-5.03,-79.01,0.25,263.35,342.36,,SSW,,-1.86,101831.62,101150.98,
020HI,2024-01-15T13:45:00Z,80540.0,10.528,41.48,1.888,214.7,2.778,0.0,7.011,11.389,,9.122,0.0,49.9,56.5,53.6,12.77,-83.48,-5.02,-78.46,0.43,263.38,341.84,,SW,,-2.13,101844.26,101160.45,
020HI,2024-01-15T13:50:00Z,80540.0,10.711,41.33,2.078,213.2,3.112,0.0,6.989,11.361,,9.122,0.0,49.9,56.5,53.6,12.77,-83.46,-5.01,-78.46,0.71,263.4,341.86,,SSW,,-2.01,101844.26,101145.91,
020HI,2024-01-15T13:55:00Z,80540.0,10.461,42.17,2.418,208.3,3.719,0.0,6.994,11.372,,9.111,0.0,49.9,56.4,53.6,12.77,-84.54,-5.06,-79.48,0.22,262.75,342.23,,SSW,,-1.96,101844.26,101165.78,
020HI,2024-01-15T14:00:00Z,80540.0,10.45,41.94,2.438,210.5,3.776,0.0,7.017,11.361,,9.078,0.0,49.9,56.4,53.6,12.77,-85.72,-5.03,-80.69,0.55,262.35,343.03,,SSW,,-2.05,101844.26,101166.66,
020HI,2024-01-15T14:05:00Z,80540.0,10.422,42.04,2.197,210.2,3.056,0.0,6.978,11.339,,9.072,0.0,49.9,56.4,53.6,12.77,-85.5,-5.11,-80.39,0.38,262.22,342.61,,SSW,,-2.04,101844.26,101168.88,
020HI,2024-01-15T14:10:00Z,80540.0,10.289,42.03,2.15,211.1,3.056,0.0,6.922,11.311,,9.061,0.0,49.9,56.4,53.5,12.77,-84.98,-5.09,-79.89,0.31,261.97,341.86,,SSW,,-2.16,101844.26,101179.48,
020HI,2024-01-15T14:15:00Z,80540.0,10.439,40.75,1.996,215.2,3.334,0.0,6.906,11.278,,9.039,0.0,49.9,56.4,53.5,12.76,-84.88,-5.08,-79.8,0.71,261.97,341.77,,SW,,-2.45,101844.26,101167.55,
020HI,2024-01-15T14:20:00Z,80540.0,10.572,40.33,1.986,215.8,3.056,0.0,6.844,11.278,,8.978,0.0,49.9,56.4,53.5,12.77,-84.71,-5.11,-79.6,0.91,261.52,341.13,,SW,,-2.47,101844.26,101156.97,
020HI,2024-01-15T14:25:00Z,80540.0,10.5,40.43,1.873,215.8,2.886,0.0,6.811,11.261,,8.978,0.0,49.9,56.4,53.5,12.77,-84.93,-5.22,-79.71,0.56,261.03,340.74,,SW,,-2.5,101844.26,101162.7,
020HI,2024-01-15T14:30:00Z,80540.0,10.461,40.53,2.14,211.1,2.829,0.0,6.794,11.272,,8.978,0.0,49.9,56.4,53.5,12.76,-86.23,-5.15,-81.08,0.53,260.39,341.47,,SSW,,-2.5,101844.26,101165.8,
020HI,2024-01-15T14:35:00Z,80540.0,10.478,40.24,2.279,212.3,3.611,0.0,6.833,11.239,,8.95,0.0,49.9,56.4,53.5,12.76,-87.53,-5.16,-82.36,0.6,260.04,342.4,,SSW,,-2.58,101844.26,101164.46,
020HI,2024-01-15T14:40:00Z,80540.0,10.4,40.47,2.15,214.5,3.056,0.0,6.778,11.211,,8.939,0.0,49.9,56.4,53.5,12.76,-87.21,-5.3,-81.91,0.41,259.95,341.86,,SW,,-2.58,101844.26,101170.66,
020HI,2024-01-15T14:45:00Z,80540.0,10.45,40.18,2.387,208.9,3.334,0.0,6.8,11.211,,8.939,0.0,49.9,56.4,53.5,12.76,-87.64,-5.12,-82.52,0.63,260.19,342.71,,SSW,,-2.63,101844.26,101166.69,
020HI,2024-01-15T14:50:00Z,80540.0,10.472,39.82,2.495,211.1,4.887,0.0,6.817,11.178,,8.9,0.0,49.9,56.4,53.5,12.76,-88.31,-5.22,-83.09,0.79,260.36,343.45,,SSW,,-2.73,101844.26,101164.94,
020HI,2024-01-15T14:55:00Z,80540.0,10.522,39.08,2.613,210.0,4.054,0.0,6.789,11.172,,8.889,0.0,49.9,56.4,53.5,12.76,-87.91,-5.14,-82.77,0.67,260.56,343.33,,SSW,,-2.94,101844.26,101160.97,
020HI,2024-01-15T15:00:00Z,80540.0,10.678,37.97,2.552,210.0,3.498,0.0,6.778,11.128,,8.878,0.0,49.9,56.4,53.5,12.76,-88.28,-5.17,-83.1,0.7,260.71,343.81,,SSW,,-3.19,101844.26,101148.59,
020HI,2024-01-15T15:05:00Z,80530.0,10.928,36.25,2.721,209.8,3.833,0.0,6.817,11.122,,8.872,0.0,49.9,56.4,53.5,12.76,-90.02,-5.26,-84.75,1.05,260.87,345.62,,SSW,,-3.59,101831.62,101116.21,
020HI,2024-01-15T15:10:00Z,80530.0,11.111,35.7,2.562,206.7,4.275,0.0,6.789,11.139,,8.861,0.0,49.9,56.4,53.5,12.76,-89.69,-5.51,-84.18,1.11,261.27,345.44,,SSW,,-3.63,101831.62,101101.72,
020HI,2024-01-15T15:15:00Z,80530.0,11.161,34.91,2.649,213.7,4.11,0.0,6.756,11.111,,8.839,0.0,49.9,56.4,53.5,12.76,-88.74,-5.16,-83.58,0.62,261.69,345.27,,SSW,,-3.88,101831.62,101097.77,
020HI,2024-01-15T15:20:00Z,80540.0,11.572,33.46,2.752,209.8,4.054,0.0,6.8,11.111,,8.8,0.0,49.9,56.4,53.5,12.76,-90.35,-5.22,-85.13,1.13,262.12,347.24,,SSW,,-4.08,101844.26,101077.86,
020HI,2024-01-15T15:25:00Z,80540.0,11.5,33.91,2.546,210.7,3.941,0.0,6.728,11.111,,8.778,0.0,49.9,56.4,53.5,12.76,-89.97,-5.39,-84.58,0.61,261.98,346.56,,SSW,,-3.97,101844.26,101083.54,
020HI,2024-01-15T15:30:00Z,80540.0,11.639,32.93,2.716,208.2,4.275,0.0,6.761,11.1,,8.772,0.0,49.9,56.4,53.5,12.75,-90.88,-5.41,-85.47,0.78,262.36,347.83,,SSW,,-4.24,101844.26,101072.58,
020HI,2024-01-15T15:35:00Z,80540.0,11.628,32.86,2.809,208.5,4.388,0.0,6.772,11.089,,8.739,0.0,49.9,56.4,53.5,12.75,-91.16,-5.41,-85.75,0.61,262.49,348.25,,SSW,,-4.28,101844.26,101073.45,
020HI,2024-01-15T15:40:00Z,80540.0,11.828,32.11,2.727,211.7,4.167,0.0,6.778,11.039,,8.772,0.0,49.9,56.4,53.5,12.75,-91.98,-5.39,-86.6,0.89,262.77,349.37,,SSW,,-4.41,101844.26,101057.7,
020HI,2024-01-15T15:45:00Z,80540.0,11.928,31.76,2.783,211.3,3.997,0.0,6.761,11.028,,8.728,0.0,49.9,56.4,53.5,12.75,-91.57,-5.34,-86.23,0.62,262.9,349.14,,SSW,,-4.47,101844.26,101049.83,
020HI,2024-01-15T15:50:00Z,80540.0,12.061,31.44,2.979,206.6,5.0,0.0,6.806,11.011,,8.722,0.0,49.9,56.4,53.5,12.75,-92.9,-5.44,-87.46,0.77,263.1,350.56,,SSW,,-4.48,101844.26,101039.37,
020HI,2024-01-15T15:55:00Z,80540.0,12.172,31.07,2.531,208.5,3.997,0.0,6.8,10.989,,8.711,0.0,49.9,56.4,53.5,12.75,-92.63,-5.58,-87.05,0.7,263.4,350.45,,SSW,,-4.54,101844.26,101030.65,
020HI,2024-01-15T16:00:00Z,80540.0,11.978,31.5,2.67,209.3,4.666,0.0,6.728,10.989,,8.7,0.0,49.9,56.4,53.5,12.75,-91.47,-5.5,-85.97,0.33,263.26,349.22,,SSW,,-4.53,101844.26,101045.9,
020HI,2024-01-15T16:05:00Z,80550.0,11.922,31.55,2.742,207.3,4.054,0.0,6.722,10.972,,8.678,0.0,49.9,56.4,53.5,12.75,-91.47,-5.44,-86.03,,263.2,349.23,,SSW,,-4.56,101856.91,101062.85,
020HI,2024-01-15T16:10:00Z,80550.0,11.889,31.64,2.655,208.3,4.275,0.0,6.717,10.95,,8.639,0.0,49.9,56.4,53.5,12.75,-91.58,-5.42,-86.16,0.35,262.96,349.12,,SSW,,-4.55,101856.91,101065.45,
020HI,2024-01-15T16:15:00Z,80560.0,11.878,31.47,2.634,208.5,3.833,0.0,6.7,10.911,,8.65,0.0,49.9,56.4,53.5,12.75,-91.84,-5.54,-86.3,0.48,262.39,348.69,,SSW,,-4.63,101869.55,101078.87,
020HI,2024-01-15T16:20:00Z,80560.0,11.822,31.42,2.49,211.0,3.555,0.0,6.678,10.95,,8.65,0.0,49.9,56.4,53.5,12.74,-91.35,-5.44,-85.91,0.36,262.43,348.34,,SSW,,-4.7,101869.55,101083.28,
020HI,2024-01-15T16:25:00Z,80560.0,11.778,31.52,2.536,211.9,3.555,0.0,6.633,10.928,,8.572,0.0,49.9,56.4,53.5,12.75,-90.64,-5.28,-85.35,0.18,262.44,347.8,,SSW,,-4.7,101869.55,101086.74,
020HI,2024-01-15T16:30:00Z,80560.0,11.739,31.54,2.675,208.5,4.275,0.0,6.639,10.911,,8.561,0.0,49.9,56.4,53.5,12.75,-90.71,-5.28,-85.42,0.3,262.34,347.77,,SSW,,-4.72,101869.55,101089.82,
020HI,2024-01-15T16:35:00Z,80560.0,11.678,31.63,2.649,210.3,4.167,0.0,6.622,10.861,,8.589,0.0,49.9,56.4,53.4,12.74,-90.35,-5.34,-85.0,0.26,262.51,347.51,,SSW,,-4.74,101869.55,101094.63,
020HI,2024-01-15T16:40:00Z,80560.0,11.8,30.92,2.619,210.1,3.719,0.0,6.628,10.872,,8.589,0.0,49.9,56.4,53.4,12.74,-90.58,-5.18,-85.4,0.55,262.52,347.92,,SSW,,-4.93,101869.55,101085.02,
020HI,2024-01-15T16:45:00Z,80560.0,11.75,30.17,2.691,209.0,3.889,0.0,6.583,10.878,,8.572,0.0,49.9,56.4,53.4,12.74,-90.05,-5.09,-84.96,0.43,262.42,347.38,,SSW,,-5.3,101869.55,101088.98,
020HI,2024-01-15T16:50:00Z,80570.0,11.689,29.24,2.521,212.4,3.555,0.0,6.561,10.839,,8.528,0.0,49.9,56.4,53.4,12.74,-89.11,-4.85,-84.25,0.19,262.35,346.61,,SSW,,-5.77,101882.2,101106.35,
020HI,2024-01-15T16:55:00Z,80570.0,11.428,29.55,2.778,206.0,3.941,0.0,6.494,10.85,,8.589,0.0,49.9,56.4,53.4,12.74,-87.64,-4.25,-83.39,0.19,262.03,345.42,,SSW,,-5.86,101882.2,101126.96,
020HI,2024-01-15T17:00:00Z,80560.0,11.3,29.03,2.752,207.7,3.498,0.0,6.489,10.822,,8.511,0.0,49.9,56.4,53.4,12.74,-86.01,-2.78,-83.23,0.53,261.87,345.1,,SSW,,-6.2,101869.55,101124.54,
020HI,2024-01-15T17:05:00Z,80560.0,11.222,29.12,2.793,209.8,4.275,0.0,6.5,10.811,,8.478,0.0,49.9,56.4,53.4,12.74,-84.2,-0.85,-83.35,0.58,261.69,345.05,,SSW,,-6.23,101869.55,101130.71,
020HI,2024-01-15T17:10:00Z,80570.0,11.211,28.51,2.835,207.0,4.054,2.48,6.489,10.778,,8.539,0.0,49.9,56.4,53.4,12.74,-81.27,1.53,-82.8,0.94,261.9,344.7,,SSW,,-6.51,101882.2,101144.14,
020HI,2024-01-15T17:15:00Z,80570.0,11.128,29.07,2.649,208.7,3.941,5.31,6.5,10.8,,8.511,0.0,49.9,56.4,53.4,12.75,-78.12,4.4,-82.52,0.91,262.12,344.64,,SSW,,-6.33,101882.2,101150.71,
020HI,2024-01-15T17:20:00Z,80580.0,10.761,29.98,2.644,207.3,3.776,11.56,6.472,10.772,,8.461,0.0,49.9,56.4,53.4,12.76,-72.23,10.1,-82.34,1.46,261.51,343.84,,SSW,,-6.25,101894.84,101192.37,
020HI,2024-01-15T17:25:00Z,80580.0,10.978,28.81,2.747,205.4,3.39,24.92,6.489,10.75,,8.478,0.0,49.9,56.4,53.4,12.83,-62.21,20.74,-82.95,4.18,261.55,344.5,,SSW,,-6.58,101894.84,101175.16,
020HI,2024-01-15T17:30:00Z,80580.0,11.161,28.6,2.613,205.9,3.112,56.87,6.511,10.75,,8.422,0.0,49.9,56.4,53.4,12.9,-34.48,50.15,-84.63,6.72,261.48,346.12,,SSW,,-6.52,101894.84,101160.66,
020HI,2024-01-15T17:35:00Z,80590.0,11.428,28.75,2.5,206.5,3.22,73.35,6.533,10.722,,8.378,0.0,49.9,56.4,53.4,12.97,-26.49,60.66,-87.15,12.7,261.41,348.56,,SSW,,-6.22,101907.49,101152.08,
020HI,2024-01-15T17:40:00Z,80590.0,11.711,27.67,2.567,203.4,3.39,90.42,6.622,10.739,,8.439,0.0,49.9,56.4,53.4,13.04,-24.46,67.14,-91.6,23.28,261.68,353.28,,SSW,,-6.47,101907.49,101129.75,
020HI,2024-01-15T17:45:00Z,80590.0,12.05,27.78,2.449,205.9,3.164,108.03,6.744,10.728,,8.389,0.0,49.9,56.4,53.4,13.11,-15.58,80.32,-95.9,27.71,261.87,357.77,,SSW,,-6.12,101907.49,101103.03,
020HI,2024-01-15T17:50:00Z,80590.0,12.439,26.5,2.593,201.2,3.334,127.4,6.861,10.678,,8.361,0.0,49.9,56.4,53.4,13.18,-2.45,96.29,-98.74,31.12,262.39,361.13,,SSW,,-6.4,101907.49,101072.49,
020HI,2024-01-15T17:55:00Z,80590.0,12.9,25.69,2.516,204.2,3.776,146.91,7.061,10.672,,8.378,0.0,49.9,56.4,53.4,13.25,10.99,112.59,-101.6,34.33,263.46,365.05,,SSW,,-6.41,101907.49,101036.41,
020HI,2024-01-15T18:00:00Z,80600.0,13.378,24.55,2.289,203.6,3.611,166.29,7.267,10.661,,8.372,0.0,49.9,56.4,53.4,13.3,23.6,128.96,-105.36,37.33,263.29,368.64,,SSW,,-6.59,101920.13,101011.66,
020HI,2024-01-15T18:05:00Z,80610.0,13.6,24.6,2.325,202.1,3.941,185.63,7.456,10.639,,8.4,0.0,49.9,56.4,53.4,13.35,37.66,145.57,-107.91,40.06,263.7,371.61,,SSW,,-6.38,101932.78,101006.91,
020HI,2024-01-15T18:10:00Z,80610.0,13.8,24.9,2.372,201.7,3.498,205.78,7.728,10.65,,8.339,0.0,49.9,56.4,53.4,13.43,52.65,162.95,-110.3,42.82,264.15,374.45,,SSW,,-6.05,101932.78,100991.36,
020HI,2024-01-15T18:15:00Z,80610.0,14.0,24.47,2.078,202.1,3.056,226.22,7.95,10.65,,8.322,0.0,49.9,56.4,53.4,13.49,67.69,180.81,-113.12,45.41,264.54,377.66,,SSW,,-6.1,101932.78,100975.85,
020HI,2024-01-15T18:20:00Z,80610.0,14.339,25.35,1.996,199.4,3.056,246.23,8.306,10.589,,8.272,0.0,49.9,56.4,53.4,13.54,82.1,198.19,-116.09,48.04,264.74,380.83,,SSW,,-5.35,101932.78,100949.57,
020HI,2024-01-15T18:25:00Z,80610.0,14.639,23.67,1.96,200.8,2.886,266.84,8.822,10.561,,8.289,0.0,49.9,56.4,53.4,13.6,97.98,216.11,-118.12,50.73,265.15,383.27,,SSW,,-5.99,101932.78,100926.43,
020HI,2024-01-15T18:30:00Z,80610.0,15.011,23.78,1.867,202.9,2.886,287.54,9.356,10.572,,8.339,0.0,49.9,56.4,53.4,13.65,112.87,233.98,-121.11,53.56,266.0,387.1,,SSW,,-5.62,101932.78,100897.76,
020HI,2024-01-15T18:35:00Z,80610.0,15.489,25.29,1.25,207.0,2.279,307.81,10.072,10.55,,8.3,0.0,49.9,56.4,53.4,13.71,127.28,251.54,-124.26,56.28,266.66,390.92,,SSW,,-4.4,101932.78,100861.0,
020HI,2024-01-15T18:40:00Z,80610.0,15.9,24.22,1.034,204.6,2.279,327.44,10.689,10.561,,8.322,0.0,49.9,56.4,53.4,13.76,142.29,269.13,-126.84,58.31,267.24,394.08,,SSW,,-4.62,101932.78,100829.56,
020HI,2024-01-15T18:45:00Z,80610.0,16.261,24.04,0.535,228.6,2.166,346.72,11.261,10.528,,8.3,0.0,49.9,56.4,53.4,13.83,157.28,286.49,-129.21,60.23,267.85,397.06,,SW,,-4.41,101932.78,100802.0,
020HI,2024-01-15T18:50:00Z,80620.0,16.639,23.4,0.566,232.4,1.888,365.77,11.706,10.539,,8.3,0.0,49.9,56.4,53.4,13.84,172.44,303.8,-131.36,61.97,268.86,400.22,,SW,,-4.44,101945.42,100785.74,
020HI,2024-01-15T18:55:00Z,80620.0,16.778,20.95,1.008,274.2,2.053,385.52,12.133,10.528,,8.278,0.0,49.9,56.4,53.4,13.84,188.71,321.76,-133.05,63.76,269.24,402.29,,W,,-5.78,101945.42,100775.24,
020HI,2024-01-15T19:00:00Z,80620.0,16.928,22.53,0.736,268.1,1.831,404.75,12.561,10.522,,8.3,0.0,49.9,56.4,53.3,13.84,202.87,338.84,-135.97,65.91,269.86,405.82,,W,,-4.7,101945.42,100763.82,
020HI,2024-01-15T19:05:00Z,80620.0,17.178,22.51,0.653,297.3,2.109,423.74,12.967,10.478,,8.289,0.0,49.9,56.4,53.3,13.99,217.45,355.56,-138.12,68.18,270.48,408.6,,WNW,,-4.5,101945.42,100744.87,
020HI,2024-01-15T19:10:00Z,80630.0,17.522,23.11,0.767,307.7,,443.38,13.417,10.511,,8.289,0.0,49.9,56.4,53.3,13.82,231.6,372.65,-141.05,70.73,271.63,412.68,,NW,,-3.86,101958.07,100731.33,
020HI,2024-01-15T19:15:00Z,80630.0,17.678,22.56,0.741,305.3,2.166,462.12,13.767,10.472,,8.322,0.0,49.9,56.4,53.3,13.95,247.04,389.56,-142.53,72.56,272.39,414.91,,NW,,-4.04,101958.07,100719.57,
020HI,2024-01-15T19:20:00Z,80620.0,17.839,22.92,0.772,302.3,2.557,480.23,14.178,10.472,,8.322,0.0,49.9,56.4,53.3,13.78,260.65,405.69,-145.04,74.54,273.27,418.31,,WNW,,-3.7,101945.42,100694.92,
020HI,2024-01-15T19:25:00Z,80630.0,18.122,27.09,0.442,316.1,1.888,497.46,14.572,10.489,,8.311,0.0,49.8,56.4,53.3,13.79,273.73,421.09,-147.36,76.36,274.36,421.73,,NW,,-1.2,101958.07,100685.99,
020HI,2024-01-15T19:30:00Z,80630.0,18.222,28.02,0.684,336.1,1.723,514.51,14.956,10.461,,8.35,0.0,49.8,56.4,53.3,13.78,287.37,436.82,-149.45,77.68,274.98,424.43,,NNW,,-0.66,101958.07,100678.45,
020HI,2024-01-15T19:35:00Z,80630.0,18.361,25.25,0.376,327.6,1.224,531.96,15.306,10.472,,8.278,0.0,49.8,56.4,53.3,13.77,300.65,452.19,-151.54,79.77,275.66,427.2,,NNW,,-1.95,101958.07,100668.09,
020HI,2024-01-15T19:40:00Z,80630.0,18.572,22.62,0.803,316.2,3.164,549.59,15.617,10.461,,8.35,0.0,49.8,56.4,53.3,13.77,316.45,468.32,-151.87,81.27,276.32,428.18,,NW,,-3.25,101958.07,100652.33,
020HI,2024-01-15T19:45:00Z,80630.0,18.578,22.22,1.307,281.6,3.997,567.8,15.9,10.472,,8.339,0.0,49.8,56.4,53.3,13.78,331.58,484.61,-153.03,83.19,276.47,429.51,,WNW,,-3.49,101958.07,100651.89,
020HI,2024-01-15T19:50:00Z,80630.0,18.55,21.08,1.194,292.6,3.555,584.73,16.172,10.45,,8.4,0.0,49.8,56.4,53.3,13.75,344.95,499.52,-154.57,85.21,276.63,431.2,,WNW,,-4.21,101958.07,100654.02,
020HI,2024-01-15T19:55:00Z,80630.0,18.65,19.42,1.101,281.6,3.112,601.93,16.433,10.472,,8.411,0.0,49.8,56.4,53.3,13.77,359.15,514.59,-155.45,87.34,276.3,431.75,,WNW,,-5.21,101958.07,100646.58,
020HI,2024-01-15T20:00:00Z,80630.0,18.939,20.67,0.72,290.9,2.166,617.58,16.756,10.461,,8.428,0.0,49.8,56.4,53.3,13.75,368.67,527.83,-159.16,89.75,276.58,435.75,,WNW,,-4.14,101958.07,100624.92,
020HI,2024-01-15T20:05:00Z,80620.0,19.028,17.28,1.44,282.9,4.218,632.72,16.867,10.478,,8.45,0.0,49.8,56.3,53.3,13.76,384.87,541.79,-156.92,90.94,277.3,434.21,,WNW,,-6.42,101945.42,100605.89,
020HI,2024-01-15T20:10:00Z,80620.0,19.011,18.08,1.147,214.6,3.334,649.0,17.044,10.472,,8.439,0.0,49.8,56.3,53.3,13.74,397.07,555.77,-158.7,93.23,278.0,436.7,,SW,,-5.84,101945.42,100607.13,
020HI,2024-01-15T20:15:00Z,80620.0,19.389,19.89,1.029,294.8,3.941,663.05,17.528,10.461,,8.478,0.0,49.8,56.3,53.3,13.74,404.1,567.12,-163.01,95.94,279.12,442.13,,WNW,,-4.27,101945.42,100578.89,
020HI,2024-01-15T20:20:00Z,80610.0,19.45,19.42,0.741,300.7,3.611,676.55,17.806,10.472,,8.522,0.0,49.8,56.3,53.3,13.75,415.32,579.73,-164.41,96.83,279.81,444.22,,WNW,,-4.54,101932.78,100561.88,
020HI,2024-01-15T20:25:00Z,80610.0,19.872,19.73,0.931,290.8,2.222,690.1,18.239,10.5,,8.539,0.0,49.8,56.3,53.3,13.76,425.43,591.73,-166.3,98.37,280.93,447.23,,WNW,,-3.98,101932.78,100530.51,
020HI,2024-01-15T20:30:00Z,80610.0,19.811,20.69,0.988,320.1,2.943,702.9,18.517,10.489,,8.589,0.0,49.8,56.3,53.3,13.75,438.41,603.88,-165.47,99.02,282.02,447.48,,NW,,-3.4,101932.78,100535.01,
020HI,2024-01-15T20:35:00Z,80600.0,19.839,25.39,1.121,356.2,2.222,715.26,18.967,10.489,,8.589,0.0,49.8,56.3,53.3,13.76,446.78,614.7,-167.92,100.56,283.59,451.51,,N,,-0.61,101920.13,100520.31,
020HI,2024-01-15T20:40:00Z,80600.0,19.75,27.49,1.034,359.6,2.557,727.69,19.344,10.528,,8.628,0.0,49.8,56.3,53.3,13.74,457.67,626.45,-168.78,101.24,284.13,452.91,,N,,0.41,101920.13,100526.86,
020HI,2024-01-15T20:45:00Z,80590.0,19.95,22.72,1.302,294.7,3.39,739.75,19.789,10.522,,8.639,0.0,49.8,56.3,53.3,13.74,466.89,636.84,-169.95,102.91,284.9,454.84,,WNW,,-2.02,101907.49,100499.69,
020HI,2024-01-15T20:50:00Z,80580.0,20.089,22.16,1.199,311.9,2.721,751.85,20.006,10.539,,8.689,0.0,49.8,56.3,53.3,13.75,478.15,647.83,-169.68,104.02,284.87,454.55,,NW,,-2.24,101894.84,100476.93,
020HI,2024-01-15T20:55:00Z,80570.0,19.911,21.24,1.59,295.4,4.275,763.46,20.328,10.55,,8.728,0.0,49.8,56.3,53.3,13.75,488.58,658.62,-170.04,104.84,284.71,454.74,,WNW,,-2.96,101882.2,100477.68,
020HI,2024-01-15T21:00:00Z,80560.0,20.011,20.85,1.121,299.9,2.829,774.38,20.661,10.539,,8.772,0.0,49.8,56.3,53.2,13.73,496.59,667.84,-171.26,106.54,284.66,455.91,,WNW,,-3.13,101869.55,100457.81,
020HI,2024-01-15T21:05:00Z,80560.0,20.011,22.11,1.142,288.1,3.611,784.3,20.822,10.589,,8.8,0.0,49.8,56.3,53.2,13.73,504.39,676.75,-172.36,107.55,285.47,457.83,,WNW,,-2.34,101869.55,100457.77,
020HI,2024-01-15T21:10:00Z,80560.0,20.078,23.99,0.751,322.4,4.167,793.18,21.15,10.578,,8.85,0.0,49.7,56.3,53.2,13.74,510.27,684.78,-174.51,108.4,286.44,460.95,,NW,,-1.18,101869.55,100452.75,
020HI,2024-01-15T21:15:00Z,80550.0,20.561,24.82,0.947,359.5,3.22,802.2,21.65,10.622,,8.878,0.0,49.8,56.3,53.2,13.74,516.56,692.48,-175.92,109.72,287.45,463.37,,N,,-0.3,101856.91,100404.55,
020HI,2024-01-15T21:20:00Z,80550.0,20.339,29.91,1.322,12.57,2.829,809.92,21.989,10.661,,8.911,0.0,49.8,56.3,53.2,13.74,526.94,701.17,-174.23,108.75,288.53,462.76,,NNE,,2.09,101856.91,100420.79,
020HI,2024-01-15T21:25:00Z,80540.0,19.639,33.96,0.916,34.0,2.829,815.63,22.328,10.661,,8.978,0.0,49.7,56.3,53.2,13.74,532.63,707.03,-174.4,108.6,288.39,462.79,,NE,,3.26,101844.26,100460.07,
020HI,2024-01-15T21:30:00Z,80530.0,19.311,33.42,1.199,62.46,3.164,823.69,22.544,10.711,,9.011,0.0,49.7,56.3,53.2,13.72,539.7,714.5,-174.8,109.19,287.77,462.57,,ENE,,2.75,101831.62,100472.01,
020HI,2024-01-15T21:35:00Z,80520.0,19.039,29.3,1.23,73.72,2.829,831.05,22.817,10.711,,9.039,0.0,49.7,56.3,53.2,13.71,545.73,720.23,-174.5,110.82,287.95,462.45,,ENE,,0.67,101818.97,100479.92,
020HI,2024-01-15T21:40:00Z,80520.0,18.85,30.1,0.89,77.86,2.33,837.07,23.061,10.722,,9.128,0.0,49.7,56.3,53.2,13.72,549.68,725.42,-175.74,111.65,287.4,463.14,,ENE,,0.88,101818.97,100494.01,
020HI,2024-01-15T21:45:00Z,80510.0,19.428,30.62,0.859,49.04,2.109,843.98,23.344,10.75,,9.161,0.0,49.7,56.3,53.2,13.73,551.86,730.52,-178.66,113.46,287.4,466.06,,NE,,1.62,101806.33,100438.43,
020HI,2024-01-15T21:50:00Z,80500.0,19.089,27.5,0.921,94.1,2.5,848.61,23.578,10.778,,9.25,0.0,49.7,56.3,53.2,13.73,558.65,735.93,-177.27,112.68,287.37,464.64,,E,,-0.16,101793.68,100451.29,
020HI,2024-01-15T21:55:00Z,80490.0,19.15,32.65,0.916,71.12,2.222,853.31,23.844,10.822,,9.311,0.0,49.7,56.3,53.2,13.72,562.08,739.66,-177.58,113.65,289.33,466.91,,ENE,,2.28,101781.04,100434.11,
020HI,2024-01-15T22:00:00Z,80490.0,19.4,35.1,1.013,20.95,2.557,857.09,24.0,10.872,,9.372,0.0,49.7,56.3,53.2,13.72,565.07,742.91,-177.84,114.18,289.65,467.49,,NNE,,3.52,101781.04,100415.43,
020HI,2024-01-15T22:05:00Z,80480.0,19.561,35.41,0.767,26.77,2.387,859.63,24.228,10.872,,9.428,0.0,49.7,56.3,53.2,13.73,567.27,745.46,-178.2,114.17,290.44,468.63,,NNE,,3.79,101768.39,100390.98,
020HI,2024-01-15T22:10:00Z,80470.0,19.6,35.57,1.049,10.58,2.5,862.33,24.344,10.911,,9.489,0.0,49.7,56.3,53.2,13.73,571.32,749.16,-177.84,113.18,289.76,467.6,,N,,3.89,101755.75,100375.6,
020HI,2024-01-15T22:15:00Z,80460.0,19.411,41.22,1.147,65.67,2.557,863.37,24.461,10.95,,9.6,0.0,49.7,56.3,53.2,13.73,576.29,751.64,-175.35,111.72,291.97,467.32,,ENE,,5.83,101743.1,100377.0,
020HI,2024-01-15T22:20:00Z,80460.0,19.728,48.7,1.091,15.95,2.557,864.85,24.689,10.978,,9.672,0.0,49.7,56.3,53.2,13.73,576.55,751.56,-175.01,113.29,294.3,469.31,,NNE,,8.57,101743.1,100353.23,
020HI,2024-01-15T22:25:00Z,80450.0,19.222,47.48,1.466,59.18,3.334,865.15,24.717,11.011,,9.75,0.0,49.7,56.3,53.2,13.73,581.32,753.48,-172.16,111.67,294.13,466.29,,ENE,,7.73,101730.46,100378.4,
020HI,2024-01-15T22:30:00Z,80440.0,19.139,50.55,1.194,46.61,2.778,866.93,24.878,11.061,,9.839,0.0,49.6,56.3,53.2,13.73,580.64,754.33,-173.69,112.61,294.11,467.8,,NE,,8.58,101717.81,100372.02,
020HI,2024-01-15T22:35:00Z,80430.0,19.011,53.8,1.116,19.54,2.778,865.91,25.122,11.089,,9.9,0.0,49.6,56.3,53.2,13.73,581.92,753.47,-171.55,112.44,294.7,466.25,,NNE,,9.38,101705.17,100368.98,
020HI,2024-01-15T22:40:00Z,80430.0,19.1,55.38,1.338,59.26,3.164,866.29,25.217,11.122,,10.0,0.0,49.6,56.3,53.2,13.71,581.1,753.21,-172.11,113.08,295.95,468.06,,ENE,,9.9,101705.17,100362.3,
020HI,2024-01-15T22:45:00Z,80420.0,18.572,55.95,1.415,43.39,3.056,863.24,25.172,11.15,,10.111,0.0,49.6,56.3,53.2,13.71,582.53,751.4,-168.87,111.84,295.23,464.09,,NE,,9.56,101692.52,100389.23,
020HI,2024-01-15T22:50:00Z,80410.0,18.339,56.94,1.415,38.59,2.5,864.16,25.256,11.189,,10.178,0.0,49.6,56.3,53.2,13.71,583.35,751.67,-168.31,112.5,295.46,463.77,,NE,,9.6,101679.88,100394.16,
020HI,2024-01-15T22:55:00Z,80400.0,18.739,54.77,1.41,47.51,,864.9,25.311,11.228,,10.278,0.0,49.6,56.3,53.2,13.71,580.68,751.25,-170.57,113.65,295.25,465.83,,NE,,9.4,101667.23,100351.82,
020HI,2024-01-15T23:00:00Z,80390.0,19.022,55.45,1.157,35.3,2.778,863.22,25.422,11.311,,10.372,0.0,49.6,56.3,53.2,13.71,577.89,749.59,-171.7,113.63,295.12,466.82,,NE,,9.85,101654.58,100318.2,
020HI,2024-01-15T23:05:00Z,80380.0,18.728,60.63,1.044,49.96,2.665,859.6,25.422,11.3,,10.45,0.0,49.6,56.3,53.2,13.71,577.64,747.7,-170.06,111.9,294.52,464.58,,NE,,10.92,101641.94,100327.5,
020HI,2024-01-15T23:10:00Z,80370.0,18.822,62.41,1.199,54.26,3.39,855.28,25.428,11.378,,10.578,0.0,49.6,56.3,53.1,13.72,574.23,743.88,-169.65,111.41,294.71,464.35,,NE,,11.44,101629.29,100307.95,
020HI,2024-01-15T23:15:00Z,80370.0,18.661,65.48,1.075,15.56,3.112,851.57,25.5,11.4,,10.672,0.0,49.6,56.3,53.1,13.72,572.19,740.95,-168.76,110.62,295.37,464.13,,NNE,,12.02,101629.29,100319.89,
020HI,2024-01-15T23:20:00Z,80370.0,18.711,67.55,1.296,13.16,4.275,846.76,25.45,11.439,,10.761,0.0,49.6,56.3,53.1,13.72,570.46,737.31,-166.86,109.45,295.94,462.79,,NNE,,12.55,101629.29,100316.09,
020HI,2024-01-15T23:25:00Z,80360.0,18.578,66.95,1.075,45.47,2.109,841.32,25.411,11.511,,10.861,0.0,49.6,56.2,53.1,13.72,566.42,732.36,-165.94,108.96,297.54,463.48,,NE,,12.28,101616.65,100313.57,
020HI,2024-01-15T23:30:00Z,80350.0,18.639,68.72,1.194,33.45,2.778,833.86,25.428,11.55,,10.95,0.0,49.6,56.2,53.1,13.72,561.59,726.71,-165.12,107.14,297.28,462.4,,NNE,,12.74,101604.0,100296.48,
020HI,2024-01-15T23:35:00Z,80350.0,18.739,69.29,1.111,43.65,2.557,827.2,25.378,11.6,,11.061,0.0,49.6,56.2,53.1,13.72,556.37,721.54,-165.17,105.66,298.1,463.27,,NE,,12.96,101604.0,100288.99,
020HI,2024-01-15T23:40:00Z,80340.0,18.261,70.68,1.307,39.12,2.943,824.12,25.15,11.622,,11.178,0.0,49.6,56.2,53.1,13.71,555.17,719.37,-164.21,104.74,295.35,459.56,,NE,,12.81,101591.36,100312.22,
020HI,2024-01-15T23:45:00Z,80340.0,18.25,70.1,1.302,43.14,3.39,818.48,25.072,11.672,,11.261,0.0,49.5,56.2,53.1,13.72,549.96,713.92,-163.96,104.56,295.08,459.04,,NE,,12.67,101591.36,100313.06,
020HI,2024-01-15T23:50:00Z,80340.0,18.139,72.14,1.199,28.33,3.164,810.0,24.65,11.739,,11.339,0.0,49.5,56.2,53.1,13.73,543.92,707.05,-163.13,102.95,295.59,458.72,,NNE,,13.01,101591.36,100321.33,
020HI,2024-01-15T23:55:00Z,80340.0,18.55,73.54,1.368,40.62,3.663,796.89,24.8,11.772,,11.439,0.0,49.5,56.2,53.1,13.71,536.7,696.08,-159.38,100.81,298.44,457.82,,NE,,13.7,101591.36,100290.51,
020HI,2024-01-16T00:00:00Z,80340.0,18.122,74.1,0.658,24.06,,786.22,24.978,11.822,,11.572,0.0,49.5,56.2,53.1,13.7,529.93,687.36,-157.43,98.85,298.08,455.52,,NNE,,13.4,101591.36,100322.55,
020HI,2024-01-16T00:05:00Z,80340.0,17.85,75.08,1.214,41.19,2.721,780.05,25.028,11.85,,11.65,0.0,49.5,56.2,53.1,13.71,523.96,681.63,-157.67,98.42,297.85,455.52,,NE,,13.34,101591.36,100342.95,
020HI,2024-01-16T00:10:00Z,80330.0,17.95,74.47,1.111,58.45,2.778,770.49,24.956,11.911,,11.739,0.0,49.5,56.2,53.1,13.71,516.66,673.4,-156.74,97.09,298.2,454.94,,ENE,,13.31,101578.71,100322.96,
020HI,2024-01-16T00:15:00Z,80330.0,18.361,75.36,1.224,39.5,2.557,760.99,24.411,11.961,,11.839,0.0,49.5,56.2,53.1,13.71,508.39,665.27,-156.88,95.71,298.5,455.38,,NE,,13.9,101578.71,100292.11,
020HI,2024-01-16T00:20:00Z,80340.0,18.361,75.48,1.013,56.29,2.665,747.52,24.25,12.011,,11.939,0.0,49.5,56.2,53.1,13.71,497.78,654.12,-156.34,93.39,298.64,454.98,,ENE,,13.92,101591.36,100304.6,
020HI,2024-01-16T00:25:00Z,80340.0,18.589,71.65,0.998,41.34,3.833,739.0,24.5,12.028,,12.061,0.0,49.5,56.2,53.1,13.71,490.15,645.78,-155.62,93.22,298.26,453.89,,NE,,13.33,101591.36,100287.65,
020HI,2024-01-16T00:30:00Z,80340.0,18.361,68.05,0.859,38.92,2.721,726.64,24.317,12.072,,12.122,0.0,49.5,56.2,53.1,13.71,480.67,635.75,-155.08,90.89,296.44,451.52,,NE,,12.32,101591.36,100304.81,
020HI,2024-01-16T00:35:00Z,80340.0,18.35,63.4,1.152,62.31,2.387,715.96,23.867,12.15,,12.228,0.0,49.5,56.2,53.1,13.71,471.12,626.21,-155.09,89.75,296.09,451.18,,ENE,,11.23,101591.36,100305.76,
020HI,2024-01-16T00:40:00Z,80340.0,18.461,54.24,1.271,48.24,2.557,705.89,22.744,12.239,,12.311,0.0,49.5,56.2,53.1,13.71,462.55,617.37,-154.82,88.52,293.59,448.42,,NE,,8.99,101591.36,100297.71,
020HI,2024-01-16T00:45:00Z,80340.0,18.522,38.23,1.188,57.76,2.721,695.42,21.756,12.228,,12.4,0.0,49.5,56.2,53.1,13.71,452.38,608.23,-155.85,87.19,290.2,446.04,,ENE,,3.95,101591.36,100293.61,
020HI,2024-01-16T00:50:00Z,80340.0,18.722,39.28,0.689,23.46,2.222,682.79,21.306,12.289,,12.472,0.0,49.5,56.2,53.1,13.71,440.23,597.15,-156.92,85.64,288.85,445.78,,NNE,,4.52,101591.36,100278.64,
020HI,2024-01-16T00:55:00Z,80340.0,18.972,41.42,0.617,43.95,,668.61,20.394,12.339,,12.528,0.0,49.5,56.2,53.1,13.71,428.09,585.45,-157.36,83.16,288.58,445.94,,NE,,5.51,101591.36,100259.94,
020HI,2024-01-16T01:00:00Z,80340.0,19.078,42.25,0.792,47.15,1.888,652.41,20.072,12.389,,12.65,0.0,49.5,56.2,53.1,13.71,416.29,572.03,-155.74,80.38,289.02,444.76,,NE,,5.89,101591.36,100252.02,
020HI,2024-01-16T01:05:00Z,80340.0,18.828,41.42,0.525,48.53,2.5,637.34,20.35,12.428,,12.722,0.0,49.5,56.2,53.1,13.71,405.01,559.48,-154.47,77.86,288.39,442.87,,NE,,5.38,101591.36,100270.67,
020HI,2024-01-16T01:10:00Z,80340.0,18.978,40.48,0.525,31.04,1.497,622.6,19.578,12.45,,12.789,0.0,49.5,56.2,53.0,13.71,392.05,546.31,-154.26,76.29,287.52,441.78,,NNE,,5.18,101591.36,100259.52,
020HI,2024-01-16T01:15:00Z,80340.0,19.061,38.78,0.298,41.49,1.276,607.63,19.433,12.472,,12.85,0.0,49.5,56.2,53.0,13.71,378.81,533.32,-154.51,74.31,285.84,440.35,,NE,,4.64,101591.36,100253.39,
020HI,2024-01-16T01:20:00Z,80350.0,19.511,39.44,0.725,26.08,1.775,592.65,19.083,12.539,,12.928,0.0,49.5,56.2,53.0,13.71,366.9,520.43,-153.53,72.22,287.77,441.3,,NNE,,5.29,101604.0,100232.4,
020HI,2024-01-16T01:25:00Z,80350.0,19.45,46.31,1.07,20.61,2.608,577.2,19.2,12.572,,12.989,0.0,49.5,56.2,53.0,13.7,355.1,507.91,-152.81,69.29,286.61,439.42,,NNE,,7.57,101604.0,100236.72,
020HI,2024-01-16T01:30:00Z,80350.0,19.472,44.43,0.905,331.4,2.829,559.88,19.694,12.611,,13.05,0.0,49.5,56.2,53.0,13.71,342.28,492.78,-150.5,67.09,286.24,436.75,,NNW,,6.98,101604.0,100235.14,
020HI,2024-01-16T01:35:00Z,80350.0,19.378,40.03,0.849,319.8,2.33,542.88,20.928,12.678,,13.1,0.0,49.5,56.2,53.0,13.71,329.66,478.18,-148.52,64.69,285.56,434.08,,NW,,5.38,101604.0,100242.26,
020HI,2024-01-16T01:40:00Z,80350.0,19.711,35.56,0.576,317.4,1.775,526.27,21.322,12.711,,13.161,0.0,49.5,56.2,53.0,13.71,314.54,462.53,-147.99,63.73,285.32,433.31,,NW,,3.98,101604.0,100217.69,
020HI,2024-01-16T01:45:00Z,80350.0,20.011,31.18,0.561,261.2,2.5,508.39,21.194,12.711,,13.2,0.0,49.4,56.2,53.0,13.71,300.67,447.05,-146.39,61.34,284.87,431.26,,W,,2.39,101604.0,100195.62,
020HI,2024-01-16T01:50:00Z,80350.0,19.939,31.61,0.823,313.2,2.279,489.93,21.083,12.739,,13.239,0.0,49.4,56.2,53.0,13.71,288.2,432.19,-143.99,57.74,284.57,428.55,,NW,,2.52,101604.0,100200.93,
020HI,2024-01-16T01:55:00Z,80350.0,19.939,33.58,0.556,271.3,2.444,471.9,20.617,12.811,,13.261,0.0,49.4,56.2,53.0,13.71,273.27,416.34,-143.07,55.56,284.16,427.23,,W,,3.37,101604.0,100200.87,
020HI,2024-01-16T02:00:00Z,80360.0,19.961,29.4,0.55,296.5,2.279,452.97,20.05,12.822,,13.289,0.0,49.4,56.2,53.0,13.53,259.1,399.72,-140.62,53.25,283.4,424.03,,WNW,,1.52,101616.65,100211.84,
020HI,2024-01-16T02:05:00Z,80360.0,19.878,23.36,1.034,254.1,3.277,434.81,20.033,12.839,,13.322,0.0,49.4,56.2,53.0,13.45,246.84,384.91,-138.07,49.89,282.22,420.28,,WSW,,-1.71,101616.65,100218.17,
020HI,2024-01-16T02:10:00Z,80360.0,19.872,22.32,1.111,278.0,3.334,415.8,19.706,12.878,,13.328,0.0,49.4,56.2,53.0,13.39,233.05,368.48,-135.43,47.33,282.06,417.5,,W,,-2.33,101616.65,100218.65,
020HI,2024-01-16T02:15:00Z,80370.0,19.7,21.45,0.813,229.0,2.33,397.15,19.483,12.922,,13.35,0.0,49.4,56.2,53.0,13.33,218.17,352.15,-133.98,45.0,280.66,414.64,,SW,,-3.01,101629.29,100243.88,
020HI,2024-01-16T02:20:00Z,80370.0,19.45,29.47,1.096,312.2,4.167,376.97,18.878,12.928,,13.4,0.0,49.4,56.2,53.0,13.28,204.8,335.79,-130.99,41.18,280.96,411.95,,NW,,1.11,101629.29,100262.18,
020HI,2024-01-16T02:25:00Z,80370.0,19.189,23.04,1.044,248.7,3.334,358.14,18.794,12.972,,13.4,0.0,49.4,56.2,53.0,13.24,190.51,319.88,-129.37,38.26,279.23,408.6,,WSW,,-2.48,101629.29,100281.76,
020HI,2024-01-16T02:30:00Z,80370.0,19.25,21.08,0.828,275.8,2.557,338.11,18.428,13.0,,13.35,0.0,49.4,56.2,53.0,13.2,176.84,302.98,-126.14,35.13,279.04,405.18,,W,,-3.62,101629.29,100277.28,
020HI,2024-01-16T02:35:00Z,80370.0,19.0,21.6,1.363,260.3,3.663,318.71,17.761,13.028,,13.378,0.0,49.4,56.2,53.0,13.17,164.32,288.16,-123.84,30.56,277.99,401.83,,W,,-3.51,101629.29,100295.87,
020HI,2024-01-16T02:40:00Z,80380.0,18.578,22.1,0.895,207.7,,297.93,17.15,13.039,,13.4,0.0,49.4,56.2,53.0,13.14,152.48,272.25,-119.77,25.68,277.02,396.79,,SSW,,-3.56,101641.94,100339.82,
020HI,2024-01-16T02:45:00Z,80380.0,18.222,21.32,1.255,222.6,3.056,277.64,16.711,13.072,,13.389,0.0,49.4,56.2,53.0,13.12,142.01,257.96,-115.95,19.68,276.43,392.38,,SW,,-4.33,101641.94,100366.47,
020HI,2024-01-16T02:50:00Z,80390.0,17.828,22.82,1.096,218.4,3.555,256.59,16.361,13.089,,13.389,0.0,49.4,56.2,53.0,13.11,138.45,247.79,-109.33,8.8,275.86,385.19,,SW,,-3.77,101654.58,100408.48,
020HI,2024-01-16T02:55:00Z,80390.0,17.5,22.67,1.23,219.9,2.665,188.86,16.05,13.111,,13.361,0.0,49.4,56.2,53.0,13.09,86.48,192.11,-105.62,0.0,274.88,380.5,,SW,,-4.13,101654.58,100433.16,
020HI,2024-01-16T03:00:00Z,80390.0,17.222,21.82,1.276,234.0,2.5,23.18,15.794,13.089,,13.378,0.0,49.4,56.2,52.9,13.07,-80.33,24.85,-105.18,0.0,273.96,379.14,,SW,,-4.87,101654.58,100454.15,
020HI,2024-01-16T03:05:00Z,80390.0,17.0,23.26,0.911,234.0,2.444,22.44,15.522,13.139,,13.328,0.0,49.4,56.2,52.9,13.06,-78.72,22.84,-101.56,0.0,272.46,374.02,,SW,,-4.21,101654.58,100470.88,
020HI,2024-01-16T03:10:00Z,80390.0,16.6,22.82,1.312,214.7,3.056,22.39,15.289,13.161,,13.361,0.0,49.4,56.2,52.9,13.05,-77.77,22.22,-99.99,0.17,271.31,371.3,,SW,,-4.81,101654.58,100501.18,
020HI,2024-01-16T03:15:00Z,80390.0,16.461,22.23,1.24,223.9,2.943,21.82,15.106,13.189,,13.3,0.0,49.4,56.2,52.9,13.04,-80.39,20.84,-101.23,0.98,270.14,371.37,,SW,,-5.27,101654.58,100511.74,
020HI,2024-01-16T03:20:00Z,80400.0,16.139,22.15,1.677,210.9,2.721,20.65,14.894,13.2,,13.3,0.0,49.4,56.2,52.9,13.04,-80.3,19.49,-99.8,1.15,269.28,369.07,,SSW,,-5.59,101667.23,100548.73,
020HI,2024-01-16T03:25:00Z,80400.0,16.189,20.87,2.073,206.8,4.11,19.71,14.717,13.228,,13.261,0.0,49.4,56.2,52.9,13.03,-83.8,17.76,-101.56,1.96,268.58,370.14,,SSW,,-6.32,101667.23,100544.95,
020HI,2024-01-16T03:30:00Z,80400.0,16.128,20.88,1.461,217.3,3.611,17.74,14.511,13.25,,13.228,0.0,49.4,56.2,52.9,13.03,-83.01,15.84,-98.85,1.9,268.98,367.83,,SW,,-6.37,101667.23,100549.6,
020HI,2024-01-16T03:35:00Z,80410.0,15.928,21.72,1.482,221.6,3.39,15.47,14.3,13.239,,13.228,0.0,49.4,56.1,52.9,13.02,-81.78,14.06,-95.84,1.41,269.08,364.92,,SW,,-6.02,101679.88,100577.32,
020HI,2024-01-16T03:40:00Z,80410.0,15.411,23.87,1.507,214.8,2.665,13.13,14.144,13.25,,13.211,0.0,49.4,56.1,52.9,13.02,-82.09,12.14,-94.23,0.99,268.72,362.95,,SW,,-5.23,101679.88,100616.76,
020HI,2024-01-16T03:45:00Z,80410.0,14.661,25.87,1.548,210.5,2.5,10.05,13.95,13.289,,13.211,0.0,49.4,56.1,52.9,13.01,-81.19,9.95,-91.14,0.1,268.11,359.25,,SSW,,-4.81,101679.88,100674.28,
020HI,2024-01-16T03:50:00Z,80410.0,14.839,22.75,1.873,209.9,3.277,9.08,13.756,13.272,,13.139,0.0,49.4,56.1,52.9,13.01,-82.62,8.12,-90.74,0.96,267.38,358.12,,SSW,,-6.34,101679.88,100660.66,
020HI,2024-01-16T03:55:00Z,80410.0,14.339,25.35,1.79,208.2,,5.19,13.578,13.289,,13.1,0.0,49.4,56.1,52.9,13.0,-84.04,5.23,-89.27,0.0,267.27,356.54,,SSW,,-5.35,101679.88,100699.11,
020HI,2024-01-16T04:00:00Z,80420.0,14.0,25.69,1.775,208.2,2.33,2.72,13.372,13.278,,13.05,0.0,49.4,56.1,52.9,13.0,-84.56,2.6,-87.17,0.11,266.84,354.01,,SSW,,-5.47,101692.52,100737.81,
020HI,2024-01-16T04:05:00Z,80420.0,13.111,28.56,1.996,205.8,2.943,0.0,13.167,13.311,,13.039,0.0,49.4,56.1,52.9,12.99,-84.3,0.41,-84.71,0.0,266.4,351.11,,SSW,,-4.84,101692.52,100806.77,
020HI,2024-01-16T04:10:00Z,80430.0,12.9,28.22,1.898,210.2,2.5,0.0,12.994,13.311,,13.011,0.0,49.4,56.1,52.9,12.99,-85.34,-1.65,-83.69,0.0,265.7,349.4,,SSW,,-5.18,101705.17,100835.76,
020HI,2024-01-16T04:15:00Z,80440.0,13.061,27.55,2.207,204.4,3.112,0.0,12.828,13.3,,12.911,0.0,49.4,56.1,52.9,12.99,-87.28,-3.24,-84.04,0.09,265.18,349.22,,SSW,,-5.36,101717.81,100835.75,
020HI,2024-01-16T04:20:00Z,80440.0,13.239,25.74,2.474,206.4,3.941,0.0,12.728,13.3,,12.922,0.0,49.4,56.1,52.9,12.98,-92.0,-4.56,-87.44,0.7,264.87,352.31,,SSW,,-6.1,101717.81,100821.93,
020HI,2024-01-16T04:25:00Z,80440.0,13.5,25.43,2.433,202.4,3.611,0.0,12.617,13.289,,12.85,0.0,49.4,56.1,52.9,12.98,-93.1,-5.17,-87.93,0.57,265.02,352.94,,SSW,,-6.03,101717.81,100801.64,
020HI,2024-01-16T04:30:00Z,80440.0,13.389,25.3,2.572,202.4,4.054,0.0,12.483,13.3,,12.8,0.0,49.4,56.1,52.9,12.98,-93.92,-5.64,-88.28,0.36,265.18,353.46,,SSW,,-6.19,101717.81,100810.27,
020HI,2024-01-16T04:35:00Z,80450.0,13.628,24.71,2.382,201.1,3.555,0.0,12.378,13.278,,12.8,0.0,49.4,56.1,52.9,12.97,-94.73,-5.68,-89.05,0.7,265.14,354.18,,SSW,,-6.3,101730.46,100804.25,
020HI,2024-01-16T04:40:00Z,80450.0,13.139,26.31,2.336,199.4,,0.0,12.2,13.289,,12.75,0.0,49.4,56.1,52.9,12.97,-92.77,-5.63,-87.13,0.0,264.98,352.11,,SSW,,-5.9,101730.46,100842.24,
020HI,2024-01-16T04:45:00Z,80450.0,13.0,25.49,2.253,204.3,2.943,0.0,12.039,13.278,,12.7,0.0,49.4,56.1,52.9,12.97,-91.06,-5.46,-85.6,0.0,264.61,350.2,,SSW,,-6.43,101730.46,100853.09,
020HI,2024-01-16T04:50:00Z,80460.0,13.289,24.16,2.284,211.2,3.39,0.0,11.928,13.311,,12.611,0.0,49.4,56.1,52.9,12.96,-91.01,-5.25,-85.76,0.29,264.49,350.25,,SSW,,-6.88,101743.1,100843.14,
020HI,2024-01-16T04:55:00Z,80460.0,13.489,24.27,2.238,209.8,3.112,0.0,11.839,13.289,,12.6,0.0,49.4,56.1,52.9,12.96,-90.97,-5.15,-85.82,0.21,264.78,350.61,,SSW,,-6.65,101743.1,100827.58,
020HI,2024-01-16T05:00:00Z,80460.0,13.128,25.16,2.269,209.9,2.943,0.0,11.694,13.289,,12.561,0.0,49.4,56.1,52.9,12.96,-89.28,-5.17,-84.11,0.0,264.91,349.02,,SSW,,-6.49,101743.1,100855.65,
020HI,2024-01-16T05:05:00Z,80470.0,12.828,26.55,2.166,208.5,,0.0,11.572,13.278,,12.511,0.0,49.4,56.1,52.9,12.95,-87.9,-5.2,-82.7,0.0,264.84,347.55,,SSW,,-6.04,101755.75,100891.56,
020HI,2024-01-16T05:10:00Z,80470.0,12.478,27.43,1.831,211.8,2.829,0.0,11.444,13.272,,12.461,0.0,49.4,56.1,52.9,12.95,-85.81,-5.15,-80.65,0.0,264.42,345.07,,SSW,,-5.92,101755.75,100918.92,
020HI,2024-01-16T05:15:00Z,80480.0,11.922,30.48,1.939,209.1,2.665,0.0,11.322,13.261,,12.439,0.0,49.4,56.1,52.9,12.95,-84.1,-5.03,-79.07,0.0,264.08,343.15,,SSW,,-5.02,101768.39,100975.05,
020HI,2024-01-16T05:20:00Z,80480.0,11.428,34.27,1.723,211.3,2.665,0.0,11.206,13.261,,12.389,0.0,49.4,56.1,52.9,12.94,-82.32,-4.98,-77.34,0.0,263.62,340.96,,SSW,,-3.89,101768.39,101013.91,
020HI,2024-01-16T05:25:00Z,80480.0,10.722,36.51,1.584,216.4,2.444,0.0,11.106,13.239,,12.328,0.0,49.3,56.1,52.9,12.94,-80.75,-4.74,-76.01,0.0,263.08,339.1,,SW,,-3.67,101768.39,101069.77,
020HI,2024-01-16T05:30:00Z,80490.0,10.45,35.37,1.79,222.7,,0.0,11.033,13.228,,12.278,0.0,49.4,56.1,52.9,12.94,-80.27,-4.68,-75.58,0.0,262.29,337.88,,SW,,-4.34,101781.04,101103.96,
020HI,2024-01-16T05:35:00Z,80490.0,11.539,28.76,2.022,219.8,2.721,0.0,10.944,13.211,,12.239,0.0,49.4,56.1,52.9,12.94,-80.75,-4.34,-76.4,0.65,262.29,338.69,,SW,,-6.11,101781.04,101017.8,
020HI,2024-01-16T05:40:00Z,80490.0,11.739,28.24,1.96,221.1,2.608,0.0,10.839,13.222,,12.189,0.0,49.4,56.1,52.9,12.94,-80.84,-4.39,-76.45,0.16,262.48,338.93,,SW,,-6.18,101781.04,101002.04,
020HI,2024-01-16T05:45:00Z,80500.0,10.828,36.27,1.368,227.2,,0.0,10.717,13.211,,12.172,0.0,49.4,56.1,52.9,12.93,-77.85,-4.52,-73.33,0.0,262.94,336.28,,SW,,-3.67,101793.68,101086.47,
020HI,2024-01-16T05:50:00Z,80510.0,10.022,34.86,1.471,224.6,1.945,0.0,10.583,13.189,,12.111,0.0,49.4,56.1,52.9,12.93,-77.2,-4.35,-72.85,0.0,261.82,334.68,,SW,,-4.91,101806.33,101163.21,
020HI,2024-01-16T05:55:00Z,80510.0,10.389,35.72,1.358,227.1,1.723,0.0,10.5,13.189,,12.072,0.0,49.4,56.1,52.9,12.93,-77.58,-4.59,-72.98,0.0,261.58,334.56,,SW,,-4.26,101806.33,101133.94,
020HI,2024-01-16T06:00:00Z,80510.0,9.922,41.11,1.713,221.1,2.222,0.0,10.4,13.178,,12.039,0.0,49.4,56.1,52.9,12.92,-76.45,-4.53,-71.92,0.0,261.06,332.98,,SW,,-2.8,101806.33,101171.1,
020HI,2024-01-16T06:05:00Z,80510.0,9.572,41.02,1.878,212.7,2.943,0.0,10.328,13.161,,11.978,0.0,49.4,56.1,52.9,12.92,-77.9,-4.67,-73.23,0.0,260.21,333.43,,SSW,,-3.14,101806.33,101199.11,
020HI,2024-01-16T06:10:00Z,80500.0,9.228,38.75,2.315,209.5,3.164,0.0,10.278,13.139,,11.95,0.0,49.4,56.1,52.9,12.92,-79.5,-4.71,-74.79,0.0,259.77,334.56,,SSW,,-4.22,101793.68,101214.17,
020HI,2024-01-16T06:15:00Z,80500.0,9.328,37.71,2.526,206.9,3.555,0.0,10.222,13.122,,11.911,0.0,49.4,56.1,52.9,12.92,-80.75,-4.74,-76.0,0.12,259.95,335.96,,SSW,,-4.49,101793.68,101206.16,
020HI,2024-01-16T06:20:00Z,80500.0,9.861,34.68,2.85,205.8,3.498,0.0,10.211,13.122,,11.839,0.0,49.4,56.1,52.9,12.91,-83.0,-4.67,-78.33,1.19,260.11,338.44,,SSW,,-5.13,101793.68,101163.51,
020HI,2024-01-16T06:25:00Z,80500.0,10.372,33.24,2.773,204.1,3.498,0.0,10.15,13.1,,11.8,0.0,49.4,56.1,52.9,12.91,-83.92,-4.79,-79.12,1.12,260.89,340.01,,SSW,,-5.23,101793.68,101122.77,
020HI,2024-01-16T06:30:00Z,80500.0,10.611,32.55,2.86,202.0,3.555,0.0,10.139,13.089,,11.761,0.0,49.4,56.1,52.9,12.91,-85.3,-4.84,-80.47,0.94,261.41,341.87,,SSW,,-5.3,101793.68,101103.77,
020HI,2024-01-16T06:35:00Z,80500.0,10.8,31.09,2.824,199.3,3.776,0.0,10.106,13.039,,11.722,0.0,49.4,56.1,52.8,12.91,-86.48,-5.11,-81.37,1.06,261.65,343.02,,SSW,,-5.74,101793.68,101088.79,
020HI,2024-01-16T06:40:00Z,80500.0,11.05,30.65,2.598,200.5,3.277,0.0,10.028,13.061,,11.689,0.0,49.4,56.1,52.8,12.9,-86.12,-5.15,-80.98,0.95,261.9,342.88,,SSW,,-5.71,101793.68,101068.97,
020HI,2024-01-16T06:45:00Z,80490.0,10.989,31.55,2.634,207.9,3.442,0.0,9.883,13.061,,11.639,0.0,49.4,56.1,52.8,12.9,-84.66,-4.87,-79.78,0.09,262.05,341.83,,SSW,,-5.38,101781.04,101061.24,
020HI,2024-01-16T06:50:00Z,80490.0,10.928,32.25,2.336,211.7,2.886,0.0,9.794,13.039,,11.561,0.0,49.4,56.1,52.8,12.9,-83.38,-4.86,-78.52,0.0,261.91,340.43,,SSW,,-5.14,101781.04,101066.06,
020HI,2024-01-16T06:55:00Z,80500.0,10.839,32.01,2.258,210.2,2.829,0.0,9.678,13.0,,11.528,0.0,49.4,56.1,52.8,12.9,-82.01,-4.84,-77.17,0.0,261.83,339.0,,SSW,,-5.32,101793.68,101085.68,
020HI,2024-01-16T07:00:00Z,80500.0,10.661,32.44,2.017,216.8,2.444,0.0,9.578,13.022,,11.5,0.0,49.4,56.1,52.8,12.89,-81.01,-4.87,-76.13,0.0,261.22,337.36,,SW,,-5.3,101793.68,101099.8,
020HI,2024-01-16T07:05:00Z,80500.0,11.05,30.31,2.006,222.4,2.608,0.0,9.517,12.978,,11.45,0.0,49.4,56.1,52.8,12.89,-80.99,-4.78,-76.21,0.51,260.93,337.14,,SW,,-5.85,101793.68,101068.98,
020HI,2024-01-16T07:10:00Z,80500.0,10.589,31.67,2.253,215.0,2.886,0.0,9.444,12.961,,11.411,0.0,49.4,56.1,52.8,12.89,-79.79,-4.59,-75.19,0.0,261.12,336.31,,SW,,-5.68,101793.68,101105.54,
020HI,2024-01-16T07:15:00Z,80500.0,10.339,32.28,2.48,213.7,3.277,0.0,9.383,12.928,,11.372,0.0,49.4,56.1,52.8,12.89,-80.15,-4.66,-75.48,0.0,260.86,336.35,,SSW,,-5.65,101793.68,101125.42,
020HI,2024-01-16T07:20:00Z,80490.0,10.161,31.66,2.521,215.9,,0.0,9.4,12.928,,11.361,0.0,49.4,56.1,52.8,12.89,-81.14,-4.37,-76.76,0.0,260.69,337.45,,SW,,-6.06,101781.04,101127.05,
020HI,2024-01-16T07:25:00Z,80490.0,10.822,29.02,2.233,215.6,2.886,0.0,9.344,12.922,,11.289,0.0,49.4,56.1,52.8,12.88,-80.51,-4.35,-76.16,0.98,260.96,337.12,,SW,,-6.62,101781.04,101074.52,
020HI,2024-01-16T07:30:00Z,80490.0,10.689,31.32,2.608,211.4,3.22,0.0,9.306,12.911,,11.25,0.0,49.4,56.1,52.8,12.88,-80.81,-4.29,-76.52,0.12,261.54,338.06,,SSW,,-5.74,101781.04,101085.04,
020HI,2024-01-16T07:35:00Z,80480.0,10.889,29.85,2.721,213.3,3.112,0.0,9.3,12.911,,11.2,0.0,49.4,56.1,52.8,12.88,-82.83,-4.26,-78.57,0.24,261.74,340.31,,SSW,,-6.19,101768.39,101056.64,
020HI,2024-01-16T07:40:00Z,80480.0,11.25,29.04,2.588,215.0,,0.0,9.256,12.85,,11.172,0.0,49.4,56.1,52.8,12.88,-82.5,-4.13,-78.36,0.16,262.01,340.38,,SW,,-6.24,101768.39,101028.07,
020HI,2024-01-16T07:45:00Z,80480.0,10.961,30.54,2.639,212.3,3.277,0.0,9.172,12.872,,11.122,0.0,49.4,56.1,52.8,12.88,-81.74,-4.15,-77.6,0.0,262.48,340.08,,SSW,,-5.83,101768.39,101050.92,
020HI,2024-01-16T07:50:00Z,80480.0,10.989,29.62,2.634,214.3,3.112,0.0,9.144,12.8,,11.1,0.0,49.4,56.1,52.8,12.87,-82.73,-4.32,-78.42,0.0,262.38,340.8,,SW,,-6.21,101768.39,101048.71,
020HI,2024-01-16T07:55:00Z,80480.0,11.6,27.62,2.531,214.8,2.943,0.0,9.089,12.811,,11.061,0.0,49.4,56.1,52.8,12.87,-82.04,-4.08,-77.96,0.25,262.48,340.44,,SW,,-6.59,101768.39,101000.46,
020HI,2024-01-16T08:00:00Z,80480.0,11.361,29.39,2.516,212.9,3.112,0.0,9.022,12.778,,11.011,0.0,49.4,56.1,52.8,12.87,-81.77,-4.16,-77.61,0.0,262.97,340.58,,SSW,,-5.99,101768.39,101019.29,
020HI,2024-01-16T08:05:00Z,80480.0,11.472,28.87,2.577,214.3,2.943,0.0,9.017,12.778,,10.989,0.0,49.4,56.1,52.8,12.87,-82.57,-4.28,-78.29,0.0,263.04,341.32,,SW,,-6.12,101768.39,101010.53,
020HI,2024-01-16T08:10:00Z,80470.0,11.472,29.15,2.186,213.6,2.778,0.0,8.95,12.75,,10.95,0.0,49.4,56.1,52.8,12.87,-81.49,-4.3,-77.18,0.0,263.13,340.32,,SSW,,-6.0,101755.75,100997.98,
020HI,2024-01-16T08:15:00Z,80460.0,10.939,32.07,2.186,208.6,2.557,0.0,8.878,12.75,,10.889,0.0,49.4,56.1,52.8,12.87,-80.23,-4.42,-75.81,0.0,263.32,339.12,,SSW,,-5.21,101743.1,101027.52,
020HI,2024-01-16T08:20:00Z,80460.0,10.2,34.43,2.557,211.2,3.555,0.0,8.844,12.722,,10.878,0.0,49.4,56.1,52.8,12.86,-80.16,-4.31,-75.85,0.0,262.81,338.67,,SSW,,-4.92,101743.1,101086.2,
020HI,2024-01-16T08:25:00Z,80460.0,9.639,37.26,2.284,210.1,2.943,0.0,8.783,12.711,,10.839,0.0,49.4,56.1,52.8,12.86,-78.32,-4.2,-74.12,0.0,262.96,337.08,,SSW,,-4.37,101743.1,101130.95,
020HI,2024-01-16T08:30:00Z,80460.0,9.061,38.63,1.903,218.2,,0.0,8.7,12.678,,10.789,0.0,49.4,56.1,52.8,12.86,-76.04,-4.24,-71.8,0.0,262.34,334.13,,SW,,-4.41,101743.1,101177.3,
020HI,2024-01-16T08:35:00Z,80450.0,9.672,36.92,1.214,225.7,2.166,0.0,8.611,12.678,,10.761,0.0,49.4,56.0,52.8,12.86,-74.77,-3.99,-70.77,0.25,262.25,333.02,,SW,,-4.46,101730.46,101115.75,
020HI,2024-01-16T08:40:00Z,80450.0,9.922,34.92,1.43,225.7,2.053,0.0,8.561,12.661,,10.75,0.0,49.4,56.0,52.8,12.86,-75.53,-4.17,-71.36,0.0,261.57,332.94,,SW,,-4.98,101730.46,101095.8,
020HI,2024-01-16T08:45:00Z,80440.0,10.489,34.17,1.224,226.7,2.166,0.0,8.494,12.628,,10.7,0.0,49.4,56.0,52.8,12.85,-74.04,-3.76,-70.28,0.85,262.16,332.44,,SW,,-4.76,101717.81,101038.08,
020HI,2024-01-16T08:50:00Z,80440.0,10.55,34.89,1.646,219.4,2.665,0.0,8.5,12.611,,10.65,0.0,49.4,56.0,52.8,12.85,-77.95,-4.38,-73.57,0.88,261.65,335.22,,SW,,-4.43,101717.81,101033.22,
020HI,2024-01-16T08:55:00Z,80440.0,10.361,36.88,1.62,215.2,2.279,0.0,8.461,12.611,,10.689,0.0,49.4,56.0,52.8,12.85,-78.02,-4.42,-73.6,0.0,261.78,335.37,,SW,,-3.86,101717.81,101048.21,
020HI,2024-01-16T09:00:00Z,80430.0,10.161,39.12,1.867,213.1,3.498,0.0,8.411,12.572,,10.589,0.0,49.4,56.0,52.8,12.85,-77.78,-4.4,-73.38,0.26,261.88,335.26,,SSW,,-3.25,101705.17,101051.54,
020HI,2024-01-16T09:05:00Z,80430.0,10.328,37.96,1.281,224.9,2.829,0.0,8.389,12.572,,10.561,0.0,49.4,56.0,52.8,12.85,-77.15,-4.14,-73.0,0.83,262.4,335.4,,SW,,-3.5,101705.17,101038.26,
020HI,2024-01-16T09:10:00Z,80430.0,10.322,37.78,1.091,210.9,2.222,0.0,8.294,12.55,,10.578,0.0,49.4,56.0,52.8,12.84,-76.58,-4.59,-71.99,0.0,261.66,333.65,,SSW,,-3.57,101705.17,101038.74,
020HI,2024-01-16T09:15:00Z,80440.0,9.65,40.3,2.042,195.7,3.334,0.0,8.256,12.55,,10.5,0.0,49.4,56.0,52.8,12.84,-78.4,-4.85,-73.55,0.0,260.37,333.92,,SSW,,-3.31,101717.81,101104.89,
020HI,2024-01-16T09:20:00Z,80430.0,9.361,44.6,1.348,219.1,3.056,0.0,8.189,12.511,,10.478,0.0,49.4,56.0,52.8,12.84,-76.18,-4.82,-71.36,0.04,260.77,332.14,,SW,,-2.2,101705.17,101115.39,
020HI,2024-01-16T09:25:00Z,80420.0,9.5,43.69,1.43,221.0,2.721,0.0,8.122,12.478,,10.422,0.0,49.4,56.0,52.8,12.84,-75.43,-4.45,-70.98,0.21,260.54,331.52,,SW,,-2.35,101692.52,101091.7,
020HI,2024-01-16T09:30:00Z,80430.0,9.228,42.14,2.289,208.4,3.663,0.0,8.139,12.472,,10.411,0.0,49.4,56.0,52.8,12.84,-78.57,-4.59,-73.98,0.0,260.12,334.09,,SSW,,-3.09,101705.17,101126.1,
020HI,2024-01-16T09:35:00Z,80420.0,8.778,44.27,2.125,202.4,3.112,0.0,8.117,12.461,,10.35,0.0,49.4,56.0,52.8,12.83,-77.7,-4.58,-73.12,0.0,260.31,333.42,,SSW,,-2.83,101692.52,101149.67,
020HI,2024-01-16T09:40:00Z,80420.0,8.461,46.11,1.79,208.3,2.943,0.0,8.028,12.439,,10.339,0.0,49.4,56.0,52.8,12.83,-76.85,-4.8,-72.04,0.0,259.36,331.4,,SSW,,-2.57,101692.52,101175.2,
020HI,2024-01-16T09:45:00Z,80420.0,8.522,47.43,1.487,209.9,2.279,0.0,7.961,12.422,,10.322,0.0,49.4,56.0,52.8,12.83,-75.87,-4.63,-71.24,0.64,260.18,331.42,,SSW,,-2.13,101692.52,101170.26,
020HI,2024-01-16T09:50:00Z,80430.0,9.028,46.19,1.775,223.3,2.608,0.0,7.956,12.411,,10.311,0.0,49.4,56.0,52.8,12.82,-76.73,-4.25,-72.48,1.35,260.11,332.59,,SW,,-2.03,101705.17,101142.1,
020HI,2024-01-16T09:55:00Z,80420.0,9.011,48.76,1.919,211.1,2.829,0.0,7.95,12.372,,10.228,0.0,49.4,56.0,52.8,12.82,-77.14,-4.49,-72.65,0.0,260.73,333.38,,SSW,,-1.3,101692.52,101130.85,
020HI,2024-01-16T10:00:00Z,,,,,,,,,,,,,,,,12.82,,,,,,,,,,,,None,
