# STATION: 021HI
# STATION NAME: Kulaimano
# LATITUDE: 19.8343
# LONGITUDE: -155.1224
# ELEVATION [ft]: 853.0
# STATE: HI
Station_ID,Date_Time,pressure_set_1,air_temp_set_1,relative_humidity_set_1,wind_speed_set_1,wind_direction_set_1,wind_gust_set_1,solar_radiation_set_1,soil_temp_set_1,soil_temp_set_2,soil_temp_set_3,soil_temp_set_4,precip_accum_five_minute_set_1,soil_moisture_set_1,soil_moisture_set_2,soil_moisture_set_3,volt_set_1,net_radiation_set_1,net_radiation_sw_set_1,net_radiation_lw_set_1,outgoing_radiation_sw_set_1,incoming_radiation_lw_set_1,outgoing_radiation_lw_set_1,wind_chill_set_1d,wind_cardinal_direction_set_1d,heat_index_set_1d,dew_point_temperature_set_1d,altimeter_set_1d,sea_level_pressure_set_1d,wet_bulb_temperature_set_1d
,,Pascals,Celsius,%,m/s,Degrees,m/s,W/m**2,Celsius,Celsius,Celsius,Celsius,Millimeters,%,%,%,volts,W/m**2,W/m**2,W/m**2,W/m**2,W/m**2,W/m**2,Celsius,code,Celsius,Celsius,Pascals,Pascals,Celsius
021HI,2024-01-15T10:05:00Z,98250.0,17.672,93.3,1.199,253.9,1.945,0.0,22.0,22.128,22.461,22.011,0.0,51.8,61.4,65.5,12.91,-38.3,-2.46,-35.84,0.0,366.36,402.21,,WSW,,16.57,101336.69,101287.75,
021HI,2024-01-15T10:10:00Z,98250.0,17.661,93.2,1.224,258.6,1.831,0.0,21.994,22.128,22.439,22.022,0.0,51.8,61.4,65.5,12.84,-36.64,-2.61,-34.03,0.0,366.48,400.51,,WSW,,16.54,101336.69,101287.86,
021HI,2024-01-15T10:15:00Z,98250.0,17.672,93.4,1.276,259.9,,0.0,22.022,22.128,22.461,21.989,0.0,51.8,61.4,65.5,12.87,-21.43,-1.79,-19.64,0.0,,402.94,,W,,16.58,101336.69,101287.75,
021HI,2024-01-15T10:20:00Z,98250.0,17.711,93.5,1.127,265.1,1.667,0.0,21.972,22.15,22.45,22.028,0.0,51.8,61.4,65.5,12.91,-17.11,-1.28,-15.84,0.0,388.73,404.57,,W,,16.64,101336.69,101287.33,
021HI,2024-01-15T10:25:00Z,98250.0,17.728,93.5,1.276,260.5,1.888,0.0,21.956,22.128,22.428,22.0,0.0,51.8,61.4,65.5,12.87,-18.36,-1.28,-17.07,0.0,387.27,404.35,,W,,16.66,101336.69,101287.15,
021HI,2024-01-15T10:30:00Z,98250.0,17.761,93.6,1.291,263.0,1.888,0.0,21.944,22.128,22.45,21.989,0.0,51.8,61.4,65.5,12.9,-20.18,-1.3,-18.88,0.0,386.1,404.98,,W,,16.71,101336.69,101286.8,
021HI,2024-01-15T10:35:00Z,98250.0,17.772,93.4,1.214,252.8,1.775,0.0,21.933,22.128,22.439,21.972,0.0,51.8,61.4,65.5,12.83,-36.12,-2.11,-34.01,0.0,368.74,402.76,,WSW,,16.68,101336.69,101286.69,
021HI,2024-01-15T10:40:00Z,98250.0,17.722,93.3,1.157,259.2,1.667,0.0,21.956,22.122,22.461,21.928,0.0,51.8,61.4,65.5,12.87,-48.44,-3.11,-45.34,0.0,355.24,400.58,,W,,16.62,101336.69,101287.22,
021HI,2024-01-15T10:45:00Z,98240.0,17.639,93.5,1.23,257.1,1.831,0.0,21.911,22.128,22.45,21.961,0.0,51.8,61.4,65.5,12.9,-46.1,-3.25,-42.85,0.0,355.85,398.7,,WSW,,16.57,101326.37,101277.79,
021HI,2024-01-15T10:50:00Z,98240.0,17.561,93.6,1.271,255.8,1.888,0.0,21.9,22.111,22.472,21.928,0.0,51.8,61.4,65.5,12.83,-44.27,-2.97,-41.3,0.0,357.01,398.31,,WSW,,16.51,101326.37,101278.61,
021HI,2024-01-15T10:55:00Z,98230.0,17.461,93.6,1.224,259.6,1.667,0.0,21.928,22.1,22.45,21.928,0.0,51.8,61.4,65.5,12.85,-47.21,-3.15,-44.06,0.0,354.05,398.12,,W,,16.41,101316.06,101269.36,
021HI,2024-01-15T11:00:00Z,98230.0,17.339,93.3,1.353,257.6,2.053,0.0,21.878,22.061,22.461,21.928,0.0,51.8,61.4,65.5,12.89,-49.05,-3.26,-45.8,0.0,351.88,397.68,,WSW,,16.24,101316.06,101270.66,
021HI,2024-01-15T11:05:00Z,98220.0,17.289,92.6,1.512,256.3,2.222,0.0,21.872,22.111,22.461,21.911,0.0,51.8,61.4,65.5,12.86,-49.72,-3.2,-46.52,0.0,350.6,397.12,,WSW,,16.07,101305.75,101260.88,
021HI,2024-01-15T11:10:00Z,98210.0,17.3,90.8,1.641,255.3,2.444,0.0,21.861,22.1,22.45,21.922,0.0,51.8,61.4,65.5,12.93,-55.03,-3.41,-51.62,0.0,344.75,396.38,,WSW,,15.77,101295.43,101250.46,
021HI,2024-01-15T11:15:00Z,98200.0,17.25,89.9,1.394,257.0,2.33,0.0,21.817,22.1,22.461,21.922,0.0,51.8,61.4,65.5,12.9,-58.15,-3.73,-54.42,0.01,339.26,393.68,,WSW,,15.56,101285.12,101240.69,
021HI,2024-01-15T11:20:00Z,98190.0,17.122,89.4,1.415,256.0,2.109,0.0,21.839,22.078,22.439,21.911,0.0,51.8,61.4,65.5,12.86,-55.93,-3.73,-52.19,0.0,340.0,392.19,,WSW,,15.35,101274.8,101231.74,
021HI,2024-01-15T11:25:00Z,98190.0,16.989,89.0,1.44,256.0,2.222,0.0,21.828,22.1,22.461,21.872,0.0,51.8,61.4,65.5,12.93,-59.49,-3.91,-55.57,0.0,336.28,391.85,,WSW,,15.15,101274.8,101233.15,
021HI,2024-01-15T11:30:00Z,98180.0,16.911,88.5,1.327,249.8,2.222,0.0,21.778,22.1,22.45,21.889,0.0,51.8,61.4,65.5,12.9,-60.84,-3.93,-56.9,0.13,333.87,390.77,,WSW,,14.98,101264.49,101223.68,
021HI,2024-01-15T11:35:00Z,98170.0,17.0,87.5,1.116,254.2,1.888,0.0,21.794,22.089,22.428,21.861,0.0,51.8,61.4,65.5,12.86,-61.5,-4.13,-57.37,0.64,333.03,390.4,,WSW,,14.89,101254.17,101212.42,
021HI,2024-01-15T11:40:00Z,98160.0,16.961,87.5,1.194,252.1,2.387,0.0,21.778,22.072,22.428,21.911,0.0,51.8,61.4,65.5,12.92,-61.7,-4.15,-57.55,0.39,332.53,390.07,,WSW,,14.85,101243.86,101202.53,
021HI,2024-01-15T11:45:00Z,98160.0,16.939,87.4,0.844,241.5,1.497,0.0,21.728,22.028,22.461,21.861,0.0,51.8,61.4,65.5,12.9,-62.06,-4.27,-57.79,0.48,331.61,389.4,,WSW,,14.81,101243.86,101202.76,
021HI,2024-01-15T11:50:00Z,98160.0,16.911,87.5,1.451,254.6,2.279,0.0,21.744,22.078,22.45,21.861,0.0,51.8,61.4,65.5,12.85,-60.98,-4.06,-56.93,0.67,331.79,388.71,,WSW,,14.81,101243.86,101203.06,
021HI,2024-01-15T11:55:00Z,98160.0,16.9,87.4,1.101,249.6,2.222,0.0,21.722,22.072,22.461,21.889,0.0,51.8,61.4,65.5,12.93,-61.82,-4.0,-57.82,0.64,331.63,389.45,,WSW,,14.78,101243.86,101203.18,
021HI,2024-01-15T12:00:00Z,98150.0,16.878,87.6,0.967,253.2,1.723,0.0,21.672,22.05,22.439,21.828,0.0,51.8,61.4,65.5,12.89,-60.25,-4.1,-56.15,0.55,331.18,387.33,,WSW,,14.79,101233.55,101193.1,
021HI,2024-01-15T12:05:00Z,98150.0,16.85,88.0,0.962,257.6,1.888,0.0,21.689,22.061,22.45,21.828,0.0,51.8,61.4,65.5,12.85,-59.16,-4.17,-54.99,0.59,332.01,387.0,,WSW,,14.83,101233.55,101193.4,
021HI,2024-01-15T12:10:00Z,98150.0,16.822,88.2,1.173,250.1,,0.0,21.672,22.072,22.45,21.828,0.0,51.8,61.4,65.5,12.92,-60.7,-3.91,-56.79,0.62,332.26,389.06,,WSW,,14.84,101233.55,101193.69,
021HI,2024-01-15T12:15:00Z,98140.0,16.85,87.6,1.332,251.7,2.279,0.0,21.617,22.072,22.461,21.822,0.0,51.8,61.4,65.5,12.89,-61.93,-4.07,-57.86,0.68,331.02,388.88,,WSW,,14.76,101223.23,101183.09,
021HI,2024-01-15T12:20:00Z,98140.0,16.828,87.1,1.266,246.2,2.608,0.0,21.633,22.072,22.461,21.822,0.0,51.8,61.4,65.5,12.85,-61.64,-3.99,-57.65,0.71,331.91,389.56,,WSW,,14.65,101223.23,101183.32,
021HI,2024-01-15T12:25:00Z,98130.0,16.922,86.7,1.147,243.1,2.557,0.0,21.611,22.05,22.45,21.811,0.0,51.8,61.4,65.5,12.92,-61.89,-4.07,-57.82,0.74,332.9,390.72,,WSW,,14.67,101212.92,101172.01,
021HI,2024-01-15T12:30:00Z,98130.0,17.0,86.3,1.415,251.0,2.166,0.0,21.561,22.05,22.45,21.772,0.0,51.8,61.4,65.5,12.89,-61.05,-3.9,-57.15,0.79,332.32,389.46,,WSW,,14.68,101212.92,101171.19,
021HI,2024-01-15T12:35:00Z,98130.0,16.872,86.5,1.548,256.1,2.608,0.0,21.583,22.028,22.439,21.778,0.0,51.8,61.4,65.5,12.84,-60.6,-3.93,-56.67,0.47,332.26,388.93,,WSW,,14.59,101212.92,101172.55,
021HI,2024-01-15T12:40:00Z,98130.0,16.689,86.9,1.6,255.4,2.778,0.0,21.567,22.028,22.439,21.761,0.0,51.8,61.4,65.5,12.9,-61.29,-4.06,-57.23,0.15,331.64,388.87,,WSW,,14.48,101212.92,101174.49,
021HI,2024-01-15T12:45:00Z,98130.0,16.611,86.7,1.934,258.1,,0.0,21.522,22.028,22.439,21.778,0.0,51.8,61.4,65.5,12.93,-61.61,-3.89,-57.73,0.47,330.41,388.14,,WSW,,14.37,101212.92,101175.32,
021HI,2024-01-15T12:50:00Z,98130.0,16.6,86.3,1.682,254.0,2.721,0.0,21.511,22.039,22.45,21.739,0.0,51.8,61.4,65.5,12.93,-62.24,-3.94,-58.3,0.64,329.49,387.79,,WSW,,14.28,101212.92,101175.44,
021HI,2024-01-15T12:55:00Z,98120.0,16.661,85.9,1.363,249.2,2.387,0.0,21.5,21.989,22.439,21.739,0.0,51.8,61.4,65.5,12.93,-61.85,-3.95,-57.9,0.83,329.57,387.47,,WSW,,14.27,101202.6,101164.48,
021HI,2024-01-15T13:00:00Z,98120.0,16.739,85.7,1.615,255.4,2.721,0.0,21.483,22.022,22.472,21.722,0.0,51.8,61.4,65.5,12.89,-61.7,-3.89,-57.8,1.02,329.47,387.27,,WSW,,14.31,101202.6,101163.65,
021HI,2024-01-15T13:05:00Z,98120.0,16.689,86.0,1.332,249.9,2.665,0.0,21.506,21.972,22.45,21.711,0.0,51.8,61.4,65.5,12.84,-61.62,-4.04,-57.58,0.74,329.79,387.37,,WSW,,14.32,101202.6,101164.19,
021HI,2024-01-15T13:10:00Z,98120.0,16.722,85.8,1.708,245.8,3.498,0.0,21.483,22.0,22.461,21.689,0.0,51.8,61.4,65.5,12.91,-63.4,-3.96,-59.44,0.68,329.51,388.95,,WSW,,14.31,101202.6,101163.84,
021HI,2024-01-15T13:15:00Z,98120.0,16.85,84.9,1.703,249.4,3.112,0.0,21.428,22.011,22.428,21.711,0.0,51.8,61.4,65.5,12.93,-63.47,-3.94,-59.53,0.9,329.21,388.74,,WSW,,14.27,101202.6,101162.48,
021HI,2024-01-15T13:20:00Z,98120.0,16.878,84.9,1.801,248.7,,0.0,21.417,22.0,22.45,21.7,0.0,51.8,61.4,65.5,12.93,-63.42,-3.92,-59.49,0.88,329.05,388.54,,WSW,,14.3,101202.6,101162.18,
021HI,2024-01-15T13:25:00Z,98120.0,16.928,84.8,1.533,247.6,2.778,,21.406,21.989,22.45,21.628,0.0,51.8,61.4,65.5,12.93,-63.41,-3.91,-59.5,0.91,328.97,388.46,,WSW,,14.33,101202.6,101161.65,
021HI,2024-01-15T13:30:00Z,98120.0,16.889,85.2,1.363,250.9,2.279,0.0,21.4,21.961,22.461,21.672,0.0,51.8,61.4,65.5,12.93,-62.27,-4.03,-58.24,0.77,329.18,387.42,,WSW,,14.37,101202.6,101162.06,
021HI,2024-01-15T13:35:00Z,98110.0,16.861,85.5,1.399,251.2,2.444,0.0,21.383,21.989,22.439,21.661,0.0,51.8,61.4,65.5,12.93,-61.89,-3.91,-57.98,0.95,329.51,387.49,,WSW,,14.39,101192.29,101152.05,
021HI,2024-01-15T13:40:00Z,98110.0,16.922,85.4,1.168,247.1,2.166,0.0,21.372,21.972,22.45,21.661,0.0,51.8,61.4,65.5,12.89,-61.97,-3.96,-58.0,1.01,329.35,387.35,,WSW,,14.44,101192.29,101151.4,
021HI,2024-01-15T13:45:00Z,98120.0,16.861,85.7,1.451,260.6,2.387,0.0,21.389,21.961,22.45,21.628,0.0,51.8,61.4,65.5,12.84,-60.21,-3.99,-56.22,0.81,330.37,386.59,,W,,14.43,101202.6,101162.36,
021HI,2024-01-15T13:50:00Z,98130.0,16.589,86.6,1.559,262.1,2.608,0.0,21.372,22.0,22.439,21.622,0.0,51.8,61.4,65.5,12.91,-59.79,-4.03,-55.76,0.23,330.46,386.22,,W,,14.33,101212.92,101175.56,
021HI,2024-01-15T13:55:00Z,98140.0,16.478,87.2,1.744,258.4,2.608,0.0,21.322,21.961,22.439,21.639,0.0,51.8,61.4,65.5,12.92,-60.85,-3.88,-56.98,0.5,329.64,386.61,,WSW,,14.33,101223.23,101187.05,
021HI,2024-01-15T14:00:00Z,98140.0,16.572,86.9,1.837,257.2,2.886,0.0,21.306,21.972,22.461,21.6,0.0,51.8,61.4,65.5,12.88,-61.31,-3.77,-57.54,0.98,329.62,387.16,,WSW,,14.36,101223.23,101186.05,
021HI,2024-01-15T14:05:00Z,98140.0,16.772,86.1,1.826,253.3,3.498,0.0,21.322,21.928,22.428,21.6,0.0,51.8,61.4,65.5,12.83,-60.65,-3.72,-56.94,1.08,330.91,387.85,,WSW,,14.42,101223.23,101183.92,
021HI,2024-01-15T14:10:00Z,98140.0,16.85,85.8,1.765,255.0,2.778,0.0,21.306,21.939,22.439,21.578,0.0,51.8,61.4,65.5,12.91,-61.22,-3.77,-57.45,0.8,331.43,388.88,,WSW,,14.44,101223.23,101183.09,
021HI,2024-01-15T14:15:00Z,98150.0,16.978,85.4,1.687,254.0,,0.0,21.256,21.928,22.439,21.578,0.0,51.8,61.4,65.5,12.92,-61.59,-3.79,-57.79,0.82,330.79,388.59,,WSW,,14.49,101233.55,101192.04,
021HI,2024-01-15T14:20:00Z,98160.0,16.928,85.9,1.806,255.2,2.778,0.0,21.244,21.95,22.461,21.55,0.0,51.8,61.4,65.5,12.92,-60.68,-3.84,-56.83,0.68,330.87,387.7,,WSW,,14.53,101243.86,101202.88,
021HI,2024-01-15T14:25:00Z,98160.0,16.878,86.3,1.574,255.5,2.5,0.0,21.239,21.9,22.439,21.561,0.0,51.8,61.4,65.5,12.88,-60.32,-3.77,-56.55,0.65,330.73,387.28,,WSW,,14.56,101243.86,101203.41,
021HI,2024-01-15T14:30:00Z,98160.0,16.728,87.0,1.548,259.5,2.387,0.0,21.261,21.939,22.45,21.55,0.0,51.8,61.4,65.5,12.83,-58.91,-3.86,-55.05,0.43,331.5,386.55,,W,,14.54,101243.86,101205.01,
021HI,2024-01-15T14:35:00Z,98160.0,16.622,87.7,1.857,262.6,,0.0,21.244,21.95,22.461,21.528,0.0,51.8,61.4,65.5,12.9,-60.0,-3.83,-56.17,0.37,331.55,387.72,,W,,14.56,101243.86,101206.14,
021HI,2024-01-15T14:40:00Z,98160.0,16.522,88.3,1.862,259.0,2.778,0.0,21.194,21.922,22.45,21.511,0.0,51.8,61.4,65.5,12.87,-61.42,-3.96,-57.46,0.26,330.22,387.69,,W,,14.56,101243.86,101207.2,
021HI,2024-01-15T14:45:00Z,98160.0,16.378,89.0,1.939,255.7,3.056,0.0,21.211,21.878,22.439,21.5,0.0,51.8,61.4,65.5,12.83,-60.99,-3.95,-57.04,0.32,330.58,387.62,,WSW,,14.55,101243.86,101208.73,
021HI,2024-01-15T14:50:00Z,98160.0,16.378,89.1,1.698,256.5,2.778,0.0,21.194,21.911,22.439,21.511,0.0,51.8,61.4,65.5,12.9,-60.6,-3.93,-56.67,0.4,331.32,387.99,,WSW,,14.56,101243.86,101208.73,
021HI,2024-01-15T14:55:00Z,98160.0,16.472,88.8,2.037,252.3,2.886,0.0,21.144,21.9,22.45,21.5,0.0,51.8,61.4,65.5,12.87,-60.33,-3.67,-56.66,0.72,331.83,388.49,,WSW,,14.6,101243.86,101207.73,
021HI,2024-01-15T15:00:00Z,98160.0,16.489,88.6,1.636,253.1,2.557,0.0,21.167,21.872,22.439,21.489,0.0,51.8,61.4,65.5,12.83,-58.53,-3.76,-54.77,0.59,333.03,387.8,,WSW,,14.58,101243.86,101207.55,
021HI,2024-01-15T15:05:00Z,98160.0,16.489,88.8,1.934,255.9,2.721,0.0,21.15,21.878,22.428,21.478,0.0,51.8,61.4,65.5,12.9,-61.48,-3.76,-57.72,0.53,330.85,388.57,,WSW,,14.62,101243.86,101207.55,
021HI,2024-01-15T15:10:00Z,98170.0,16.461,88.9,1.842,257.6,2.943,0.0,21.106,21.889,22.472,21.45,0.0,51.8,61.4,65.5,12.86,-62.13,-3.91,-58.21,0.47,329.51,387.72,,WSW,,14.61,101254.17,101218.16,
021HI,2024-01-15T15:15:00Z,98180.0,16.389,89.2,1.883,259.6,2.886,0.0,21.128,21.872,22.439,21.45,0.0,51.8,61.4,65.5,12.83,-61.33,-3.89,-57.44,0.48,330.23,387.67,,W,,14.59,101264.49,101229.24,
021HI,2024-01-15T15:20:00Z,98170.0,16.339,89.4,1.811,254.1,2.943,0.0,21.117,21.872,22.45,21.439,0.0,51.8,61.4,65.5,12.85,-62.13,-3.94,-58.19,0.37,330.17,388.36,,WSW,,14.58,101254.17,101219.46,
021HI,2024-01-15T15:25:00Z,98180.0,16.328,89.4,1.667,258.0,2.5,0.0,21.1,21.85,22.428,21.439,0.0,51.8,61.4,65.5,12.82,-56.73,-3.8,-52.93,0.35,334.55,387.48,,WSW,,14.57,101264.49,101229.89,
021HI,2024-01-15T15:30:00Z,98180.0,16.3,89.7,2.017,257.1,3.442,0.0,21.083,21.822,22.45,21.411,0.0,51.8,61.4,65.5,12.9,-43.27,-2.83,-40.44,0.35,349.59,390.03,,WSW,,14.59,101264.49,101230.19,
021HI,2024-01-15T15:35:00Z,98180.0,16.428,89.5,1.837,256.9,2.665,0.0,21.039,21.85,22.439,21.411,0.0,51.8,61.4,65.5,12.86,-42.82,-2.6,-40.22,0.58,350.1,390.32,,WSW,,14.68,101264.49,101228.82,
021HI,2024-01-15T15:40:00Z,98190.0,16.539,89.3,1.873,256.6,2.665,0.0,21.061,21.861,22.45,21.389,0.0,51.8,61.4,65.5,12.82,-41.62,-2.48,-39.14,0.67,351.81,390.95,,WSW,,14.76,101274.8,101237.95,
021HI,2024-01-15T15:45:00Z,98180.0,16.639,89.1,1.744,255.4,2.608,0.0,21.05,21.85,22.45,21.378,0.0,51.8,61.4,65.5,12.89,-55.44,-3.15,-52.29,0.48,338.51,390.8,,WSW,,14.82,101264.49,101226.57,
021HI,2024-01-15T15:50:00Z,98180.0,16.639,89.1,1.579,254.1,2.665,0.0,21.011,21.811,22.45,21.372,0.0,51.8,61.4,65.5,12.86,-58.14,-3.7,-54.44,0.35,334.4,388.84,,WSW,,14.82,101264.49,101226.57,
021HI,2024-01-15T15:55:00Z,98180.0,16.578,89.4,1.322,252.7,1.888,0.0,21.039,21.822,22.439,21.35,0.0,51.8,61.4,65.5,12.82,-58.26,-3.75,-54.51,0.34,332.94,387.45,,WSW,,14.81,101264.49,101227.22,
021HI,2024-01-15T16:00:00Z,98170.0,16.589,89.3,1.137,250.7,1.831,0.0,21.033,21.822,22.428,21.339,0.0,51.8,61.4,65.5,12.85,-58.98,-3.88,-55.11,0.2,331.51,386.62,,WSW,,14.81,101254.17,101216.79,
021HI,2024-01-15T16:05:00Z,98170.0,16.511,89.7,1.142,253.5,1.945,0.0,21.022,21.822,22.439,21.339,0.0,51.8,61.4,65.5,12.82,-58.68,-3.93,-54.75,0.17,330.49,385.24,,WSW,,14.8,101254.17,101217.62,
021HI,2024-01-15T16:10:00Z,98170.0,16.5,89.9,1.106,257.5,1.667,0.0,21.011,21.8,22.428,21.272,0.0,51.8,61.4,65.5,12.85,-58.75,-3.87,-54.88,0.36,330.76,385.64,,WSW,,14.82,101254.17,101217.74,
021HI,2024-01-15T16:15:00Z,98170.0,16.522,90.0,1.019,251.4,1.831,0.0,20.994,21.828,22.45,21.328,0.0,51.8,61.4,65.5,12.82,-57.87,-3.91,-53.96,0.49,330.66,384.62,,WSW,,14.86,101254.17,101217.51,
021HI,2024-01-15T16:20:00Z,98170.0,16.578,89.8,1.039,249.8,1.667,0.0,20.983,21.789,22.439,21.311,0.0,51.8,61.4,65.4,12.89,-59.01,-3.87,-55.14,0.39,330.17,385.3,,WSW,,14.88,101254.17,101216.91,
021HI,2024-01-15T16:25:00Z,98160.0,16.672,89.4,0.561,225.3,1.554,0.0,20.933,21.789,22.439,21.311,0.0,51.8,61.3,65.4,12.86,-60.53,-4.1,-56.43,0.57,329.05,385.48,,SW,,14.91,101243.86,101205.6,
021HI,2024-01-15T16:30:00Z,98160.0,16.878,88.5,1.044,211.1,2.166,0.0,20.956,21.761,22.461,21.3,0.0,51.8,61.3,65.4,12.78,-62.33,-4.19,-58.14,1.05,329.18,387.32,,SSW,,14.95,101243.86,101203.41,
021HI,2024-01-15T16:35:00Z,98170.0,17.072,87.7,1.121,217.8,1.945,0.0,20.967,21.772,22.439,21.289,0.0,51.8,61.3,65.4,12.81,-63.59,-4.17,-59.42,1.02,330.6,390.01,,SW,,15.0,101254.17,101211.66,
021HI,2024-01-15T16:40:00Z,98170.0,17.322,86.8,1.579,212.1,2.721,0.0,20.911,21.772,22.472,21.272,0.0,51.8,61.3,65.4,12.89,-65.77,-4.16,-61.61,1.09,330.14,391.75,,SSW,,15.08,101254.17,101209.0,
021HI,2024-01-15T16:45:00Z,98160.0,17.378,86.5,1.415,208.5,2.5,0.0,20.861,21.75,22.45,21.261,0.0,51.8,61.3,65.4,12.86,-66.65,-4.08,-62.57,0.93,328.53,391.11,,SSW,,15.08,101243.86,101198.1,
021HI,2024-01-15T16:50:00Z,98160.0,17.311,86.8,1.415,212.0,2.829,0.0,20.889,21.75,22.461,21.261,0.0,51.8,61.3,65.4,12.82,-65.49,-3.61,-61.88,0.99,329.12,391.01,,SSW,,15.07,101243.86,101198.81,
021HI,2024-01-15T16:55:00Z,98160.0,17.411,86.4,1.476,206.2,2.829,0.0,20.883,21.728,22.461,21.239,0.0,51.8,61.3,65.4,12.88,-65.75,-2.5,-63.25,1.37,329.02,392.27,,SSW,,15.1,101243.86,101197.75,
021HI,2024-01-15T17:00:00Z,98160.0,17.328,86.4,1.476,206.8,2.721,0.65,20.839,21.722,22.45,21.222,0.0,51.8,61.3,65.4,12.86,-63.73,-0.84,-62.9,1.49,327.94,390.84,,SSW,,15.02,101243.86,101198.63,
021HI,2024-01-15T17:05:00Z,98150.0,17.189,86.8,1.564,206.7,3.112,4.1,20.867,21.728,22.428,21.211,0.0,51.8,61.3,65.4,12.82,-61.59,1.52,-63.11,2.59,327.85,390.96,,SSW,,14.95,101233.55,101189.8,
021HI,2024-01-15T17:10:00Z,98150.0,17.139,87.0,1.713,212.7,2.943,11.06,20.856,21.728,22.461,21.189,0.0,51.8,61.3,65.4,12.9,-60.14,4.22,-64.36,6.84,327.78,392.14,,SSW,,14.94,101233.55,101190.33,
021HI,2024-01-15T17:15:00Z,98150.0,17.25,86.8,1.348,209.8,2.608,21.3,20.811,21.75,22.439,21.189,0.0,51.8,61.3,65.4,12.92,-57.17,7.83,-65.0,13.47,327.23,392.23,,SSW,,15.01,101233.55,101189.15,
021HI,2024-01-15T17:20:00Z,98150.0,17.372,86.5,1.651,212.3,,32.91,20.8,21.728,22.439,21.189,0.0,51.8,61.3,65.4,12.95,-52.17,13.89,-66.07,19.02,327.11,393.18,,SSW,,15.08,101233.55,101187.86,
021HI,2024-01-15T17:25:00Z,98150.0,17.478,86.2,1.389,205.2,2.943,45.72,20.789,21.722,22.428,21.161,0.0,51.8,61.3,65.4,12.98,-46.24,21.33,-67.58,24.39,326.74,394.32,,SSW,,15.13,101233.55,101186.73,
021HI,2024-01-15T17:30:00Z,98150.0,17.611,86.2,1.528,201.8,2.444,60.32,20.772,21.722,22.45,21.172,0.0,51.8,61.3,65.4,13.02,-38.59,30.21,-68.8,30.11,327.04,395.84,,SSW,,15.26,101233.55,101185.32,
021HI,2024-01-15T17:35:00Z,98140.0,17.761,85.8,1.909,199.5,3.22,76.93,20.756,21.678,22.45,21.139,0.0,51.8,61.3,65.4,13.06,-29.7,40.91,-70.61,36.02,327.02,397.62,,SSW,,15.33,101223.23,101173.43,
021HI,2024-01-15T17:40:00Z,98150.0,17.972,84.7,1.765,197.2,2.721,94.37,20.739,21.672,22.422,21.139,0.0,51.8,61.3,65.4,13.12,-18.92,52.68,-71.6,41.69,327.89,399.49,,SSW,,15.34,101233.55,101181.51,
021HI,2024-01-15T17:45:00Z,98150.0,18.361,81.8,1.867,196.4,3.997,112.5,20.722,21.689,22.428,21.139,0.0,51.8,61.3,65.4,13.18,-7.3,65.18,-72.49,47.32,328.93,401.41,,SSW,,15.17,101233.55,101177.42,
021HI,2024-01-15T17:50:00Z,98160.0,18.761,78.42,1.682,194.9,2.829,131.1,20.711,21.65,22.439,21.128,0.0,51.8,61.3,65.4,13.25,5.07,78.48,-73.42,52.62,329.7,403.12,,SSW,,14.9,101243.86,101183.53,
021HI,2024-01-15T17:55:00Z,98160.0,19.072,76.14,1.898,193.3,3.889,149.87,20.694,21.672,22.439,21.122,0.0,51.8,61.3,65.4,13.32,18.29,92.46,-74.18,57.41,330.53,404.7,,SSW,,14.74,101243.86,101180.28,
021HI,2024-01-15T18:00:00Z,98170.0,19.3,76.94,1.867,192.5,2.943,168.52,20.683,21.661,22.439,21.111,0.0,51.8,61.3,65.4,13.39,30.7,106.47,-75.77,62.05,331.32,407.09,,SSW,,15.13,101254.17,101188.2,
021HI,2024-01-15T18:05:00Z,98180.0,19.5,78.46,1.862,188.1,3.39,186.97,20.672,21.661,22.439,21.111,0.0,51.8,61.3,65.4,13.45,42.57,120.38,-77.8,66.6,332.0,409.81,,S,,15.63,101264.49,101196.41,
021HI,2024-01-15T18:10:00Z,98180.0,19.728,79.33,1.729,190.6,3.056,207.28,20.667,21.661,22.439,21.1,0.0,51.8,61.3,65.4,13.51,55.47,135.53,-80.05,71.75,332.93,412.98,,S,,16.03,101264.49,101194.02,
021HI,2024-01-15T18:15:00Z,98190.0,19.978,79.43,1.831,186.1,3.334,227.09,20.661,21.65,22.439,21.1,0.0,51.8,61.3,65.4,13.57,68.59,150.36,-81.78,76.73,333.73,415.5,,S,,16.29,101274.8,101201.72,
021HI,2024-01-15T18:20:00Z,98190.0,20.211,78.85,1.811,186.4,3.663,246.42,20.661,21.628,22.45,21.089,0.0,51.8,61.3,65.4,13.65,82.12,165.04,-82.92,81.39,334.4,417.31,,S,,16.4,101274.8,101199.3,
021HI,2024-01-15T18:25:00Z,98200.0,20.422,78.73,1.785,190.0,3.442,265.87,20.661,21.622,22.439,21.072,0.0,51.8,61.3,65.4,13.72,95.26,179.76,-84.5,86.11,335.24,419.73,,S,,16.58,101285.12,101207.41,
021HI,2024-01-15T18:30:00Z,98200.0,20.689,78.99,1.446,187.4,3.112,284.74,20.667,21.611,22.439,21.061,0.0,51.8,61.3,65.4,13.7,107.01,194.41,-87.39,90.33,336.21,423.61,,S,,16.89,101285.12,101204.64,
021HI,2024-01-15T18:35:00Z,98210.0,20.872,77.91,1.795,190.7,2.943,304.5,20.672,21.589,22.461,21.061,0.0,51.8,61.3,65.4,13.7,122.59,210.03,-87.44,94.48,337.23,424.67,,S,,16.85,101295.43,101213.05,
021HI,2024-01-15T18:40:00Z,98210.0,21.028,78.18,1.914,169.1,3.22,323.63,20.683,21.578,22.45,21.039,0.0,51.8,61.3,65.4,13.68,136.44,225.16,-88.71,98.47,338.01,426.72,,S,,17.06,101295.43,101211.44,
021HI,2024-01-15T18:45:00Z,98200.0,21.111,77.87,2.438,173.1,4.717,342.31,20.694,21.589,22.439,21.05,0.0,51.8,61.3,65.4,13.69,151.13,239.99,-88.86,102.31,338.34,427.21,,S,,17.08,101285.12,101200.27,
021HI,2024-01-15T18:50:00Z,98200.0,21.122,77.65,2.197,183.2,3.997,361.54,20.717,21.572,22.439,21.05,0.0,51.8,61.3,65.4,13.67,165.93,254.92,-88.99,106.62,338.88,427.87,,S,,17.04,101285.12,101200.16,
021HI,2024-01-15T18:55:00Z,98200.0,21.339,78.45,2.253,167.5,4.831,380.85,20.733,21.6,22.439,21.022,0.0,51.8,61.3,65.4,13.67,178.47,269.77,-91.3,111.08,340.07,431.37,,SSE,,17.42,101285.12,101197.92,
021HI,2024-01-15T19:00:00Z,98210.0,21.361,77.46,2.788,158.8,4.445,398.94,20.756,21.578,22.439,21.022,0.0,51.8,61.3,65.4,13.67,193.41,284.48,-91.07,114.47,340.43,431.5,,SSE,,17.24,101295.43,101208.0,
021HI,2024-01-15T19:05:00Z,98210.0,21.35,77.66,2.881,175.1,5.0,418.3,20.778,21.589,22.428,21.011,0.0,51.8,61.3,65.4,13.67,208.91,299.66,-90.75,118.64,340.99,431.74,,S,,17.27,101295.43,101208.11,
021HI,2024-01-15T19:10:00Z,98220.0,21.5,78.76,2.49,167.6,4.167,436.32,20.8,21.572,22.428,21.011,0.0,51.8,61.3,65.4,13.66,220.67,313.56,-92.89,122.76,341.7,434.59,,SSE,,17.64,101305.75,101216.86,
021HI,2024-01-15T19:15:00Z,98210.0,21.55,79.18,2.829,169.1,4.666,454.12,20.822,21.561,22.439,21.011,0.0,51.8,61.3,65.4,13.65,234.66,328.13,-93.46,125.99,341.94,435.4,,S,,17.77,101295.43,101206.04,
021HI,2024-01-15T19:20:00Z,98210.0,21.522,80.6,3.395,159.6,5.607,483.65,20.85,21.578,22.428,20.989,0.0,51.8,61.3,65.4,13.65,258.66,351.12,-92.45,132.53,343.82,436.27,,SSE,,18.03,101295.43,101206.32,
021HI,2024-01-15T19:25:00Z,98190.0,21.472,81.4,3.287,162.7,5.607,410.59,20.878,21.539,22.428,20.978,0.0,51.8,61.3,65.4,13.59,211.23,301.53,-90.29,109.06,344.11,434.4,,SSE,,18.14,101274.8,101186.23,
021HI,2024-01-15T19:30:00Z,98200.0,21.339,81.2,3.529,157.3,5.222,373.42,20.911,21.55,22.439,20.989,0.0,51.8,61.3,65.4,15.99,194.11,275.94,-81.83,97.47,348.84,430.67,,SSE,,17.97,101285.12,101197.91,
021HI,2024-01-15T19:35:00Z,98190.0,21.511,82.2,3.37,164.5,5.33,606.87,20.944,21.561,22.461,20.95,0.0,51.8,61.3,65.4,13.65,364.69,445.01,-80.33,161.85,361.42,441.75,,SSE,,18.33,101274.8,101185.82,
021HI,2024-01-15T19:40:00Z,98180.0,21.689,81.2,4.167,149.8,6.497,526.07,20.956,21.528,22.439,21.0,0.0,51.8,61.3,65.4,13.64,302.2,386.65,-84.45,139.42,354.27,438.72,,SSE,,18.31,101264.49,101173.69,
021HI,2024-01-15T19:45:00Z,98180.0,21.55,82.4,3.076,157.7,6.832,297.6,20.978,21.522,22.439,20.978,0.0,51.8,61.3,65.4,13.65,151.46,225.89,-74.43,71.71,357.63,432.06,,SSE,,18.41,101264.49,101175.11,
021HI,2024-01-15T19:50:00Z,98180.0,21.878,81.4,3.436,152.6,6.384,548.78,21.011,21.511,22.439,20.978,0.0,51.8,61.3,65.4,13.65,335.0,408.04,-73.05,140.74,368.0,441.05,,SSE,,18.53,101264.49,101171.74,
021HI,2024-01-15T19:55:00Z,98170.0,21.689,81.5,3.673,155.9,6.719,346.72,21.028,21.522,22.428,20.978,0.0,51.8,61.3,65.4,13.65,194.65,264.01,-69.37,82.7,364.6,433.96,,SSE,,18.37,101254.17,101163.38,
021HI,2024-01-15T20:00:00Z,98160.0,21.789,81.2,3.956,163.0,6.775,644.14,21.056,21.5,22.45,20.978,0.0,51.8,61.3,65.4,13.65,403.2,478.84,-75.65,165.3,366.53,442.17,,SSE,,18.41,101243.86,101152.05,
021HI,2024-01-15T20:05:00Z,98160.0,21.961,80.8,4.049,156.5,6.605,563.77,21.072,21.5,22.439,20.989,0.0,51.8,61.3,65.4,13.64,332.22,420.93,-88.71,142.85,353.32,442.04,,SSE,,18.5,101243.86,101150.28,
021HI,2024-01-15T20:10:00Z,98150.0,22.172,80.0,4.002,154.0,7.609,688.61,21.089,21.539,22.45,21.0,0.0,51.8,61.3,65.4,13.64,415.63,511.99,-96.36,176.62,350.34,446.69,,SSE,,18.54,101233.55,101137.81,
021HI,2024-01-15T20:15:00Z,98150.0,22.161,80.4,4.429,152.5,7.218,684.84,21.111,21.511,22.422,21.0,0.0,51.8,61.3,65.4,13.64,412.68,511.43,-98.75,173.41,347.93,446.69,,SSE,,18.61,101233.55,101137.92,
021HI,2024-01-15T20:20:00Z,98140.0,22.022,80.0,4.085,163.9,6.662,313.79,21.144,21.528,22.428,21.0,0.0,51.8,61.3,65.4,13.64,157.2,241.24,-84.05,72.55,351.62,435.67,,SSE,,18.4,101223.23,101129.05,
021HI,2024-01-15T20:25:00Z,98130.0,21.622,81.3,3.766,172.2,6.22,394.24,21.194,21.489,22.439,20.989,0.0,51.8,61.3,65.4,13.64,224.62,300.75,-76.13,93.5,357.66,433.78,,S,,18.26,101212.92,101122.85,
021HI,2024-01-15T20:30:00Z,98120.0,21.889,81.1,4.193,163.0,7.218,599.41,21.222,21.472,22.428,21.022,0.0,51.8,61.3,65.4,13.64,361.08,451.4,-90.32,148.01,352.38,442.69,,SSE,,18.49,101202.6,101109.8,
021HI,2024-01-15T20:35:00Z,98120.0,22.122,79.83,4.059,154.5,6.333,600.9,21.233,21.5,22.439,21.028,0.0,51.8,61.3,65.4,13.63,360.54,453.13,-92.6,147.77,351.92,444.52,,SSE,,18.46,101202.6,101107.41,
021HI,2024-01-15T20:40:00Z,98100.0,22.511,78.65,4.08,153.0,5.829,759.3,21.25,21.5,22.428,21.022,0.0,51.8,61.3,65.4,13.63,468.62,569.99,-101.38,189.31,349.75,451.13,,SSE,,18.6,101181.98,101082.82,
021HI,2024-01-15T20:45:00Z,98090.0,22.839,77.58,4.08,151.5,5.777,770.32,21.261,21.511,22.45,21.028,0.0,51.8,61.3,65.4,13.63,478.35,580.52,-102.17,189.8,351.13,453.3,,SSE,,18.7,101171.66,101069.17,
021HI,2024-01-15T20:50:00Z,98090.0,22.928,77.2,3.946,157.1,6.662,758.33,21.283,21.478,22.461,21.039,0.0,51.8,61.3,65.4,13.63,470.67,574.43,-103.76,183.91,350.2,453.96,,SSE,,18.71,101171.66,101068.26,
021HI,2024-01-15T20:55:00Z,98090.0,22.878,78.27,4.301,144.4,7.11,765.47,21.317,21.478,22.45,21.039,0.0,51.8,61.3,65.4,13.62,475.97,580.33,-104.36,185.14,350.65,455.01,,SE,,18.88,101171.66,101068.77,
021HI,2024-01-15T21:00:00Z,98090.0,22.7,79.97,3.467,149.2,5.386,762.07,21.361,21.539,22.428,21.039,0.0,51.8,61.3,65.4,13.62,474.81,580.49,-105.68,181.58,350.0,455.68,,SSE,,19.05,101171.66,101070.58,
021HI,2024-01-15T21:05:00Z,98070.0,22.989,78.77,3.74,143.1,5.777,779.0,21.406,21.5,22.439,21.072,0.0,51.8,61.3,65.4,13.62,487.65,594.07,-106.42,184.93,351.42,457.85,,SE,,19.09,101151.03,101047.03,
021HI,2024-01-15T21:10:00Z,98060.0,22.95,79.03,3.951,141.0,7.218,782.73,21.444,21.511,22.439,21.078,0.0,51.8,61.3,65.4,13.62,492.95,597.92,-104.98,184.81,351.33,456.3,,SE,,19.1,101140.72,101037.12,
021HI,2024-01-15T21:15:00Z,98050.0,22.772,79.36,4.645,138.1,7.218,758.81,21.489,21.478,22.428,21.078,0.0,51.7,61.3,65.4,13.6,476.88,580.91,-104.03,177.9,351.1,455.13,,SE,,19.0,101130.4,101028.63,
021HI,2024-01-15T21:20:00Z,98050.0,22.689,80.3,3.447,132.5,5.942,787.56,21.533,21.489,22.45,21.1,0.0,51.7,61.3,65.4,13.6,497.39,603.04,-105.65,184.52,351.36,457.01,,SE,,19.11,101130.4,101029.48,
021HI,2024-01-15T21:25:00Z,98030.0,23.0,81.2,3.843,134.7,7.053,806.25,21.567,21.478,22.422,21.122,0.0,51.7,61.3,65.4,13.6,511.27,617.64,-106.37,188.61,352.82,459.18,,SE,,19.59,101109.78,101005.69,
021HI,2024-01-15T21:30:00Z,98030.0,22.822,81.6,4.182,139.9,5.998,808.9,21.606,21.472,22.45,21.122,0.0,51.7,61.3,65.4,13.61,515.16,620.79,-105.63,188.11,352.63,458.26,,SE,,19.5,101109.78,101007.5,
021HI,2024-01-15T21:35:00Z,98020.0,22.672,81.3,4.254,140.8,6.554,804.05,21.644,21.511,22.439,21.128,0.0,51.7,61.3,65.4,13.61,512.61,617.35,-104.74,186.7,351.65,456.39,,SE,,19.29,101099.46,100998.73,
021HI,2024-01-15T21:40:00Z,98010.0,22.572,81.6,4.013,132.0,6.719,822.85,21.683,21.489,22.422,21.139,0.0,51.7,61.3,65.4,13.61,525.66,632.03,-106.37,190.82,351.88,458.24,,SE,,19.25,101089.15,100989.45,
021HI,2024-01-15T21:45:00Z,98000.0,22.6,81.7,4.465,114.7,6.832,826.37,21.722,21.5,22.439,21.161,0.0,51.7,61.3,65.4,13.61,528.93,635.38,-106.46,190.99,351.73,458.19,,ESE,,19.3,101078.83,100978.86,
021HI,2024-01-15T21:50:00Z,97970.0,22.5,81.5,4.429,132.3,6.888,831.73,21.761,21.5,22.439,21.172,0.0,51.7,61.3,65.4,13.61,534.5,639.47,-104.97,192.26,352.17,457.14,,SE,,19.16,101047.89,100948.97,
021HI,2024-01-15T21:55:00Z,97960.0,22.75,82.2,3.858,122.4,6.163,836.07,21.8,21.478,22.428,21.172,0.0,51.7,61.3,65.4,13.62,535.61,642.84,-107.22,193.24,353.29,460.52,,ESE,,19.54,101037.58,100936.11,
021HI,2024-01-15T22:00:00Z,97960.0,22.961,81.7,3.39,126.9,5.607,839.54,21.833,21.511,22.439,21.2,0.0,51.7,61.3,65.4,13.6,537.86,646.06,-108.2,193.48,354.91,463.1,,SE,,19.65,101037.58,100933.96,
021HI,2024-01-15T22:05:00Z,97950.0,22.889,80.9,4.054,134.5,6.996,,21.872,21.489,22.439,21.222,0.0,51.7,61.3,65.4,13.6,542.43,649.19,-106.75,193.41,354.33,461.08,,SE,,19.42,101027.26,100924.39,
021HI,2024-01-15T22:10:00Z,97940.0,22.7,81.7,4.177,123.5,6.605,844.58,21.917,21.5,22.439,21.239,0.0,51.7,61.3,65.4,13.6,545.15,651.05,-105.9,193.53,353.77,459.68,,ESE,,19.4,101016.95,100916.01,
021HI,2024-01-15T22:15:00Z,97930.0,22.839,82.5,3.894,111.8,6.106,847.89,21.956,21.5,22.422,21.239,0.0,51.7,61.3,65.4,13.6,546.59,653.41,-106.82,194.48,354.72,461.53,,ESE,,19.69,101006.63,100904.29,
021HI,2024-01-15T22:20:00Z,97920.0,22.789,82.3,4.357,114.1,6.605,848.76,21.994,21.528,22.422,21.272,0.0,51.7,61.2,65.4,13.6,548.02,654.45,-106.43,194.31,354.63,461.06,,ESE,,19.6,100996.32,100894.5,
021HI,2024-01-15T22:25:00Z,97910.0,22.928,81.7,3.503,109.1,6.384,849.92,22.033,21.5,22.439,21.261,0.0,51.6,61.2,65.4,13.6,547.18,655.36,-108.18,194.56,355.19,463.37,,ESE,,19.62,100986.01,100882.78,
021HI,2024-01-15T22:30:00Z,97890.0,22.9,80.7,4.131,108.9,5.829,849.7,22.067,21.522,22.428,21.289,0.0,51.6,61.2,65.4,13.6,548.93,655.77,-106.84,193.93,355.59,462.43,,ESE,,19.39,100965.38,100862.46,
021HI,2024-01-15T22:35:00Z,97890.0,23.072,80.9,3.539,113.3,5.942,851.61,22.111,21.522,22.428,21.328,0.0,51.6,61.2,65.4,13.61,549.57,656.97,-107.4,194.63,356.25,463.65,,ESE,,19.6,100965.38,100860.71,
021HI,2024-01-15T22:40:00Z,97870.0,23.2,81.6,3.436,116.9,5.222,851.41,22.144,21.528,22.428,21.322,0.0,51.6,61.2,65.4,13.61,548.78,656.68,-107.89,194.73,357.58,465.48,,ESE,,19.87,100944.75,100838.8,
021HI,2024-01-15T22:45:00Z,97860.0,23.189,80.8,3.653,125.4,5.942,851.87,22.183,21.522,22.428,21.378,0.0,51.6,61.2,65.4,13.61,550.94,657.54,-106.59,194.33,358.29,464.88,,SE,,19.69,100934.44,100828.61,
021HI,2024-01-15T22:50:00Z,97850.0,23.3,79.87,4.455,123.2,6.333,850.13,22.222,21.539,22.428,21.361,0.0,51.6,61.2,65.4,13.6,551.14,656.09,-104.94,194.05,357.5,462.45,,ESE,,19.62,100924.12,100817.18,
021HI,2024-01-15T22:55:00Z,97830.0,23.25,80.8,3.637,116.1,5.777,847.59,22.267,21.511,22.439,21.4,0.0,51.6,61.2,65.4,13.61,547.6,654.24,-106.65,193.35,357.5,464.15,,ESE,,19.75,100903.49,100797.08,
021HI,2024-01-15T23:00:00Z,97830.0,23.222,81.1,3.658,111.2,5.885,843.39,22.306,21.55,22.45,21.428,0.0,51.6,61.2,65.4,13.61,544.88,651.38,-106.49,192.02,357.32,463.82,,ESE,,19.79,100903.49,100797.36,
021HI,2024-01-15T23:05:00Z,97810.0,23.111,81.3,3.617,112.4,5.829,839.63,22.339,21.55,22.428,21.439,0.0,51.6,61.2,65.4,13.61,542.59,648.55,-105.95,191.08,357.57,463.52,,ESE,,19.72,100882.86,100777.88,
021HI,2024-01-15T23:10:00Z,97810.0,23.339,80.4,3.838,109.3,6.719,836.59,22.378,21.55,22.439,21.45,0.0,51.6,61.2,65.4,13.61,539.44,645.85,-106.42,190.73,357.44,463.86,,ESE,,19.76,100882.86,100775.57,
021HI,2024-01-15T23:15:00Z,97800.0,23.122,80.8,4.069,109.1,6.554,831.76,22.411,21.539,22.439,21.489,0.0,51.6,61.2,65.4,13.61,537.56,642.83,-105.27,188.93,357.5,462.77,,ESE,,19.63,100872.55,100767.47,
021HI,2024-01-15T23:20:00Z,97790.0,23.372,80.3,3.4,123.5,5.885,828.43,22.456,21.589,22.428,21.5,0.0,51.6,61.2,65.4,13.61,532.74,639.23,-106.49,,358.5,464.99,,ESE,,19.77,100862.24,100754.63,
021HI,2024-01-15T23:25:00Z,97780.0,23.45,80.1,3.493,118.4,6.333,822.54,22.483,21.578,22.45,21.522,0.0,51.6,61.2,65.4,13.61,529.46,635.45,-105.99,187.09,358.49,464.48,,ESE,,19.81,100851.92,100743.54,
021HI,2024-01-15T23:30:00Z,97760.0,23.778,78.47,3.349,123.8,5.108,817.55,22.517,21.578,22.45,21.539,0.0,51.5,61.2,65.4,13.61,524.27,631.42,-107.15,186.14,358.91,466.05,,SE,,19.8,100831.29,100719.62,
021HI,2024-01-15T23:35:00Z,97760.0,23.511,79.18,3.93,106.9,5.499,811.51,22.55,21.6,22.428,21.578,0.0,51.5,61.2,65.4,13.59,522.73,627.72,-104.99,183.79,357.71,462.69,,ESE,,19.68,100831.29,100722.32,
021HI,2024-01-15T23:40:00Z,97750.0,23.439,78.97,4.013,118.1,6.497,805.44,22.583,21.589,22.439,21.572,0.0,51.5,61.2,65.4,13.59,518.43,622.9,-104.47,182.54,357.84,462.31,,ESE,,19.57,100820.98,100712.75,
021HI,2024-01-15T23:45:00Z,97740.0,23.7,79.55,3.241,130.7,5.443,799.15,22.622,21.589,22.422,21.622,0.0,51.5,61.2,65.4,13.59,511.45,617.61,-106.15,181.54,358.21,464.36,,SE,,19.94,100810.67,100699.8,
021HI,2024-01-15T23:50:00Z,97740.0,23.622,79.19,3.869,116.9,6.554,790.8,22.656,21.628,22.422,21.628,0.0,51.5,61.2,65.4,13.59,505.98,612.05,-106.08,178.75,356.87,462.95,,ESE,,19.79,100810.67,100700.59,
021HI,2024-01-15T23:55:00Z,97740.0,23.4,80.6,3.941,126.4,7.166,782.76,22.689,21.611,22.428,21.661,0.0,51.5,61.2,65.4,13.59,501.5,606.09,-104.59,176.67,357.58,462.17,,SE,,19.86,100810.67,100702.83,
021HI,2024-01-16T00:00:00Z,97730.0,23.328,80.4,4.157,110.7,7.053,775.87,22.728,21.628,22.439,21.672,0.0,51.5,61.2,65.4,13.59,497.87,600.83,-102.96,175.04,356.6,459.56,,ESE,,19.75,100800.35,100693.26,
021HI,2024-01-16T00:05:00Z,97720.0,23.2,81.3,4.29,116.3,6.94,766.96,22.761,21.639,22.428,21.678,0.0,51.5,61.2,65.4,13.59,491.18,594.06,-102.89,172.89,356.38,459.26,,ESE,,19.81,100790.04,100684.25,
021HI,2024-01-16T00:10:00Z,97730.0,23.178,82.1,3.462,114.7,6.22,759.41,22.789,21.639,22.45,21.722,0.0,51.5,61.2,65.4,13.59,485.4,588.29,-102.89,171.12,356.83,459.72,,ESE,,19.94,100800.35,100694.77,
021HI,2024-01-16T00:15:00Z,97730.0,23.3,81.7,3.498,111.6,5.942,751.31,22.817,21.672,22.428,21.789,0.0,51.5,61.2,65.4,13.59,478.01,582.29,-104.28,169.02,357.16,461.43,,ESE,,19.98,100800.35,100693.54,
021HI,2024-01-16T00:20:00Z,97720.0,23.072,82.2,4.26,113.1,6.662,738.73,22.844,21.661,22.411,21.772,0.0,51.5,61.2,65.4,13.6,472.59,573.63,-101.04,165.1,356.6,457.64,,ESE,,19.86,100790.04,100685.54,
021HI,2024-01-16T00:25:00Z,97720.0,22.872,82.1,4.676,117.0,6.832,733.16,22.878,21.661,22.439,21.8,0.0,51.5,61.1,65.4,13.6,469.89,569.37,-99.48,163.79,356.0,455.48,,ESE,,19.64,100790.04,100687.58,
021HI,2024-01-16T00:30:00Z,97730.0,22.778,82.6,4.285,119.1,6.22,722.13,22.9,21.689,22.439,21.8,0.0,51.5,61.1,65.4,13.6,462.22,561.08,-98.86,161.04,356.04,454.9,,ESE,,19.65,100800.35,100698.84,
021HI,2024-01-16T00:35:00Z,97730.0,22.861,81.6,4.326,115.9,6.94,710.48,22.922,21.678,22.428,21.811,0.0,51.4,61.1,65.4,13.59,454.26,552.4,-98.14,158.08,355.93,454.07,,ESE,,19.53,100800.35,100698.0,
021HI,2024-01-16T00:40:00Z,97730.0,23.05,81.1,3.786,119.9,5.607,699.15,22.933,21.678,22.411,21.861,0.0,51.4,61.1,65.4,13.6,445.4,543.93,-98.52,155.22,356.61,455.13,,ESE,,19.62,100800.35,100696.08,
021HI,2024-01-16T00:45:00Z,97730.0,23.011,81.8,4.085,114.4,6.497,687.11,22.944,21.711,22.439,21.872,0.0,51.4,61.1,65.4,13.6,438.09,535.72,-97.64,151.38,356.55,454.19,,ESE,,19.72,100800.35,100696.47,
021HI,2024-01-16T00:50:00Z,97720.0,23.061,82.1,3.704,110.3,6.22,672.9,22.956,21.761,22.439,21.878,0.0,51.4,61.1,65.4,13.6,428.26,525.36,-97.1,147.54,356.93,454.03,,ESE,,19.83,100790.04,100685.66,
021HI,2024-01-16T00:55:00Z,97720.0,23.139,82.0,3.93,118.7,5.885,659.3,22.972,21.711,22.45,21.922,0.0,51.4,61.1,65.4,13.6,419.27,515.87,-96.6,143.43,356.95,453.55,,ESE,,19.88,100790.04,100684.87,
021HI,2024-01-16T01:00:00Z,97720.0,23.061,82.9,3.781,116.2,6.106,645.45,22.983,21.728,22.439,21.922,0.0,51.4,61.1,65.4,13.6,410.64,506.34,-95.7,139.11,357.49,453.19,,ESE,,19.99,100790.04,100685.65,
021HI,2024-01-16T01:05:00Z,97720.0,23.039,82.7,3.447,108.6,5.443,633.98,23.0,21.728,22.45,21.939,0.0,51.4,61.1,65.4,13.6,404.35,498.8,-94.44,135.18,358.02,452.46,,ESE,,19.92,100790.04,100685.88,
021HI,2024-01-16T01:10:00Z,97730.0,23.022,83.4,3.467,116.5,5.721,615.65,23.017,21.772,22.422,21.989,0.0,51.4,61.1,65.4,13.6,392.67,486.25,-93.58,129.4,357.92,451.5,,ESE,,20.04,100800.35,100696.35,
021HI,2024-01-16T01:15:00Z,97730.0,22.978,83.3,3.57,118.4,5.386,609.39,23.033,21.761,22.439,22.028,0.0,51.4,61.1,65.3,13.6,391.24,482.95,-91.7,126.44,358.31,450.02,,ESE,,19.98,100800.35,100696.8,
021HI,2024-01-16T01:20:00Z,97730.0,23.078,83.5,3.354,128.3,5.777,631.76,23.044,21.789,22.411,22.028,0.0,51.4,61.1,65.3,13.6,414.81,501.56,-86.75,130.2,364.78,451.53,,SE,,20.12,100800.35,100695.78,
021HI,2024-01-16T01:25:00Z,97730.0,23.161,82.1,3.097,120.7,5.499,585.19,23.05,21.789,22.439,22.072,0.0,51.4,61.1,65.3,13.6,379.19,467.77,-88.59,117.41,360.81,449.39,,ESE,,19.93,100800.35,100694.94,
021HI,2024-01-16T01:30:00Z,97740.0,23.178,82.0,2.891,118.6,5.222,558.07,23.05,21.789,22.461,22.061,0.0,51.4,61.1,65.3,13.6,359.68,448.59,-88.91,109.48,359.5,448.42,,ESE,,19.92,100810.67,100705.08,
021HI,2024-01-16T01:35:00Z,97740.0,23.272,83.3,2.706,106.8,4.717,431.8,23.05,21.822,22.45,22.078,0.0,51.4,61.1,65.3,13.6,263.7,349.86,-86.16,81.94,359.91,446.07,,ESE,,20.27,100810.67,100704.12,
021HI,2024-01-16T01:40:00Z,97750.0,22.978,84.2,2.5,120.0,3.833,456.58,23.056,21.822,22.461,22.089,0.0,51.4,61.1,65.3,13.58,284.59,369.68,-85.09,86.89,360.1,445.19,,ESE,,20.16,100820.98,100717.4,
021HI,2024-01-16T01:45:00Z,97750.0,22.839,85.5,1.965,101.1,3.442,351.22,23.05,21.811,22.45,22.128,0.0,51.4,61.1,65.3,13.6,202.45,284.5,-82.05,66.72,358.7,440.75,,E,,20.27,100820.98,100718.81,
021HI,2024-01-16T01:50:00Z,97750.0,23.0,85.1,2.763,112.0,4.717,521.15,23.044,21.839,22.439,22.139,0.0,51.4,61.1,65.3,13.6,332.67,417.68,-85.01,103.48,361.48,446.48,,ESE,,20.35,100820.98,100717.17,
021HI,2024-01-16T01:55:00Z,97750.0,22.678,85.5,2.15,109.0,3.776,171.12,23.039,21.85,22.422,22.111,0.0,51.4,61.1,65.3,13.65,65.23,143.05,-77.82,28.07,358.33,436.15,,ESE,,20.11,100820.98,100720.45,
021HI,2024-01-16T02:00:00Z,97760.0,22.75,85.8,1.394,88.1,3.112,407.91,23.039,21.872,22.428,22.178,0.0,51.4,61.1,65.3,13.59,242.69,325.55,-82.86,82.36,358.84,441.7,,E,,20.24,100831.29,100730.02,
021HI,2024-01-16T02:05:00Z,97760.0,23.072,85.6,1.759,83.1,3.112,430.29,23.022,21.861,22.428,22.172,0.0,51.4,61.1,65.3,13.6,255.24,341.61,-86.36,88.69,359.45,445.81,,E,,20.52,100831.29,100726.74,
021HI,2024-01-16T02:10:00Z,97770.0,22.972,84.6,1.914,121.3,3.889,252.88,23.022,21.878,22.439,22.189,0.0,51.4,61.1,65.3,13.6,125.2,206.84,-81.64,46.04,357.7,439.34,,ESE,,20.23,100841.61,100738.07,
021HI,2024-01-16T02:15:00Z,97770.0,22.861,85.8,1.785,90.0,3.22,340.75,23.033,21.839,22.422,22.189,0.0,51.4,61.1,65.3,13.6,190.21,271.73,-81.52,69.01,357.95,439.47,,E,,20.35,100841.61,100739.19,
021HI,2024-01-16T02:20:00Z,97780.0,22.922,86.1,1.729,91.1,3.997,297.07,23.033,21.911,22.428,22.222,0.0,51.4,61.1,65.3,13.58,155.82,236.35,-80.53,60.72,359.76,440.29,,E,,20.46,100851.92,100748.87,
021HI,2024-01-16T02:25:00Z,97790.0,22.611,87.0,1.286,91.7,2.33,84.61,23.044,21.922,22.422,22.239,0.0,51.4,61.1,65.3,13.41,1.05,73.89,-72.84,10.72,358.03,430.86,,E,,20.33,100862.24,100762.34,
021HI,2024-01-16T02:30:00Z,97790.0,22.328,87.4,1.271,87.6,2.387,67.33,23.044,21.911,22.45,22.228,0.0,51.3,61.1,65.3,13.35,-11.35,59.42,-70.77,7.91,356.44,427.2,,E,,20.12,100862.24,100765.23,
021HI,2024-01-16T02:35:00Z,97800.0,22.211,87.9,0.828,96.3,1.554,55.05,23.028,21.889,22.428,22.25,0.0,51.3,61.1,65.3,13.31,-20.47,48.54,-69.01,6.51,356.14,425.15,,E,,20.1,100872.55,100776.72,
021HI,2024-01-16T02:40:00Z,97800.0,22.139,87.9,0.952,88.0,2.109,50.69,23.0,21.928,22.428,22.261,0.0,51.3,61.1,65.3,13.28,-24.18,44.41,-68.59,6.28,355.25,423.83,,E,,20.03,100872.55,100777.46,
021HI,2024-01-16T02:45:00Z,97800.0,22.061,88.3,0.561,91.9,1.554,58.06,22.967,21.928,22.422,22.289,0.0,51.4,61.1,65.3,13.3,-18.09,49.51,-67.6,8.55,355.5,423.1,,E,,20.03,100872.55,100778.26,
021HI,2024-01-16T02:50:00Z,97800.0,21.972,88.7,0.283,53.41,1.831,68.46,22.933,21.911,22.411,22.25,0.0,51.3,61.1,65.3,13.27,-7.85,56.57,-64.42,11.89,358.81,423.23,,NE,,20.01,100872.55,100779.17,
021HI,2024-01-16T02:55:00Z,97810.0,21.922,89.0,0.005,95.5,0.278,89.47,22.933,21.961,22.422,22.25,0.0,51.3,61.1,65.3,13.17,15.79,71.43,-55.64,18.04,370.26,425.9,,E,,20.02,100882.86,100789.98,
021HI,2024-01-16T03:00:00Z,97810.0,21.972,89.0,0.067,82.6,0.499,94.3,22.894,21.95,22.389,22.261,0.0,51.3,61.1,65.3,13.28,22.68,74.99,-52.31,19.31,377.78,430.09,,E,,20.07,100882.86,100789.47,
021HI,2024-01-16T03:05:00Z,97810.0,22.028,88.3,0.0,,0.0,60.93,22.833,21.978,22.428,22.289,0.0,51.3,61.1,65.3,13.26,-14.33,50.18,-64.5,10.75,361.75,426.26,,,,19.99,100882.86,100788.9,
021HI,2024-01-16T03:10:00Z,97810.0,22.061,88.2,0.093,225.7,0.777,46.11,22.822,21.978,22.439,22.289,0.0,51.3,61.1,65.3,13.24,-28.08,39.3,-67.38,6.81,354.37,421.76,,SW,,20.01,100882.86,100788.56,
021HI,2024-01-16T03:15:00Z,97810.0,21.9,88.9,0.134,170.8,0.89,43.93,22.811,21.961,22.439,22.3,0.0,51.3,61.1,65.3,13.18,-28.82,38.36,-67.18,5.56,351.84,419.02,,S,,19.98,100882.86,100790.21,
021HI,2024-01-16T03:20:00Z,97820.0,21.8,89.6,0.535,296.9,0.89,65.48,22.839,22.0,22.428,22.322,0.0,51.3,61.1,65.3,13.1,-6.6,58.13,-64.73,7.36,351.87,416.6,,WNW,,20.01,100893.18,100801.53,
021HI,2024-01-16T03:25:00Z,97810.0,21.728,90.2,0.972,285.2,1.224,100.82,22.822,22.0,22.411,22.328,0.0,51.3,61.1,65.3,13.18,30.32,94.33,-64.02,6.48,350.67,414.69,,WNW,,20.04,100882.86,100791.97,
021HI,2024-01-16T03:30:00Z,97810.0,21.628,90.9,0.859,288.4,1.276,87.42,22.783,22.011,22.428,22.3,0.0,51.4,61.1,65.3,13.2,20.55,83.92,-63.37,3.5,348.9,412.27,,WNW,,20.07,100882.86,100792.99,
021HI,2024-01-16T03:35:00Z,97810.0,21.472,91.0,1.26,291.5,1.888,64.68,22.772,22.0,22.439,22.311,0.0,51.3,61.1,65.3,13.18,-0.1,63.01,-63.11,1.67,347.45,410.55,,WNW,,19.93,100882.86,100794.59,
021HI,2024-01-16T03:40:00Z,97810.0,21.322,91.7,1.168,308.7,1.667,35.78,22.761,22.011,22.428,22.311,0.0,51.3,61.1,65.3,13.12,-28.28,34.79,-63.07,0.99,346.26,409.33,,NW,,19.91,100882.86,100796.13,
021HI,2024-01-16T03:45:00Z,97810.0,21.1,92.1,1.194,297.6,1.61,13.44,22.778,22.028,22.428,22.35,0.0,51.3,61.1,65.3,13.0,-37.18,12.9,-50.09,0.53,357.56,407.65,,WNW,,19.76,100882.86,100798.41,
021HI,2024-01-16T03:50:00Z,97810.0,20.789,93.0,1.43,296.0,2.053,9.78,22.783,22.011,22.428,22.311,0.0,51.3,61.1,65.3,13.03,-52.51,9.37,-61.88,0.41,345.71,407.59,,WNW,,19.61,100882.86,100801.62,
021HI,2024-01-16T03:55:00Z,97810.0,20.589,93.9,1.332,304.4,1.945,6.43,22.717,22.039,22.428,22.322,0.0,51.3,61.1,65.3,13.05,-57.73,5.83,-63.57,0.6,343.58,407.14,,NW,,19.57,100882.86,100803.68,
021HI,2024-01-16T04:00:00Z,97810.0,20.439,94.3,1.178,305.0,1.554,3.69,22.689,22.022,22.411,22.322,0.0,51.3,61.1,65.3,12.97,-58.34,2.9,-61.24,0.79,343.01,404.25,,NW,,19.49,100882.86,100805.23,
021HI,2024-01-16T04:05:00Z,97820.0,20.228,94.4,0.957,291.5,1.446,0.35,22.694,22.039,22.422,22.311,0.0,51.3,61.1,65.3,12.96,-58.82,0.14,-58.96,0.22,343.54,,,WNW,,19.29,100893.18,100817.72,
021HI,2024-01-16T04:10:00Z,97820.0,19.95,94.6,1.075,288.7,1.389,0.0,22.667,22.05,22.439,22.328,0.0,51.3,61.1,65.3,13.0,-59.09,-1.88,-57.21,0.0,343.24,400.46,,WNW,,19.05,100893.18,100820.61,
021HI,2024-01-16T04:15:00Z,97830.0,19.711,95.0,1.214,280.9,1.554,0.0,22.606,22.05,22.428,22.322,0.0,51.3,61.1,65.3,13.03,-59.88,-3.1,-56.78,0.0,342.43,399.21,,W,,18.88,100903.49,100833.4,
021HI,2024-01-16T04:20:00Z,97840.0,19.522,95.5,1.42,276.4,1.723,0.0,22.583,22.061,22.428,22.272,0.0,51.3,61.1,65.3,12.95,-59.4,-3.78,-55.62,0.0,342.08,397.7,,W,,18.78,100913.81,100845.67,
021HI,2024-01-16T04:25:00Z,97840.0,19.272,95.6,1.353,272.8,1.667,0.0,22.589,22.072,22.422,22.328,0.0,51.3,61.0,65.3,12.95,-59.28,-4.19,-55.08,0.0,342.74,397.82,,W,,18.55,100913.81,100848.27,
021HI,2024-01-16T04:30:00Z,97850.0,19.178,96.2,1.446,264.3,1.831,0.0,22.561,22.05,22.428,22.311,0.0,51.3,61.0,65.3,12.94,-58.71,-4.2,-54.51,0.0,342.79,397.3,,W,,18.55,100924.12,100859.56,
021HI,2024-01-16T04:35:00Z,97860.0,19.128,96.4,1.456,266.3,2.109,0.0,22.528,22.072,22.422,22.3,0.0,51.3,61.0,65.3,12.94,-60.14,-4.28,-55.86,0.0,342.79,398.65,,W,,18.54,100934.44,100870.39,
021HI,2024-01-16T04:40:00Z,97860.0,19.2,96.8,1.919,262.9,3.22,0.0,22.5,22.089,22.428,22.322,0.0,51.3,61.0,65.3,12.93,-64.95,-4.41,-60.55,0.02,342.91,403.45,,W,,18.68,100934.44,100869.64,
021HI,2024-01-16T04:45:00Z,97870.0,19.239,96.5,2.006,262.4,2.943,0.0,22.472,22.072,22.439,22.278,0.0,51.3,61.0,65.3,12.93,-67.25,-4.66,-62.59,0.09,342.81,405.39,,W,,18.66,100944.75,100879.54,
021HI,2024-01-16T04:50:00Z,97880.0,19.272,96.6,1.734,267.6,2.829,0.0,22.444,22.089,22.439,22.289,0.0,51.3,61.0,65.3,12.93,-66.66,-4.68,-61.97,0.27,343.16,405.13,,W,,18.71,100955.06,100889.5,
021HI,2024-01-16T04:55:00Z,97880.0,19.25,96.1,1.708,285.6,2.387,0.0,22.428,22.078,22.428,22.278,0.0,51.3,61.0,65.3,12.93,-64.81,-4.85,-59.95,0.02,342.93,402.88,,WNW,,18.61,100955.06,100889.73,
021HI,2024-01-16T05:00:00Z,97890.0,19.222,96.3,1.389,287.6,2.33,0.0,22.411,22.078,22.422,22.272,0.0,51.3,61.0,65.3,12.93,-62.02,-4.69,-57.33,0.0,342.07,399.4,,WNW,,18.61,100965.38,100900.33,
021HI,2024-01-16T05:05:00Z,97910.0,19.05,95.9,1.214,270.8,1.775,0.0,22.4,22.089,22.4,22.3,0.0,51.3,61.0,65.3,12.92,-61.31,-4.74,-56.57,0.0,341.73,398.3,,W,,18.38,100986.01,100922.75,
021HI,2024-01-16T05:10:00Z,97910.0,18.828,96.1,1.636,278.4,2.33,0.0,22.383,22.1,22.422,22.278,0.0,51.3,61.0,65.3,12.92,-61.31,-4.59,-56.73,0.0,342.67,399.39,,W,,18.19,100986.01,100925.07,
021HI,2024-01-16T05:15:00Z,97920.0,18.889,96.8,1.867,298.4,2.886,0.0,22.361,22.111,22.411,22.278,0.0,51.3,61.0,65.3,12.92,-61.6,-4.35,-57.26,0.29,343.21,400.46,,WNW,,18.37,100996.32,100934.74,
021HI,2024-01-16T05:20:00Z,97920.0,19.278,97.0,2.12,301.4,3.442,0.0,22.344,22.111,22.428,22.272,0.0,51.3,61.0,65.3,12.92,-63.95,-4.28,-59.67,1.2,343.54,403.21,,WNW,,18.79,100996.32,100930.67,
021HI,2024-01-16T05:25:00Z,97930.0,19.428,95.7,1.903,297.0,3.277,0.0,22.322,22.122,22.422,22.261,0.0,51.3,61.0,65.3,12.91,-65.84,-4.64,-61.2,0.78,344.04,405.25,,WNW,,18.72,101006.63,100939.41,
021HI,2024-01-16T05:30:00Z,97950.0,19.439,95.3,1.554,294.6,2.778,0.0,22.3,22.1,22.422,22.272,0.0,51.3,61.0,65.3,12.91,-63.34,-4.67,-58.67,0.43,345.81,404.47,,WNW,,18.66,101027.26,100959.91,
021HI,2024-01-16T05:35:00Z,97950.0,19.561,95.2,1.765,300.9,,0.0,22.289,22.111,22.4,22.25,0.0,51.3,61.0,65.3,12.91,-60.81,-4.42,-56.39,0.55,347.57,403.96,,WNW,,18.77,101027.26,100958.64,
021HI,2024-01-16T05:40:00Z,97960.0,19.672,94.7,2.037,301.6,3.39,0.0,22.272,22.1,22.428,22.228,0.0,51.3,61.0,65.3,12.91,-60.35,-4.17,-56.17,0.54,348.97,405.14,,WNW,,18.79,101037.58,100967.79,
021HI,2024-01-16T05:45:00Z,97960.0,19.872,94.2,2.372,311.3,4.11,0.0,22.256,22.122,22.411,22.211,0.0,51.3,61.0,65.3,12.91,-64.6,-4.15,-60.45,0.87,348.71,409.16,,NW,,18.91,101037.58,100965.71,
021HI,2024-01-16T05:50:00Z,97960.0,19.978,93.2,2.192,313.3,3.39,0.0,22.239,22.122,22.411,22.211,0.0,51.3,61.0,65.3,12.94,-64.81,-4.32,-60.49,0.49,348.82,409.31,,NW,,18.84,101037.58,100964.61,
021HI,2024-01-16T05:55:00Z,97970.0,20.039,93.1,2.186,306.3,3.997,0.0,22.194,22.1,22.411,22.222,0.0,51.3,61.0,65.3,12.97,-64.93,-4.3,-60.63,0.7,348.69,409.32,,NW,,18.88,101047.89,100974.29,
021HI,2024-01-16T06:00:00Z,97980.0,20.022,92.7,2.027,305.2,3.719,0.0,22.189,22.15,22.428,22.211,0.0,51.3,61.0,65.3,12.9,-62.63,-4.35,-58.28,0.44,349.32,407.6,,NW,,18.8,101058.21,100984.77,
021HI,2024-01-16T06:05:00Z,97980.0,20.011,92.9,2.156,309.6,3.776,0.0,22.211,22.111,22.411,22.172,0.0,51.3,61.0,65.3,12.9,-62.3,-4.16,-58.14,0.57,350.39,408.53,,NW,,18.82,101058.21,100984.89,
021HI,2024-01-16T06:10:00Z,97990.0,19.989,92.6,2.053,313.3,3.39,0.0,22.2,22.122,22.422,22.189,0.0,51.3,61.0,65.3,12.93,-62.44,-4.25,-58.2,0.28,350.33,408.53,,NW,,18.75,101068.52,100995.42,
021HI,2024-01-16T06:15:00Z,98000.0,19.9,92.2,1.754,307.7,2.778,0.0,22.156,22.111,22.422,22.15,0.0,51.3,61.0,65.3,12.97,-62.32,-4.3,-58.02,0.13,348.89,406.91,,NW,,18.59,101078.83,101006.66,
021HI,2024-01-16T06:20:00Z,98000.0,19.839,91.8,1.929,310.0,3.498,0.0,22.15,22.111,22.428,22.161,0.0,51.3,61.0,65.3,12.89,-59.87,-4.15,-55.72,0.36,349.91,405.63,,NW,,18.46,101078.83,101007.29,
021HI,2024-01-16T06:25:00Z,98000.0,19.85,91.2,1.471,311.8,2.444,0.0,22.172,22.111,22.422,22.139,0.0,51.3,61.0,65.3,12.93,-58.44,-4.1,-54.33,0.45,351.09,405.42,,NW,,18.36,101078.83,101007.18,
021HI,2024-01-16T06:30:00Z,98010.0,19.8,91.0,1.502,311.9,2.444,0.0,22.128,22.1,22.439,22.128,0.0,51.3,61.0,65.3,13.0,-59.88,-4.12,-55.76,0.07,348.43,404.19,,NW,,18.28,101089.15,101018.01,
021HI,2024-01-16T06:35:00Z,98010.0,19.75,90.7,1.121,302.3,1.775,0.0,22.089,22.128,22.4,22.111,0.0,51.3,61.0,65.3,12.97,-57.84,-4.18,-53.66,0.21,347.19,400.84,,WNW,,18.18,101089.15,101018.53,
021HI,2024-01-16T06:40:00Z,98020.0,19.539,90.9,0.761,278.6,1.389,0.0,22.117,22.111,22.411,22.122,0.0,51.3,61.0,65.3,12.89,-54.75,-4.19,-50.57,0.0,347.34,397.9,,W,,18.0,101099.46,101031.04,
021HI,2024-01-16T06:45:00Z,98020.0,19.089,91.3,1.152,257.5,1.554,0.0,22.133,22.1,22.428,22.128,0.0,51.3,61.0,65.3,12.92,-53.51,-4.12,-49.38,0.0,347.54,396.92,,WSW,,17.63,101099.46,101035.74,
021HI,2024-01-16T06:50:00Z,98020.0,18.689,92.5,1.121,261.8,1.554,0.0,22.083,22.128,22.411,22.078,0.0,51.3,61.0,65.3,12.95,-52.98,-3.9,-49.09,0.0,346.08,395.16,,W,,17.44,101099.46,101039.93,
021HI,2024-01-16T06:55:00Z,98020.0,18.4,93.4,1.142,270.3,1.554,0.0,22.067,22.111,22.428,22.078,0.0,51.3,61.0,65.3,12.88,-51.91,-3.75,-48.16,0.0,346.19,394.35,,W,,17.31,101099.46,101042.96,
021HI,2024-01-16T07:00:00Z,98030.0,18.261,93.9,1.312,279.5,1.888,0.0,22.083,22.078,22.428,22.061,0.0,51.3,61.0,65.3,12.91,-51.31,-3.7,-47.62,0.0,346.89,394.51,,W,,17.25,101109.78,101054.73,
021HI,2024-01-16T07:05:00Z,98040.0,18.128,94.1,1.23,277.5,,0.0,22.028,22.1,22.422,22.039,0.0,51.3,61.0,65.3,12.94,-52.27,-3.69,-48.58,0.0,346.48,395.06,,W,,17.16,101120.09,101066.44,
021HI,2024-01-16T07:10:00Z,98040.0,18.028,94.1,1.343,280.2,2.608,0.0,22.006,22.1,22.422,22.061,0.0,51.3,61.0,65.3,12.87,-50.22,-3.52,-46.7,0.0,347.05,393.74,,W,,17.06,101120.09,101067.49,
021HI,2024-01-16T07:15:00Z,98040.0,18.35,94.0,1.368,307.7,3.112,0.0,22.017,22.111,22.428,22.05,0.0,51.3,61.0,65.3,12.87,-52.03,-3.37,-48.66,1.01,348.48,397.14,,NW,,17.36,101120.09,101064.1,
021HI,2024-01-16T07:20:00Z,98040.0,18.411,92.5,1.163,285.5,1.775,0.0,21.994,22.1,22.4,22.039,0.0,51.3,61.0,65.3,12.9,-50.9,-3.63,-47.26,0.18,348.67,395.93,,WNW,,17.16,101120.09,101063.46,
021HI,2024-01-16T07:25:00Z,98050.0,18.222,92.5,1.07,274.5,1.497,0.0,21.939,22.1,22.428,22.011,0.0,51.3,61.0,65.3,12.94,-51.02,-3.66,-47.36,0.0,347.36,394.72,,W,,16.98,101130.4,101075.76,
021HI,2024-01-16T07:30:00Z,98050.0,18.028,92.9,1.096,261.6,1.554,0.0,21.922,22.078,22.422,22.011,0.0,51.3,61.0,65.3,12.86,-49.73,-3.58,-46.15,0.0,347.02,393.17,,W,,16.85,101130.4,101077.81,
021HI,2024-01-16T07:35:00Z,98050.0,17.872,93.9,1.389,256.6,1.723,0.0,21.944,22.078,22.4,21.989,0.0,51.3,61.0,65.3,12.9,-48.39,-3.32,-45.07,0.0,348.08,393.15,,WSW,,16.87,101130.4,101079.45,
021HI,2024-01-16T07:40:00Z,98050.0,17.889,94.3,1.528,250.9,2.557,0.0,21.889,22.078,22.411,21.978,0.0,51.3,61.0,65.3,12.93,-50.49,-3.21,-47.28,0.0,347.42,394.71,,WSW,,16.95,101130.4,101079.27,
021HI,2024-01-16T07:45:00Z,98050.0,17.961,94.0,1.615,250.9,2.5,0.0,21.872,22.122,22.422,21.972,0.0,51.3,61.0,65.3,12.86,-52.65,-3.33,-49.32,0.05,347.3,396.63,,WSW,,16.97,101130.4,101078.51,
021HI,2024-01-16T07:50:00Z,98050.0,17.95,93.9,1.703,252.0,2.166,0.0,21.889,22.1,22.4,21.961,0.0,51.3,61.0,65.3,12.85,-52.18,-3.41,-48.77,0.0,348.18,396.95,,WSW,,16.95,101130.4,101078.63,
021HI,2024-01-16T07:55:00Z,98050.0,18.061,93.6,1.734,253.4,2.665,0.0,21.867,22.089,22.4,21.939,0.0,51.3,61.0,65.3,12.89,-53.53,-3.43,-50.1,0.01,348.49,398.59,,WSW,,17.01,101130.4,101077.46,
021HI,2024-01-16T08:00:00Z,98050.0,18.15,93.0,1.826,250.2,2.721,0.0,21.817,22.078,22.422,21.939,0.0,51.3,61.0,65.3,12.92,-55.49,-3.49,-52.0,0.11,347.78,399.78,,WSW,,16.99,101130.4,101076.52,
021HI,2024-01-16T08:05:00Z,98050.0,18.139,92.7,1.672,252.5,2.444,0.0,21.806,22.072,22.4,21.922,0.0,51.3,61.0,65.3,12.85,-55.16,-3.64,-51.51,0.02,347.65,399.17,,WSW,,16.93,101130.4,101076.64,
021HI,2024-01-16T08:10:00Z,98040.0,18.178,92.8,1.636,249.0,2.33,0.0,21.822,22.072,22.411,21.939,0.0,51.3,61.0,65.3,12.88,-55.3,-3.62,-51.68,0.09,348.34,400.02,,WSW,,16.98,101120.09,101065.92,
021HI,2024-01-16T08:15:00Z,98040.0,18.111,92.8,1.816,254.9,2.444,0.0,21.778,22.072,22.422,21.9,0.0,51.3,61.0,65.3,12.91,-56.12,-3.67,-52.45,0.0,347.06,399.5,,WSW,,16.92,101120.09,101066.62,
021HI,2024-01-16T08:20:00Z,98040.0,18.078,92.8,2.058,256.6,2.829,0.0,21.767,22.061,22.428,21.9,0.0,51.3,61.0,65.3,12.84,-55.34,-3.55,-51.79,0.08,346.7,398.5,,WSW,,16.89,101120.09,101066.97,
021HI,2024-01-16T08:25:00Z,98030.0,18.05,92.8,1.95,255.5,2.721,0.0,21.789,22.05,22.411,21.9,0.0,51.3,61.0,65.3,12.87,-55.9,-3.62,-52.27,0.0,347.03,399.3,,WSW,,16.86,101109.78,101056.96,
021HI,2024-01-16T08:30:00Z,98030.0,18.0,92.7,1.749,249.0,2.778,0.0,21.744,22.022,22.422,21.878,0.0,51.3,61.0,65.3,12.9,-57.12,-3.7,-53.42,0.0,345.85,399.27,,WSW,,16.79,101109.78,101057.48,
021HI,2024-01-16T08:35:00Z,98030.0,17.961,92.8,2.058,252.1,,0.0,21.733,22.061,22.411,21.872,0.0,51.3,61.0,65.3,12.82,-56.49,-3.68,-52.81,0.01,345.89,398.71,,WSW,,16.77,101109.78,101057.9,
021HI,2024-01-16T08:40:00Z,98030.0,17.928,92.6,2.15,257.4,2.886,0.0,21.756,22.039,22.422,21.878,0.0,51.3,61.0,65.3,12.87,-56.56,-3.65,-52.91,0.0,346.17,399.08,,WSW,,16.7,101109.78,101058.24,
021HI,2024-01-16T08:45:00Z,98030.0,17.839,92.9,2.063,258.0,3.056,0.0,21.706,22.05,22.411,21.839,0.0,51.3,61.0,65.3,12.9,-57.0,-3.67,-53.33,0.0,345.24,398.58,,WSW,,16.67,101109.78,101059.18,
021HI,2024-01-16T08:50:00Z,98020.0,17.839,93.0,2.156,255.9,3.112,0.0,21.694,22.022,22.422,21.85,0.0,51.3,61.0,65.3,12.82,-56.63,-3.57,-53.06,0.23,345.03,398.09,,WSW,,16.68,101099.46,101048.87,
021HI,2024-01-16T08:55:00Z,98010.0,17.822,92.8,2.109,255.5,,0.0,21.717,22.05,22.411,21.839,0.0,51.3,61.0,65.3,12.82,-56.79,-3.63,-53.16,0.04,345.58,398.74,,WSW,,16.63,101089.15,101038.74,
021HI,2024-01-16T09:00:00Z,98010.0,17.778,92.8,1.564,247.2,2.557,0.0,21.7,22.011,22.422,21.8,0.0,51.3,61.0,65.3,12.86,-57.13,-3.76,-53.37,0.0,345.22,398.59,,WSW,,16.59,101089.15,101039.21,
021HI,2024-01-16T09:05:00Z,98010.0,17.722,93.3,1.476,252.5,2.279,0.0,21.656,22.011,22.428,21.772,0.0,51.3,61.0,65.3,12.89,-56.86,-3.78,-53.08,0.0,344.27,397.35,,WSW,,16.62,101089.15,101039.8,
021HI,2024-01-16T09:10:00Z,98010.0,17.739,93.4,1.837,259.7,2.665,0.0,21.644,22.011,22.4,21.811,0.0,51.3,61.0,65.3,12.82,-55.25,-3.59,-51.66,0.17,344.49,396.15,,W,,16.65,101089.15,101039.62,
021HI,2024-01-16T09:15:00Z,98010.0,17.75,93.5,2.011,262.3,2.721,0.0,21.667,22.022,22.422,21.8,0.0,51.3,61.0,65.3,12.81,-54.76,-3.49,-51.26,0.32,345.84,397.1,,W,,16.68,101089.15,101039.5,
021HI,2024-01-16T09:20:00Z,98010.0,17.822,93.2,2.058,258.3,3.112,0.0,21.656,22.028,22.4,21.761,0.0,51.3,61.0,65.3,12.84,-54.86,-3.44,-51.42,0.24,347.2,398.62,,WSW,,16.7,101089.15,101038.74,
021HI,2024-01-16T09:25:00Z,98010.0,17.85,92.6,1.96,252.2,,0.0,21.606,22.028,22.428,21.761,0.0,51.3,61.0,65.3,12.88,-55.42,-3.46,-51.95,0.0,346.91,398.86,,WSW,,16.63,101089.15,101038.45,
021HI,2024-01-16T09:30:00Z,98010.0,17.8,92.8,2.032,259.6,2.829,0.0,21.594,22.011,22.411,21.739,0.0,51.3,61.0,65.3,12.81,-53.18,-3.45,-49.72,0.0,347.71,397.43,,W,,16.61,101089.15,101038.98,
021HI,2024-01-16T09:35:00Z,98010.0,17.789,92.9,2.037,257.3,2.943,0.0,21.617,21.989,22.428,21.722,0.0,51.3,61.0,65.3,12.8,-52.99,-3.36,-49.63,0.01,348.88,398.5,,WSW,,16.62,101089.15,101039.09,
021HI,2024-01-16T09:40:00Z,98000.0,17.761,92.9,1.981,256.2,3.164,0.0,21.6,22.0,22.4,21.739,0.0,51.3,61.0,65.3,12.84,-53.18,-3.39,-49.79,0.0,349.02,398.81,,WSW,,16.59,101078.83,101029.08,
021HI,2024-01-16T09:45:00Z,98000.0,17.739,92.9,2.083,256.9,2.886,0.0,21.556,21.989,22.4,21.722,0.0,51.3,61.0,65.3,12.87,-54.09,-3.41,-50.68,0.0,347.93,398.61,,WSW,,16.57,101078.83,101029.31,
021HI,2024-01-16T09:50:00Z,98000.0,17.678,93.0,2.027,256.5,2.943,0.0,21.55,21.978,22.428,21.728,0.0,51.3,61.0,65.3,12.8,-53.67,-3.43,-50.24,0.0,347.39,397.63,,WSW,,16.52,101078.83,101029.96,
021HI,2024-01-16T09:55:00Z,97990.0,17.572,93.2,1.672,256.4,2.608,0.0,21.572,22.011,22.422,21.711,0.0,51.3,61.0,65.3,12.79,-53.86,-3.52,-50.35,0.0,347.29,397.64,,WSW,,16.45,101068.52,101020.77,
