# STATION: 022HI
# STATION NAME: Kanakaleonui
# LATITUDE: 19.8450
# LONGITUDE: -155.3626
# ELEVATION [ft]: 7715.0
# STATE: HI
Station_ID,Date_Time,pressure_set_1,air_temp_set_1,relative_humidity_set_1,wind_speed_set_1,wind_direction_set_1,wind_gust_set_1,solar_radiation_set_1,soil_temp_set_1,soil_temp_set_2,soil_temp_set_3,soil_temp_set_4,precip_accum_five_minute_set_1,soil_moisture_set_1,soil_moisture_set_2,soil_moisture_set_3,volt_set_1,net_radiation_set_1,net_radiation_sw_set_1,net_radiation_lw_set_1,outgoing_radiation_sw_set_1,incoming_radiation_lw_set_1,outgoing_radiation_lw_set_1,wind_chill_set_1d,wind_cardinal_direction_set_1d,heat_index_set_1d,dew_point_temperature_set_1d,altimeter_set_1d,sea_level_pressure_set_1d,wet_bulb_temperature_set_1d
,,Pascals,Celsius,%,m/s,Degrees,m/s,W/m**2,Celsius,Celsius,Celsius,Celsius,Millimeters,%,%,%,volts,W/m**2,W/m**2,W/m**2,W/m**2,W/m**2,W/m**2,Celsius,code,Celsius,Celsius,Pascals,Pascals,Celsius
022HI,2024-01-15T10:05:00Z,76820.0,8.1,42.14,1.518,243.1,2.444,0.0,10.317,11.3,10.7,10.728,0.0,49.6,46.1,15.5,13.04,-70.96,-5.05,-65.91,0.1,258.71,324.62,,WSW,,-4.11,102319.07,101447.17,
022HI,2024-01-15T10:10:00Z,76820.0,7.739,45.98,1.435,243.2,2.222,0.0,10.328,11.289,10.711,10.722,0.0,49.6,46.1,15.5,13.04,-69.22,-4.98,-64.23,0.41,258.19,322.42,,WSW,,-3.27,102319.07,101482.42,
022HI,2024-01-15T10:15:00Z,76820.0,7.356,48.47,1.559,237.9,2.557,0.0,10.339,11.25,10.678,10.7,0.0,49.6,46.1,15.5,13.04,-69.53,-4.77,-64.76,0.06,257.39,322.15,,WSW,,-2.91,102319.07,101519.96,
022HI,2024-01-15T10:20:00Z,76820.0,6.972,49.46,2.233,264.5,2.721,0.0,10.344,11.228,10.7,10.678,0.0,49.6,46.1,15.5,13.04,-69.92,-4.84,-65.09,0.58,257.07,322.16,,W,,-2.99,102319.07,101557.74,
022HI,2024-01-15T10:25:00Z,76820.0,7.017,47.96,1.759,248.0,2.444,0.0,10.339,11.222,10.65,10.65,0.0,49.6,46.1,15.5,13.03,-70.61,-4.8,-65.81,1.33,256.6,322.41,,WSW,,-3.37,102319.07,101553.33,
022HI,2024-01-15T10:30:00Z,76810.0,7.25,48.66,1.842,253.8,2.665,0.0,10.311,11.189,10.689,10.661,0.0,49.6,46.1,15.5,13.03,-71.54,-4.98,-66.56,1.58,256.51,323.07,,WSW,,-2.96,102305.75,101517.16,
022HI,2024-01-15T10:35:00Z,76810.0,6.594,51.17,2.197,260.0,3.112,0.0,10.289,11.178,10.678,10.639,0.0,49.6,46.1,15.5,13.04,-71.01,-4.71,-66.3,0.18,256.5,322.79,,W,,-2.88,102305.75,101581.8,
022HI,2024-01-15T10:40:00Z,76810.0,6.833,49.7,1.873,253.8,2.943,0.0,10.272,11.161,10.7,10.611,0.0,49.6,46.1,15.5,13.03,-73.22,-5.09,-68.13,1.64,256.24,324.37,,WSW,,-3.05,102305.75,101558.22,
022HI,2024-01-15T10:45:00Z,76810.0,6.761,49.56,1.765,254.2,2.5,0.0,10.244,11.15,10.689,10.578,0.0,49.6,46.1,15.5,13.03,-70.1,-4.86,-65.24,1.27,256.08,321.32,,WSW,,-3.16,102305.75,101565.33,
022HI,2024-01-15T10:50:00Z,76810.0,6.789,49.49,2.037,249.5,3.112,0.0,10.228,11.122,10.678,10.561,0.0,49.6,46.1,15.5,13.03,-71.42,-4.83,-66.6,1.46,256.15,322.75,,WSW,,-3.15,102305.75,101562.57,
022HI,2024-01-15T10:55:00Z,76800.0,7.133,49.08,2.264,248.8,2.943,0.0,10.194,11.1,10.689,10.522,0.0,49.6,46.1,15.5,13.03,-74.22,-4.87,-69.35,2.46,256.55,325.89,5.62,WSW,,-2.95,102292.43,101515.44,
022HI,2024-01-15T11:00:00Z,76800.0,7.306,49.2,2.125,251.8,2.829,0.0,10.15,11.1,10.678,10.522,0.0,49.6,46.1,15.5,13.03,-75.18,-5.02,-70.16,2.08,256.51,326.68,,WSW,,-2.75,102292.43,101498.43,
022HI,2024-01-15T11:05:00Z,76800.0,7.506,47.79,1.898,248.1,2.5,0.0,10.111,11.061,10.689,10.489,0.0,49.6,46.1,15.5,13.03,-74.45,-5.22,-69.23,2.25,256.63,325.86,,WSW,,-2.96,102292.43,101478.81,
022HI,2024-01-15T11:10:00Z,76790.0,6.917,48.87,2.274,244.4,3.719,0.0,10.1,11.05,10.689,10.439,0.0,49.6,46.1,15.5,13.02,-75.01,-4.88,-70.13,0.23,256.14,326.27,5.36,WSW,,-3.2,102279.11,101523.51,
022HI,2024-01-15T11:15:00Z,76780.0,7.011,47.5,2.212,243.0,3.498,0.0,10.089,11.028,10.689,10.45,0.0,49.6,46.1,15.5,13.03,-76.19,-4.83,-71.36,1.35,255.84,327.2,,WSW,,-3.5,102265.8,101501.05,
022HI,2024-01-15T11:20:00Z,76780.0,7.111,47.27,1.965,237.6,2.829,0.0,10.067,11.011,10.672,10.389,0.0,49.6,46.1,15.5,13.02,-75.4,-4.97,-70.43,1.25,255.86,326.29,,WSW,,-3.48,102265.8,101491.2,
022HI,2024-01-15T11:25:00Z,76780.0,7.233,46.53,1.929,243.4,3.056,0.0,10.056,10.989,10.689,10.378,0.0,49.6,46.1,15.5,13.02,-75.4,-4.88,-70.51,1.54,255.8,326.31,,WSW,,-3.58,102265.8,101479.22,
022HI,2024-01-15T11:30:00Z,76780.0,7.467,45.61,1.754,245.9,2.778,0.0,10.044,10.972,10.7,10.35,0.0,49.6,46.1,15.5,13.02,-73.22,-4.93,-68.29,1.97,,324.29,,WSW,,-3.63,102265.8,101456.25,
022HI,2024-01-15T11:35:00Z,76770.0,7.594,45.6,1.641,244.9,2.721,0.0,10.028,10.939,10.678,10.322,0.0,49.6,46.1,15.5,13.01,-71.68,-5.08,-66.6,2.43,256.38,322.98,,WSW,,-3.52,102252.48,101430.58,
022HI,2024-01-15T11:40:00Z,76770.0,6.778,46.24,1.368,233.5,2.829,0.0,10.033,10.928,10.661,10.328,0.0,49.6,46.1,15.5,13.02,-68.31,-4.89,-63.42,0.0,256.02,319.44,,SW,,-4.08,102252.48,101510.82,
022HI,2024-01-15T11:45:00Z,76760.0,6.972,43.81,2.114,238.7,3.22,0.0,10.05,10.928,10.711,10.311,0.0,49.6,46.1,15.5,13.02,-71.16,-4.4,-66.77,1.72,256.18,322.95,,WSW,,-4.62,102239.16,101478.51,
022HI,2024-01-15T11:50:00Z,76760.0,7.433,40.09,2.094,259.1,3.663,0.0,10.028,10.9,10.672,10.278,0.0,49.6,46.1,15.5,13.01,-72.55,,-67.55,2.4,256.43,323.98,,W,,-5.38,102239.16,101433.25,
022HI,2024-01-15T11:55:00Z,76760.0,7.656,39.46,1.821,256.6,2.721,0.0,9.983,10.872,10.672,10.278,0.0,49.6,46.1,15.5,13.01,-71.16,-5.06,-66.1,2.28,257.21,323.32,,WSW,,-5.39,102239.16,101411.4,
022HI,2024-01-15T12:00:00Z,76760.0,7.594,39.18,1.636,238.1,2.721,0.0,9.961,10.861,10.7,10.239,0.0,49.6,46.1,15.5,13.01,-71.05,-4.79,-66.26,1.43,256.49,322.75,,WSW,,-5.54,102239.16,101417.48,
022HI,2024-01-15T12:05:00Z,76760.0,7.383,40.8,1.404,239.7,2.778,0.0,9.95,10.839,10.689,10.222,0.0,49.6,46.1,15.5,13.01,-71.28,-4.98,-66.3,0.49,255.22,321.52,,WSW,,-5.19,102239.16,101438.15,
022HI,2024-01-15T12:10:00Z,76760.0,7.389,39.71,1.79,248.4,2.943,0.0,9.944,10.822,10.689,10.2,0.0,49.6,46.1,15.5,13.01,-71.93,-4.86,-67.08,1.15,255.08,322.15,,WSW,,-5.55,102239.16,101437.58,
022HI,2024-01-15T12:15:00Z,76760.0,7.3,40.43,1.42,256.6,1.945,0.0,9.928,10.822,10.722,10.2,0.0,49.6,46.1,15.5,13.0,-69.92,-5.03,-64.89,1.2,255.93,320.82,,WSW,,-5.39,102239.16,101446.31,
022HI,2024-01-15T12:20:00Z,76750.0,6.672,43.89,2.166,244.0,3.277,0.0,9.922,10.8,10.689,10.15,0.0,49.6,46.1,15.5,13.0,-69.91,-4.62,-65.3,0.11,255.16,320.46,,WSW,,-4.87,102225.84,101494.87,
022HI,2024-01-15T12:25:00Z,76750.0,7.05,42.67,1.97,252.6,2.886,0.0,9.906,10.761,10.711,10.128,0.0,49.6,46.1,15.5,13.01,-73.05,-4.89,-68.16,2.15,254.77,322.92,,WSW,,-4.9,102225.84,101457.63,
022HI,2024-01-15T12:30:00Z,76750.0,7.239,42.91,1.975,247.8,2.829,0.0,9.872,10.75,10.678,10.122,0.0,49.6,46.1,15.5,13.01,-71.7,-5.04,-66.65,1.83,254.96,321.62,,WSW,,-4.65,102225.84,101439.04,
022HI,2024-01-15T12:35:00Z,76740.0,7.033,42.76,2.156,241.9,3.277,0.0,9.844,10.739,10.672,10.111,0.0,49.6,46.1,15.5,13.0,-73.79,-4.77,-69.02,0.85,254.36,323.38,,WSW,,-4.89,102212.52,101446.08,
022HI,2024-01-15T12:40:00Z,76740.0,6.739,44.8,2.099,239.7,3.663,0.0,9.833,10.722,10.661,10.072,0.0,49.6,46.1,15.5,13.0,-74.05,-4.78,-69.27,0.55,253.72,323.0,,WSW,,-4.54,102212.52,101475.02,
022HI,2024-01-15T12:45:00Z,76740.0,6.606,45.15,2.454,244.3,3.334,0.0,9.817,10.711,10.661,10.072,0.0,49.6,46.0,15.5,13.0,-76.59,-4.77,-71.81,1.04,252.96,324.78,4.84,WSW,,-4.55,102212.52,101488.14,
022HI,2024-01-15T12:50:00Z,76740.0,6.689,45.35,2.109,242.1,3.164,0.0,9.794,10.678,10.678,10.039,0.0,49.6,46.0,15.5,12.99,-75.68,-4.96,-70.73,1.11,252.88,323.61,,WSW,,-4.42,102212.52,101479.94,
022HI,2024-01-15T12:55:00Z,76730.0,6.75,46.6,2.274,239.6,3.39,0.0,9.783,10.661,10.639,10.022,0.0,49.6,46.0,15.4,12.99,-76.99,-4.9,-72.09,1.55,253.05,325.14,5.16,WSW,,-4.0,102199.2,101460.68,
022HI,2024-01-15T13:00:00Z,76740.0,7.306,43.77,1.708,242.4,2.829,0.0,9.761,10.639,10.672,9.989,0.0,49.6,46.0,15.4,13.0,-76.68,-5.21,-71.47,2.95,253.58,325.06,,WSW,,-4.33,102212.52,101419.23,
022HI,2024-01-15T13:05:00Z,76740.0,7.067,43.79,2.464,236.6,3.663,0.0,9.728,10.628,10.7,9.972,0.0,49.6,46.0,15.4,13.0,-79.47,-5.04,-74.42,0.95,252.46,326.88,5.38,WSW,,-4.54,102212.52,101442.72,
022HI,2024-01-15T13:10:00Z,76730.0,6.656,44.4,2.094,247.5,3.056,0.0,9.717,10.611,10.678,9.939,0.0,49.6,46.0,15.4,12.99,-77.68,-5.0,-72.68,0.74,252.84,325.53,,WSW,,-4.73,102199.2,101469.99,
022HI,2024-01-15T13:15:00Z,76730.0,7.061,42.62,1.939,263.0,2.665,0.0,9.7,10.589,10.689,9.928,0.0,49.6,46.0,15.4,12.99,-74.65,-5.38,-69.27,2.26,253.5,322.76,,W,,-4.91,102199.2,101430.11,
022HI,2024-01-15T13:20:00Z,76720.0,7.328,40.72,2.865,267.8,4.167,0.0,9.683,10.572,10.689,9.911,0.0,49.6,46.0,15.4,12.99,-76.31,-5.49,-70.83,2.81,254.05,324.88,,W,,-5.27,102185.88,101390.69,
022HI,2024-01-15T13:25:00Z,76720.0,7.956,39.02,2.865,271.4,4.332,0.0,9.644,10.572,10.711,9.861,0.0,49.6,46.0,15.4,12.99,-78.99,-5.59,-73.4,2.65,254.81,328.21,,W,,-5.27,102185.88,101329.22,
022HI,2024-01-15T13:30:00Z,76730.0,8.039,38.69,3.046,263.1,4.774,0.0,9.611,10.539,10.689,9.889,0.0,49.6,46.0,15.4,12.99,-80.71,-5.31,-75.41,1.7,254.49,329.9,,W,,-5.31,102199.2,101334.33,
022HI,2024-01-15T13:35:00Z,76730.0,7.533,40.37,2.006,248.5,3.334,0.0,9.583,10.522,10.689,9.878,0.0,49.6,46.0,15.4,12.98,-79.31,-5.34,-73.97,0.0,253.93,327.9,,WSW,,-5.2,102199.2,101383.8,
022HI,2024-01-15T13:40:00Z,76730.0,7.261,41.11,3.226,270.7,4.831,0.0,9.583,10.489,10.689,9.828,0.0,49.6,46.0,15.4,12.99,-77.77,-5.31,-72.46,0.7,254.2,326.66,,W,,-5.2,102199.2,101410.48,
022HI,2024-01-15T13:45:00Z,76730.0,7.75,39.53,3.107,265.1,4.774,0.0,9.572,10.45,10.722,9.811,0.0,49.6,46.0,15.4,12.98,-81.01,-5.38,-75.63,2.07,254.34,329.97,,W,,-5.28,102199.2,101362.56,
022HI,2024-01-15T13:50:00Z,76730.0,7.417,39.47,2.68,254.8,3.889,0.0,9.55,10.422,10.7,9.822,0.0,49.6,46.0,15.4,12.99,-79.35,-5.26,-74.1,0.24,253.37,327.47,,WSW,,-5.6,102199.2,101395.19,
022HI,2024-01-15T13:55:00Z,76730.0,7.706,38.65,3.462,271.7,4.496,0.0,9.533,10.4,10.65,9.772,0.0,49.6,46.0,15.4,12.99,-80.66,-5.47,-75.18,2.03,254.31,329.49,,W,,-5.62,102199.2,101366.89,
022HI,2024-01-15T14:00:00Z,76740.0,7.972,38.75,2.583,269.5,4.275,0.0,9.517,10.422,10.672,9.761,0.0,49.6,46.0,15.4,12.98,-81.05,-5.57,-75.48,1.92,254.27,329.75,,W,,-5.35,102212.52,101354.08,
022HI,2024-01-15T14:05:00Z,76740.0,7.983,37.6,2.228,261.0,3.663,0.0,9.5,10.422,10.689,9.728,0.0,49.6,46.0,15.4,12.98,-78.15,-5.5,-72.65,1.0,253.55,326.19,,W,,-5.73,102212.52,101353.03,
022HI,2024-01-15T14:10:00Z,76740.0,8.072,39.32,2.449,279.7,3.889,0.0,9.494,10.389,10.661,9.711,0.0,49.6,46.0,15.4,12.98,-79.21,-5.41,-73.8,1.65,253.36,327.16,,W,,-5.06,102212.52,101344.3,
022HI,2024-01-15T14:15:00Z,76740.0,7.394,39.37,2.047,237.7,3.555,0.0,9.5,10.4,10.65,9.689,0.0,49.6,46.0,15.4,12.98,-80.25,-5.4,-74.85,0.0,252.04,326.89,,WSW,,-5.66,102212.52,101410.67,
022HI,2024-01-15T14:20:00Z,76750.0,6.939,40.38,2.341,251.6,3.056,0.0,9.517,10.35,10.722,9.689,0.0,49.6,46.0,15.4,12.98,-78.27,-5.26,-73.0,0.05,251.35,324.36,5.33,WSW,,-5.73,102225.84,101468.6,
022HI,2024-01-15T14:25:00Z,76750.0,6.783,41.29,2.14,252.2,,0.0,9.517,10.311,10.689,9.672,0.0,49.6,46.0,15.4,12.98,-78.64,-5.27,-73.37,0.66,251.23,324.59,,WSW,,-5.58,102225.84,101483.96,
022HI,2024-01-15T14:30:00Z,76740.0,6.767,41.62,2.438,249.2,3.22,0.0,9.517,10.328,10.689,9.639,0.0,49.6,46.0,15.4,12.98,-79.14,-5.22,-73.92,0.85,250.84,324.76,5.04,WSW,,-5.49,102212.52,101472.31,
022HI,2024-01-15T14:35:00Z,76740.0,6.817,42.2,2.099,243.0,3.555,0.0,9.5,10.278,10.711,9.611,0.0,49.6,46.0,15.4,12.98,-79.14,-5.12,-74.01,1.13,250.7,324.71,,WSW,,-5.26,102212.52,101467.37,
022HI,2024-01-15T14:40:00Z,76740.0,6.633,42.8,2.212,242.4,3.112,0.0,9.483,10.3,10.7,9.611,0.0,49.6,46.0,15.4,12.98,-79.6,-5.2,-74.4,0.95,250.48,324.88,,WSW,,-5.24,102212.52,101485.52,
022HI,2024-01-15T14:45:00Z,76740.0,6.556,42.94,2.207,243.7,4.275,0.0,9.478,10.25,10.711,9.572,0.0,49.6,46.0,15.4,12.97,-79.81,-5.04,-74.76,1.33,251.25,326.02,,WSW,,-5.27,102212.52,101493.12,
022HI,2024-01-15T14:50:00Z,76730.0,6.756,41.49,2.577,268.5,3.611,0.0,9.461,10.272,10.711,9.572,0.0,49.6,46.0,15.4,12.98,-77.58,-5.36,-72.22,1.83,251.06,323.28,4.92,W,,-5.54,102199.2,101460.18,
022HI,2024-01-15T14:55:00Z,76740.0,7.044,41.02,2.49,251.5,3.941,0.0,9.433,10.239,10.678,9.578,0.0,49.6,46.0,15.4,12.98,-79.57,-5.59,-73.98,2.14,251.21,325.19,5.33,WSW,,-5.43,102212.52,101445.03,
022HI,2024-01-15T15:00:00Z,76740.0,6.461,42.43,2.346,248.5,3.833,0.0,9.411,10.239,10.678,9.528,0.0,49.6,46.0,15.4,12.98,-80.29,-5.14,-75.14,0.35,250.43,325.57,4.76,WSW,,-5.51,102212.52,101502.52,
022HI,2024-01-15T15:05:00Z,76740.0,6.778,40.44,2.418,269.7,3.833,0.0,9.4,10.2,10.678,9.489,0.0,49.6,46.0,15.4,12.97,-76.95,-5.38,-71.58,1.73,251.31,322.89,5.07,W,,-5.86,102212.52,101471.25,
022HI,2024-01-15T15:10:00Z,76750.0,6.667,41.63,2.315,256.6,3.611,0.0,9.389,10.172,10.689,9.511,0.0,49.6,46.0,15.4,12.98,-77.38,-5.41,-71.97,1.09,250.77,322.74,5.03,WSW,,-5.58,102225.84,101495.4,
022HI,2024-01-15T15:15:00Z,76740.0,6.839,39.74,3.292,266.6,4.887,0.0,9.378,10.2,10.678,9.478,0.0,49.6,46.0,15.4,12.97,-80.44,-5.42,-75.02,1.98,250.85,325.86,4.53,W,,-6.03,102212.52,101465.25,
022HI,2024-01-15T15:20:00Z,76750.0,7.161,39.13,2.264,244.5,3.663,0.0,9.339,10.111,10.678,9.45,0.0,49.6,46.0,15.4,12.97,-80.68,-5.51,-75.17,1.45,251.18,326.35,5.65,WSW,,-5.95,102225.84,101446.78,
022HI,2024-01-15T15:25:00Z,76750.0,7.439,37.92,2.973,262.0,4.666,0.0,9.306,10.1,10.711,9.472,0.0,49.6,46.0,15.4,12.97,-80.78,-5.35,-75.42,2.32,251.67,327.09,,W,,-6.11,102225.84,101419.49,
022HI,2024-01-15T15:30:00Z,76750.0,8.15,36.46,1.939,255.6,3.663,0.0,9.267,10.1,10.689,9.439,0.0,49.6,46.0,15.4,12.97,-79.95,-5.66,-74.29,3.4,252.84,327.13,,WSW,,-5.99,102225.84,101349.95,
022HI,2024-01-15T15:35:00Z,76750.0,8.35,35.61,2.886,268.2,4.332,0.0,9.244,10.072,10.7,9.422,0.0,49.6,46.0,15.4,12.97,-81.19,-5.62,-75.57,2.52,252.34,327.91,,W,,-6.12,102225.84,101330.47,
022HI,2024-01-15T15:40:00Z,76750.0,8.289,35.86,2.649,267.2,4.553,0.0,9.228,10.039,10.689,9.378,0.0,49.6,46.0,15.4,12.97,-82.62,-5.61,-77.01,1.33,252.3,329.31,,W,,-6.08,102225.84,101336.41,
022HI,2024-01-15T15:45:00Z,76750.0,7.789,37.1,1.559,235.8,2.829,0.0,9.222,10.078,10.661,9.389,0.0,49.6,46.0,15.4,12.97,-77.73,-5.59,-72.14,0.0,251.94,324.08,,SW,,-6.08,102225.84,101385.21,
022HI,2024-01-15T15:50:00Z,76760.0,7.344,37.89,1.183,244.3,2.387,0.0,9.239,10.028,10.678,9.372,0.0,49.6,46.0,15.4,12.97,-75.73,-5.54,-70.19,0.0,250.57,320.76,,WSW,,-6.21,102239.16,101442.03,
022HI,2024-01-15T15:55:00Z,76780.0,7.161,38.02,2.161,250.9,3.719,0.0,9.272,10.028,10.678,9.35,0.0,49.6,46.0,15.4,12.97,-75.0,-5.08,-69.92,0.69,250.22,320.13,,WSW,,-6.33,102265.8,101486.45,
022HI,2024-01-15T16:00:00Z,76770.0,7.389,37.23,2.274,280.5,3.112,0.0,9.278,10.061,10.722,9.322,0.0,49.6,46.0,15.4,12.97,-73.65,-5.24,-68.41,2.6,251.19,319.6,,W,,-6.4,102252.48,101450.84,
022HI,2024-01-15T16:05:00Z,76760.0,7.067,39.44,2.937,277.7,3.997,0.0,9.261,10.022,10.661,9.311,0.0,49.6,46.0,15.4,12.97,-74.47,-4.91,-69.56,0.77,251.36,320.92,5.03,W,,-5.93,102239.16,101469.24,
022HI,2024-01-15T16:10:00Z,76770.0,6.744,41.8,3.082,273.7,4.332,0.0,9.239,9.978,10.689,9.322,0.0,49.6,46.0,15.4,12.97,-79.34,-5.02,-74.32,0.0,250.52,324.84,4.55,W,,-5.45,102252.48,101514.25,
022HI,2024-01-15T16:15:00Z,76770.0,6.217,41.52,2.089,254.7,3.442,0.0,9.222,9.972,10.689,9.272,0.0,49.6,46.0,15.4,12.97,-78.29,-5.32,-72.98,0.0,248.58,321.56,,WSW,,-6.02,102252.48,101566.37,
022HI,2024-01-15T16:20:00Z,76780.0,6.522,39.5,1.62,223.8,,0.0,9.233,9.961,10.722,9.261,0.0,49.6,46.0,15.4,12.97,-74.21,-5.15,-69.06,0.58,248.29,317.35,,SW,,-6.4,102265.8,101549.44,
022HI,2024-01-15T16:25:00Z,76780.0,6.822,38.83,2.063,235.3,4.218,0.0,9.222,9.939,10.711,9.239,0.0,49.6,46.0,15.4,12.97,-76.95,-5.07,-71.89,1.47,248.81,320.7,,SW,,-6.35,102265.8,101519.83,
022HI,2024-01-15T16:30:00Z,76770.0,6.789,38.38,2.598,248.7,3.997,0.0,,9.922,10.711,9.228,0.0,49.6,46.0,15.4,12.97,-78.07,-5.05,-73.02,1.3,248.58,321.6,4.94,WSW,,-6.54,102252.48,101509.87,
022HI,2024-01-15T16:35:00Z,76780.0,6.95,37.32,2.022,236.8,3.112,0.0,9.172,9.9,10.728,9.222,0.0,49.6,46.0,15.4,12.97,-79.31,-5.35,-73.96,1.76,248.94,322.9,,WSW,,-6.76,102265.8,101507.23,
022HI,2024-01-15T16:40:00Z,76780.0,7.161,35.97,2.366,248.0,3.833,0.0,9.139,9.9,10.722,9.189,0.0,49.6,46.0,15.4,12.97,-79.91,-5.26,-74.65,1.92,249.63,324.27,5.57,WSW,,-7.05,102265.8,101486.48,
022HI,2024-01-15T16:45:00Z,76770.0,7.783,33.97,2.253,253.6,3.555,0.0,9.1,9.878,10.722,9.189,0.0,49.6,46.0,15.4,12.97,-78.59,-5.01,-73.58,3.19,250.93,324.51,,WSW,,-7.24,102252.48,101412.28,
022HI,2024-01-15T16:50:00Z,76780.0,7.75,34.38,2.248,245.4,3.889,0.0,9.061,9.872,10.711,9.139,0.0,49.6,46.0,15.4,12.96,-80.81,-4.63,-76.18,2.04,250.62,326.8,,WSW,,-7.11,102265.8,101428.71,
022HI,2024-01-15T16:55:00Z,76790.0,7.806,33.81,1.934,238.0,,0.0,9.039,9.839,10.7,9.15,0.0,49.6,46.0,15.4,12.97,-78.78,-3.64,-75.14,2.11,250.34,325.48,,WSW,,-7.28,102279.11,101436.45,
022HI,2024-01-15T17:00:00Z,76790.0,7.65,34.21,1.939,233.2,3.442,1.56,9.028,9.828,10.722,9.15,0.0,49.6,46.0,15.4,12.98,-78.42,-2.28,-76.13,3.84,249.29,325.42,,SW,,-7.27,102279.11,101451.72,
022HI,2024-01-15T17:05:00Z,76790.0,8.211,33.04,1.801,237.7,3.39,9.19,9.022,9.811,10.711,9.111,0.0,49.6,46.0,15.4,13.01,-78.37,-1.08,-77.29,10.27,250.13,327.42,,WSW,,-7.22,102279.11,101396.88,
022HI,2024-01-15T17:10:00Z,76790.0,8.889,30.82,2.454,263.1,4.054,17.1,9.0,9.789,10.722,9.111,0.0,49.6,46.0,15.4,13.06,-75.78,1.98,-77.77,15.11,250.99,328.76,,W,,-7.53,102279.11,101330.95,
022HI,2024-01-15T17:15:00Z,76790.0,8.739,32.89,1.739,225.6,3.39,26.96,8.967,9.772,10.722,9.1,0.0,49.6,46.0,15.4,13.13,-71.06,8.84,-79.9,18.12,251.48,331.38,,SW,,-6.82,102279.11,101345.48,
022HI,2024-01-15T17:20:00Z,76790.0,8.911,32.43,1.466,249.5,2.387,42.37,8.95,9.761,10.722,9.089,0.0,49.6,46.0,15.4,13.22,-63.96,18.36,-82.32,24.01,251.34,333.66,,WSW,,-6.85,102279.11,101328.79,
022HI,2024-01-15T17:25:00Z,76790.0,9.35,33.3,1.759,241.8,3.555,57.35,8.928,9.739,10.722,9.1,0.0,49.6,46.0,15.4,13.33,-55.59,29.22,-84.81,28.13,252.48,337.3,,WSW,,-6.11,102279.11,101286.24,
022HI,2024-01-15T17:30:00Z,76790.0,10.028,32.6,1.703,240.6,2.608,77.45,8.9,9.728,10.7,9.039,0.0,49.6,46.0,15.4,13.48,-44.81,42.17,-86.98,35.28,253.8,340.79,,WSW,,-5.79,102279.11,101220.87,
022HI,2024-01-15T17:35:00Z,76790.0,10.261,34.52,1.543,236.8,2.943,95.99,8.872,9.7,10.689,9.05,0.0,49.6,46.0,15.4,13.67,-34.78,56.19,-90.97,39.8,254.02,344.99,,WSW,,-4.83,102279.11,101198.44,
022HI,2024-01-15T17:40:00Z,76800.0,10.961,33.52,1.662,248.3,2.608,116.1,8.856,9.689,10.739,9.011,0.0,49.6,46.0,15.4,13.88,-23.5,70.48,-93.98,45.62,255.27,349.25,,WSW,,-4.6,102292.43,101144.6,
022HI,2024-01-15T17:45:00Z,76800.0,11.861,33.27,1.353,246.0,2.33,136.19,8.822,9.689,10.678,9.028,0.0,49.6,46.0,15.4,13.95,-12.35,85.26,-97.61,50.93,256.59,354.2,,WSW,,-3.91,102292.43,101058.95,
022HI,2024-01-15T17:50:00Z,76800.0,12.528,33.23,1.173,248.8,1.723,155.73,8.794,9.672,10.711,8.972,0.0,49.6,46.0,15.4,13.95,-1.04,100.38,-101.41,55.36,257.83,359.24,,WSW,,-3.33,102292.43,100995.85,
022HI,2024-01-15T17:55:00Z,76810.0,13.339,25.9,0.864,170.3,1.723,175.64,8.772,9.661,10.728,8.972,0.0,49.6,46.0,15.4,13.94,10.63,115.86,-105.23,59.78,258.5,363.72,,S,,-5.93,102305.75,100932.9,
022HI,2024-01-15T18:00:00Z,76820.0,13.789,26.18,0.875,204.0,1.446,194.71,8.767,9.639,10.722,8.978,0.0,49.6,46.0,15.4,13.94,22.13,131.44,-109.31,63.27,259.32,368.64,,SSW,,-5.4,102319.07,100903.91,
022HI,2024-01-15T18:05:00Z,76820.0,14.089,29.1,0.916,44.22,2.778,214.45,8.772,9.6,10.739,8.961,0.0,49.6,46.0,15.4,13.92,35.41,147.47,-112.06,66.98,259.54,371.6,,NE,,-3.74,102319.07,100875.82,
022HI,2024-01-15T18:10:00Z,76830.0,13.55,33.61,0.926,75.7,1.945,234.76,8.778,9.611,10.728,8.978,0.0,49.6,46.0,15.4,13.91,51.26,165.7,-114.44,69.06,258.56,373.0,,ENE,,-2.27,102332.39,100939.21,
022HI,2024-01-15T18:15:00Z,76830.0,13.422,34.17,0.705,73.99,1.61,256.3,8.806,9.6,10.722,8.9,0.0,49.6,46.0,15.4,13.9,66.0,182.91,-116.92,73.39,258.77,375.69,,ENE,,-2.16,102332.39,100951.18,
022HI,2024-01-15T18:20:00Z,76840.0,13.539,34.12,0.427,134.3,1.111,275.91,8.828,9.6,10.728,8.889,0.0,49.6,46.0,15.4,13.9,78.57,198.07,-119.5,77.84,259.61,379.11,,SE,,-2.08,102345.71,100953.36,
022HI,2024-01-15T18:25:00Z,76840.0,13.678,34.89,0.093,175.8,0.72,297.75,8.85,9.528,10.722,8.889,0.0,49.6,46.0,15.4,13.89,93.57,215.62,-122.05,82.13,260.11,382.16,,S,,-1.65,102345.71,100940.33,
022HI,2024-01-15T18:30:00Z,76840.0,14.061,34.7,0.149,309.1,0.89,318.05,8.867,9.539,10.711,8.85,0.0,49.6,46.0,15.4,13.87,107.05,231.84,-124.79,86.21,261.14,385.93,,NW,,-1.39,102345.71,100904.55,
022HI,2024-01-15T18:35:00Z,76830.0,14.339,32.07,0.705,171.7,1.389,340.2,8.883,9.55,10.722,8.861,0.0,49.6,46.0,15.4,13.87,120.95,249.69,-128.74,90.51,262.56,391.3,,S,,-2.21,102332.39,100865.58,
022HI,2024-01-15T18:40:00Z,76840.0,15.05,31.23,0.504,109.0,1.888,361.47,8.883,9.539,10.739,8.85,0.0,49.6,46.0,15.4,13.87,135.27,266.58,-131.31,94.9,263.76,395.06,,ESE,,-1.95,102345.71,100812.72,
022HI,2024-01-15T18:45:00Z,76840.0,15.361,33.37,1.795,106.6,,382.87,8.894,9.511,10.75,8.861,0.0,49.6,46.0,15.4,13.87,153.21,285.02,-131.81,97.84,264.34,396.15,,ESE,,-0.77,102345.71,100783.9,
022HI,2024-01-15T18:50:00Z,76840.0,14.922,34.33,1.019,106.7,2.608,402.84,8.906,9.489,10.728,8.8,0.0,49.6,46.0,15.4,13.86,167.1,302.39,-135.29,100.45,263.72,399.01,,ESE,,-0.77,102345.71,100824.49,
022HI,2024-01-15T18:55:00Z,76840.0,15.028,33.07,0.926,116.4,1.667,422.5,8.922,9.511,10.722,8.828,0.0,49.6,46.0,15.4,13.84,180.84,318.01,-137.17,104.49,264.06,401.23,,ESE,,-1.19,102345.71,100814.71,
022HI,2024-01-15T19:00:00Z,76840.0,14.928,34.13,1.765,100.6,3.611,443.18,8.944,9.478,10.711,8.8,0.0,49.6,46.0,15.4,13.84,198.24,335.68,-137.43,107.51,264.33,401.77,,E,,-0.84,102345.71,100823.94,
022HI,2024-01-15T19:05:00Z,76860.0,14.861,32.96,0.977,130.9,2.166,460.93,8.972,9.472,10.722,8.85,0.0,49.6,46.0,15.4,13.83,209.91,350.29,-140.37,110.64,265.01,405.39,,SE,,-1.38,102372.35,100856.43,
022HI,2024-01-15T19:10:00Z,76860.0,14.911,34.17,2.011,86.2,3.719,483.02,8.994,9.472,10.728,8.828,0.0,49.6,46.0,15.4,13.83,227.27,368.27,-141.0,114.75,265.67,406.67,,E,,-0.84,102372.35,100851.76,
022HI,2024-01-15T19:15:00Z,,15.011,32.55,1.415,109.9,2.721,500.62,9.017,9.428,10.711,8.828,0.0,49.6,46.0,15.4,13.82,240.08,383.23,-143.15,117.39,266.06,409.21,,ESE,,-1.42,,None,
022HI,2024-01-15T19:20:00Z,76860.0,14.922,32.36,1.23,106.1,2.608,518.31,9.044,9.422,10.722,8.85,0.0,49.6,46.0,15.4,13.83,252.65,398.21,-145.55,120.1,266.3,411.85,,ESE,,-1.58,102372.35,100850.79,
022HI,2024-01-15T19:25:00Z,76870.0,14.939,31.2,0.746,106.9,2.053,535.11,9.072,9.422,10.7,8.839,0.0,49.6,46.0,15.4,13.82,264.56,412.52,-147.96,122.6,266.84,414.8,,ESE,,-2.06,102385.67,100862.37,
022HI,2024-01-15T19:30:00Z,76870.0,15.25,30.88,1.266,105.1,3.277,555.49,9.1,9.45,10.728,8.85,0.0,49.6,46.0,15.4,13.81,279.68,429.64,-149.96,125.85,266.95,416.91,,ESE,,-1.92,102385.67,100833.58,
022HI,2024-01-15T19:35:00Z,76860.0,15.361,30.63,1.358,83.4,3.555,572.85,9.122,9.422,10.722,8.872,0.0,49.6,46.0,15.4,13.8,291.74,444.07,-152.33,128.78,267.55,419.89,,E,,-1.94,102372.35,100810.21,
022HI,2024-01-15T19:40:00Z,76860.0,15.139,29.74,1.271,51.34,2.166,591.0,9.156,9.389,10.728,8.9,0.0,49.6,46.0,15.4,13.8,306.59,460.38,-153.79,130.63,268.05,421.84,,NE,,-2.53,102372.35,100830.77,
022HI,2024-01-15T19:45:00Z,76860.0,15.422,30.68,1.687,105.0,3.056,608.2,9.183,9.439,10.722,8.922,0.0,49.6,46.0,15.4,13.8,320.61,474.75,-154.14,133.45,270.35,424.49,,ESE,,-1.86,102372.35,100804.58,
022HI,2024-01-15T19:50:00Z,76860.0,15.989,30.46,1.574,54.69,3.22,627.49,9.211,9.422,10.689,8.922,0.0,49.6,46.0,15.4,13.8,330.51,490.58,-160.07,136.92,270.19,430.26,,NE,,-1.46,102372.35,100752.33,
022HI,2024-01-15T19:55:00Z,76870.0,16.15,30.16,1.595,70.2,2.557,641.42,9.228,9.422,10.722,8.961,0.0,49.6,46.0,15.4,13.8,342.78,503.07,-160.29,138.35,271.66,431.95,,ENE,,-1.46,102385.67,100750.65,
022HI,2024-01-15T20:00:00Z,76870.0,16.0,28.94,1.065,86.8,3.056,656.88,9.256,9.422,10.761,8.989,0.0,49.6,46.0,15.4,13.79,354.76,516.92,-162.16,139.96,271.56,433.72,,E,,-2.15,102385.67,100764.48,
022HI,2024-01-15T20:05:00Z,76860.0,16.611,29.32,1.801,87.1,3.498,674.01,9.294,9.428,10.75,9.011,0.0,49.6,46.0,15.4,13.78,365.71,530.6,-164.89,143.41,272.29,437.18,,E,,-1.44,102372.35,100695.31,
022HI,2024-01-15T20:10:00Z,76860.0,16.772,28.57,2.156,70.08,4.445,689.3,9.317,9.439,10.722,9.039,0.0,49.6,46.0,15.4,13.78,378.5,544.42,-165.93,144.88,272.87,438.8,,ENE,,-1.65,102372.35,100680.61,
022HI,2024-01-15T20:15:00Z,76870.0,16.439,29.25,2.078,53.31,4.332,704.65,9.356,9.439,10.728,9.078,0.0,49.6,46.0,15.4,13.77,393.06,558.3,-165.24,146.35,272.64,437.88,,NE,,-1.62,102385.67,100724.17,
022HI,2024-01-15T20:20:00Z,76850.0,16.25,27.45,1.687,92.4,4.388,717.19,9.394,9.439,10.711,9.111,0.0,49.6,46.0,15.4,13.77,400.2,568.12,-167.92,149.07,272.72,440.64,,E,,-2.64,102359.03,100715.35,
022HI,2024-01-15T20:25:00Z,76850.0,16.378,26.44,1.893,49.77,3.997,731.65,9.433,9.461,10.7,9.15,0.0,49.6,46.0,15.4,13.77,412.52,581.2,-168.69,150.45,272.48,441.16,,NE,,-3.04,102359.03,100703.64,
022HI,2024-01-15T20:30:00Z,76850.0,16.561,25.06,2.737,57.82,4.445,746.85,9.472,9.5,10.722,9.178,0.0,49.6,46.0,15.4,13.76,422.9,593.56,-170.66,153.29,272.75,443.41,,ENE,,-3.6,102359.03,100686.92,
022HI,2024-01-15T20:35:00Z,76850.0,16.622,26.08,2.264,55.97,4.944,759.18,9.5,9.489,10.722,9.228,0.0,49.6,46.0,15.4,13.76,433.57,604.62,-171.05,154.56,273.73,444.78,,NE,,-3.01,102359.03,100681.31,
022HI,2024-01-15T20:40:00Z,76840.0,16.639,27.04,2.068,68.59,3.442,771.07,9.539,9.5,10.711,9.25,0.0,49.6,46.0,15.4,13.75,439.53,614.13,-174.6,156.94,274.46,449.05,,ENE,,-2.51,102345.71,100666.62,
022HI,2024-01-15T20:45:00Z,76830.0,16.572,28.15,2.433,72.44,4.332,784.09,9.572,9.522,10.728,9.289,0.0,49.6,46.0,15.4,13.75,452.48,625.95,-173.47,158.14,275.18,448.65,,ENE,,-2.03,102332.39,100659.61,
022HI,2024-01-15T20:50:00Z,76830.0,16.5,28.93,2.289,56.15,4.275,795.46,9.606,9.539,10.722,9.378,0.0,49.6,46.0,15.4,13.75,461.42,635.84,-174.43,159.61,275.17,449.59,,NE,,-1.72,102332.39,100666.18,
022HI,2024-01-15T20:55:00Z,76830.0,16.4,28.97,1.667,67.91,3.611,804.43,9.639,9.572,10.722,9.422,0.0,49.6,46.0,15.4,13.75,467.54,642.78,-175.24,161.65,276.44,451.68,,ENE,,-1.79,102332.39,100675.34,
022HI,2024-01-15T21:00:00Z,76820.0,16.789,30.28,2.011,85.3,4.054,814.55,9.667,9.578,10.722,9.461,0.0,49.6,46.0,15.4,13.74,476.25,651.58,-175.33,162.97,277.4,452.73,,E,,-0.84,102319.07,100626.6,
022HI,2024-01-15T21:05:00Z,76830.0,16.672,31.29,1.78,81.0,3.498,824.4,9.7,9.6,10.722,9.511,0.0,49.6,46.0,15.4,13.75,484.06,660.71,-176.65,163.68,277.6,454.25,,E,,-0.5,102332.39,100650.37,
022HI,2024-01-15T21:10:00Z,76810.0,16.578,32.48,2.047,57.13,3.442,832.86,9.728,9.639,10.722,9.578,0.0,49.5,46.0,15.4,13.75,489.83,667.49,-177.66,165.38,279.27,456.92,,ENE,,-0.07,102305.75,100632.72,
022HI,2024-01-15T21:15:00Z,76800.0,17.022,30.96,2.588,77.43,4.332,843.89,9.756,9.65,10.7,9.639,0.0,49.5,46.0,15.4,13.75,499.47,676.88,-177.41,167.01,278.93,456.34,,ENE,,-0.33,102292.43,100579.13,
022HI,2024-01-15T21:20:00Z,76810.0,16.528,31.9,1.816,33.68,3.555,851.35,9.783,9.661,10.772,9.678,0.0,49.5,46.0,15.4,13.74,505.68,683.71,-178.03,167.64,279.46,457.49,,NNE,,-0.36,102305.75,100637.32,
022HI,2024-01-15T21:25:00Z,76800.0,16.65,33.87,1.955,88.5,3.776,857.65,9.817,9.689,10.722,9.75,0.0,49.5,46.0,15.4,13.75,510.32,689.3,-178.99,168.35,280.53,459.51,,E,,0.58,102292.43,100612.99,
022HI,2024-01-15T21:30:00Z,76790.0,16.7,32.56,1.744,74.05,3.941,866.41,9.844,9.728,10.728,9.822,0.0,49.5,46.0,15.4,13.74,515.1,695.91,-180.81,170.5,280.34,461.15,,ENE,,0.08,102279.11,100595.36,
022HI,2024-01-15T21:35:00Z,76790.0,17.15,33.3,2.413,78.45,4.774,873.61,9.878,9.761,10.711,9.878,0.0,49.5,46.0,15.4,13.74,521.77,701.67,-179.9,171.94,281.17,461.07,,ENE,,0.78,102279.11,100554.29,
022HI,2024-01-15T21:40:00Z,76770.0,17.311,31.63,2.845,58.69,4.609,880.51,9.906,9.789,10.761,9.939,0.0,49.5,46.0,15.4,13.74,527.26,707.63,-180.37,172.88,281.73,462.11,,ENE,,0.21,102252.48,100513.51,
022HI,2024-01-15T21:45:00Z,76760.0,17.328,32.28,2.706,54.42,4.218,886.27,9.939,9.811,10.739,10.011,0.0,49.5,45.9,15.4,13.75,530.26,712.19,-181.93,174.08,282.04,463.97,,NE,,0.51,102239.16,100498.85,
022HI,2024-01-15T21:50:00Z,76760.0,17.261,31.11,1.981,69.07,4.218,889.08,9.978,9.861,10.739,10.05,0.0,49.5,45.9,15.4,13.73,533.26,714.65,-181.39,174.43,282.18,463.57,,ENE,,-0.06,102239.16,100504.98,
022HI,2024-01-15T21:55:00Z,76750.0,17.472,31.65,2.711,72.97,4.218,896.68,10.017,9.861,10.711,10.122,0.0,49.5,45.9,15.4,13.72,,721.42,-183.52,175.26,282.44,465.96,,ENE,,0.36,102225.84,100472.69,
022HI,2024-01-15T22:00:00Z,76750.0,17.45,32.58,2.598,65.7,4.944,900.14,10.044,9.928,10.739,10.2,0.0,49.5,45.9,15.4,13.72,542.31,724.49,-182.18,175.65,282.73,464.91,,ENE,,0.75,102225.84,100474.66,
022HI,2024-01-15T22:05:00Z,76740.0,17.089,34.42,1.924,75.3,4.609,901.66,10.089,9.961,10.722,10.261,0.0,49.5,45.9,15.4,13.72,545.06,725.86,-180.81,175.8,283.51,464.32,,ENE,,1.19,102212.52,100494.33,
022HI,2024-01-15T22:10:00Z,76730.0,17.172,36.1,1.487,76.55,2.557,902.09,10.128,9.978,10.739,10.322,0.0,49.5,45.9,15.4,13.72,543.21,725.95,-182.73,176.14,284.88,467.61,,ENE,,1.93,102199.2,100473.63,
022HI,2024-01-15T22:15:00Z,76730.0,17.289,36.76,1.291,53.95,2.778,902.93,10.161,10.039,10.739,10.4,0.0,49.5,45.9,15.4,13.72,543.5,727.51,-184.01,175.42,286.16,470.17,,NE,,2.29,102199.2,100462.97,
022HI,2024-01-15T22:20:00Z,76710.0,17.722,37.0,2.063,87.9,3.997,904.34,10.183,10.072,10.728,10.45,0.0,49.5,45.9,15.4,13.72,546.57,729.2,-182.63,175.15,287.61,470.24,,E,,2.77,102172.56,100397.48,
022HI,2024-01-15T22:25:00Z,76710.0,17.222,40.34,2.423,60.37,4.774,908.22,10.211,10.1,10.728,10.539,0.0,49.5,45.9,15.4,13.72,553.52,734.35,-180.83,173.88,286.52,467.35,,ENE,,3.54,102172.56,100442.75,
022HI,2024-01-15T22:30:00Z,76690.0,17.228,40.43,1.847,86.3,5.278,907.71,10.25,10.122,10.722,10.611,0.0,49.5,45.9,15.4,13.72,550.78,732.1,-181.32,175.61,287.84,469.16,,E,,3.58,102145.92,100416.02,
022HI,2024-01-15T22:35:00Z,76690.0,17.389,39.35,1.266,73.6,2.886,907.9,10.283,10.161,10.7,10.672,0.0,49.5,45.9,15.4,13.72,551.68,732.91,-181.23,174.99,287.86,469.09,,ENE,,3.34,102145.92,100401.42,
022HI,2024-01-15T22:40:00Z,76690.0,17.85,41.1,2.181,72.06,4.332,906.22,10.306,10.222,10.711,10.75,0.0,49.5,45.9,15.4,13.72,550.67,731.92,-181.25,174.3,289.51,470.75,,ENE,,4.38,102145.92,100359.58,
022HI,2024-01-15T22:45:00Z,76670.0,17.589,42.41,2.233,75.68,4.887,904.26,10.317,10.261,10.722,10.789,0.0,49.5,45.9,15.4,13.72,550.72,730.99,-180.27,173.27,289.35,469.62,,ENE,,4.59,102119.28,100357.0,
022HI,2024-01-15T22:50:00Z,76660.0,17.311,43.26,1.893,75.4,3.997,903.74,10.344,10.311,10.711,10.9,0.0,49.5,45.9,15.4,13.73,551.23,730.71,-179.49,173.02,289.22,468.7,,ENE,,4.62,102105.96,100369.1,
022HI,2024-01-15T22:55:00Z,76660.0,17.6,43.34,1.482,105.9,3.997,902.38,10.383,10.35,10.739,10.972,0.0,49.5,45.9,15.4,13.73,550.08,728.93,-178.85,173.46,290.74,469.59,,ESE,,4.91,102105.96,100342.88,
022HI,2024-01-15T23:00:00Z,76640.0,17.928,44.21,2.13,91.3,3.941,900.17,10.406,10.389,10.739,11.028,0.0,49.5,45.9,15.4,13.73,548.01,727.0,-178.99,173.17,291.54,470.53,,E,,5.5,102079.32,100286.99,
022HI,2024-01-15T23:05:00Z,76640.0,18.039,44.29,2.402,65.44,3.719,895.56,10.428,10.428,10.711,11.1,0.0,49.5,45.9,15.4,13.72,545.92,724.3,-178.38,171.26,291.5,469.88,,ENE,,5.63,102079.32,100276.96,
022HI,2024-01-15T23:10:00Z,76640.0,17.55,45.53,2.248,88.1,3.941,890.59,10.461,10.478,10.711,11.128,0.0,49.5,45.9,15.4,13.73,544.57,720.33,-175.76,170.25,291.48,467.24,,E,,5.58,102079.32,100321.16,
022HI,2024-01-15T23:15:00Z,76630.0,17.489,48.3,2.433,62.19,4.388,886.18,10.511,10.528,10.722,11.25,0.0,49.5,45.9,15.4,13.73,542.7,716.99,-174.29,169.19,291.65,465.94,,ENE,,6.38,102066.01,100313.5,
022HI,2024-01-15T23:20:00Z,76630.0,17.478,47.88,1.975,48.99,4.11,880.78,10.55,10.572,10.722,11.322,0.0,49.5,45.9,15.4,13.73,538.1,711.78,-173.69,169.0,292.47,466.15,,NE,,6.24,102066.01,100314.52,
022HI,2024-01-15T23:25:00Z,76620.0,17.3,47.38,2.156,90.5,3.889,873.3,10.589,10.611,10.7,11.378,0.0,49.4,45.9,15.4,13.72,534.67,705.91,-171.24,167.39,293.37,464.61,,E,,5.93,102052.69,100317.59,
022HI,2024-01-15T23:30:00Z,76610.0,17.6,47.12,1.919,74.43,3.22,870.25,10.622,10.65,10.739,11.411,0.0,49.4,45.9,15.4,13.73,527.05,702.09,-175.04,168.16,,467.04,,ENE,,6.12,102039.37,100277.31,
022HI,2024-01-15T23:35:00Z,76610.0,17.761,47.97,1.821,82.0,3.39,862.42,10.65,10.722,10.722,11.489,0.0,49.4,45.9,15.4,13.73,522.19,695.58,-173.39,166.84,292.96,466.35,,E,,6.53,102039.37,100262.7,
022HI,2024-01-15T23:40:00Z,76600.0,17.611,49.65,2.31,73.36,4.609,856.04,10.683,10.722,10.761,11.561,0.0,49.4,45.9,15.4,13.71,520.02,691.47,-171.46,164.56,293.21,464.67,,ENE,,6.9,102026.05,100263.13,
022HI,2024-01-15T23:45:00Z,76600.0,17.228,50.49,1.739,76.97,3.442,846.36,10.717,10.822,10.722,11.65,0.0,49.4,45.9,15.4,13.71,514.76,684.25,-169.49,162.1,293.07,462.57,,ENE,,6.79,102026.05,100297.84,
022HI,2024-01-15T23:50:00Z,76590.0,17.15,51.76,2.058,75.65,5.108,840.15,10.761,10.878,10.739,11.711,0.0,49.4,45.9,15.4,13.71,510.28,678.6,-168.32,161.55,293.73,462.05,,ENE,,7.08,102012.73,100291.79,
022HI,2024-01-15T23:55:00Z,76590.0,16.878,54.97,2.454,59.8,4.054,830.54,10.806,10.872,10.728,11.789,0.0,49.4,45.9,15.4,13.71,506.3,671.71,-165.41,158.83,293.76,459.17,,ENE,,7.71,102012.73,100316.43,
022HI,2024-01-16T00:00:00Z,76590.0,16.922,55.54,1.734,103.3,4.666,821.8,10.844,10.928,10.728,11.85,0.0,49.4,45.9,15.4,13.72,498.34,663.16,-164.82,158.64,294.51,459.34,,ESE,,7.91,102012.73,100312.4,
022HI,2024-01-16T00:05:00Z,76590.0,16.989,56.38,2.742,64.39,4.11,812.05,10.872,10.989,10.739,11.911,0.0,49.4,45.9,15.4,13.72,493.95,656.05,-162.1,156.0,294.85,456.95,,ENE,,8.19,102012.73,100306.28,
022HI,2024-01-16T00:10:00Z,76590.0,16.85,57.67,1.759,63.58,3.833,801.64,10.911,11.078,10.728,11.978,0.0,49.4,45.9,15.4,13.71,485.06,647.21,-162.15,154.43,294.72,456.87,,ENE,,8.39,102012.73,100318.89,
022HI,2024-01-16T00:15:00Z,76590.0,17.172,57.38,2.696,43.53,4.218,791.23,10.933,11.139,10.722,12.05,0.0,49.4,45.9,15.4,13.72,479.57,638.34,-158.76,152.89,296.5,455.26,,NE,,8.62,102012.73,100289.61,
022HI,2024-01-16T00:20:00Z,76580.0,17.111,60.37,3.087,56.8,4.609,778.61,10.961,11.111,10.722,12.089,0.0,49.4,45.9,15.4,13.72,471.9,628.72,-156.82,149.9,297.01,453.83,,ENE,,9.32,101999.41,100281.96,
022HI,2024-01-16T00:25:00Z,76590.0,17.189,59.83,1.873,51.77,3.719,767.13,10.983,11.139,10.722,12.172,0.0,49.4,45.9,15.4,13.72,461.99,618.62,-156.64,148.51,297.5,454.14,,NE,,9.26,102012.73,100287.98,
022HI,2024-01-16T00:30:00Z,76590.0,17.089,60.71,2.49,48.78,4.887,752.73,11.006,11.211,10.739,12.228,0.0,49.4,45.9,15.4,13.72,454.15,607.29,-153.14,145.44,298.29,451.43,,NE,,9.39,102012.73,100297.04,
022HI,2024-01-16T00:35:00Z,76590.0,16.678,62.68,2.644,86.1,4.275,741.49,11.044,11.228,10.722,12.289,0.0,49.4,45.9,15.4,13.72,449.0,598.67,-149.67,142.82,297.97,447.64,,E,,9.47,102012.73,100334.41,
022HI,2024-01-16T00:40:00Z,76590.0,16.7,63.86,1.816,61.91,3.776,729.3,11.089,11.311,10.689,12.35,0.0,49.4,45.9,15.4,13.72,435.31,587.0,-151.69,142.29,298.14,449.83,,ENE,,9.77,102012.73,100332.36,
022HI,2024-01-16T00:45:00Z,76590.0,16.628,64.96,2.541,78.88,3.997,714.76,11.106,11.361,10.739,12.422,0.0,49.4,45.9,15.4,13.72,428.19,576.19,,138.57,298.07,446.07,,E,,9.96,102012.73,100338.9,
022HI,2024-01-16T00:50:00Z,76590.0,16.561,67.24,2.094,70.0,3.498,701.86,11.128,11.4,10.711,12.478,0.0,49.4,45.9,15.4,13.71,417.29,565.33,-148.04,136.53,297.83,445.88,,ENE,,10.42,102012.73,100344.94,
022HI,2024-01-16T00:55:00Z,76590.0,16.672,67.46,2.546,59.55,5.052,690.1,11.15,11.439,10.728,12.528,0.0,49.4,45.9,15.4,13.72,409.3,555.13,-145.84,134.96,297.85,443.69,,ENE,,10.57,102012.73,100334.8,
022HI,2024-01-16T01:00:00Z,76590.0,16.611,70.08,2.469,79.62,4.275,674.03,11.167,11.472,10.761,12.578,0.0,49.4,45.9,15.4,13.72,398.46,542.72,-144.26,131.31,298.04,442.31,,E,,11.09,102012.73,100340.28,
022HI,2024-01-16T01:05:00Z,76590.0,16.361,71.59,2.248,69.38,4.496,659.29,11.2,11.522,10.739,12.639,0.0,49.4,45.9,15.4,13.72,388.06,530.48,-142.43,128.81,297.11,439.53,,ENE,,11.18,102012.73,100363.08,
022HI,2024-01-16T01:10:00Z,76590.0,16.089,74.8,2.49,55.5,4.666,642.46,11.233,11.55,10.689,12.661,0.0,49.4,45.9,15.4,13.72,375.52,516.22,-140.7,126.24,297.34,438.04,,NE,,11.58,102012.73,100387.88,
022HI,2024-01-16T01:15:00Z,76590.0,16.111,75.39,1.435,81.8,3.277,625.85,11.261,11.6,10.728,12.739,0.0,49.4,45.9,15.4,13.72,361.32,501.6,-140.28,124.24,296.86,437.14,,E,,11.72,102012.73,100385.84,
022HI,2024-01-16T01:20:00Z,76590.0,16.128,75.45,1.934,55.89,3.277,612.85,11.289,11.628,10.722,12.789,0.0,49.4,45.8,15.4,13.72,351.78,491.34,-139.56,121.51,296.02,435.58,,NE,,11.75,102012.73,100384.28,
022HI,2024-01-16T01:25:00Z,76600.0,16.15,75.9,2.572,55.93,4.167,598.14,11.317,11.65,10.728,12.811,0.0,49.4,45.8,15.4,13.72,342.43,479.3,-136.87,118.84,297.01,433.87,,NE,,11.86,102026.05,100395.36,
022HI,2024-01-16T01:30:00Z,76600.0,15.939,76.92,1.739,61.19,3.833,584.31,11.344,11.711,10.728,12.872,0.0,49.4,45.8,15.4,13.72,332.98,467.55,-134.56,116.76,298.32,432.88,,ENE,,11.86,102026.05,100414.67,
022HI,2024-01-16T01:35:00Z,76600.0,16.078,76.26,1.435,100.4,2.557,561.28,11.372,11.761,10.728,12.928,0.0,49.4,45.8,15.4,13.72,312.75,448.51,-135.77,112.77,,431.76,,E,,11.87,102026.05,100401.95,
022HI,2024-01-16T01:40:00Z,76610.0,16.089,75.28,1.687,67.7,3.498,544.93,11.394,11.778,10.739,12.95,0.0,49.4,45.8,15.4,13.72,302.18,435.32,-133.15,109.61,295.16,428.3,,ENE,,11.68,102039.37,100414.08,
022HI,2024-01-16T01:45:00Z,76610.0,16.161,74.89,1.518,96.4,3.112,522.66,11.422,11.839,10.689,13.0,0.0,49.4,45.8,15.4,13.72,285.12,417.15,-132.04,105.51,294.55,426.59,,E,,11.67,102039.37,100407.49,
022HI,2024-01-16T01:50:00Z,76610.0,16.25,74.53,1.554,87.1,3.555,504.16,11.444,11.872,10.761,13.022,0.0,49.4,45.8,15.4,13.72,269.12,401.32,-132.21,102.83,293.72,425.93,,E,,11.68,102039.37,100399.35,
022HI,2024-01-16T01:55:00Z,76610.0,16.022,74.42,1.878,64.18,3.334,487.26,11.467,11.9,10.711,13.061,0.0,49.4,45.8,15.4,13.72,259.43,388.53,-129.1,98.73,293.0,422.1,,ENE,,11.44,102039.37,100420.24,
022HI,2024-01-16T02:00:00Z,76610.0,15.711,75.33,1.384,91.8,2.387,469.15,11.5,11.939,10.778,13.089,0.0,49.4,45.8,15.4,13.72,246.65,373.59,-126.93,95.56,292.34,419.27,,E,,11.32,102039.37,100448.77,
022HI,2024-01-16T02:05:00Z,76610.0,15.839,75.31,1.091,103.7,2.279,448.83,11.533,11.961,10.728,13.111,0.0,49.4,45.8,15.4,13.72,229.29,355.93,-126.64,92.9,292.05,418.69,,ESE,,11.44,102039.37,100437.01,
022HI,2024-01-16T02:10:00Z,76620.0,16.039,74.23,1.394,102.4,2.829,430.31,11.544,12.0,10.739,13.172,0.0,49.4,45.8,15.4,13.72,216.74,341.21,-124.47,89.1,292.37,416.83,,ESE,,11.42,102052.69,100431.8,
022HI,2024-01-16T02:15:00Z,76630.0,15.861,73.73,1.718,73.01,2.444,408.38,11.561,12.022,10.728,13.189,0.0,49.4,45.8,15.4,13.72,202.7,324.42,-121.72,83.96,291.62,413.34,,ENE,,11.14,102066.01,100461.26,
022HI,2024-01-16T02:20:00Z,76630.0,15.411,75.59,1.266,81.7,2.557,386.2,11.594,12.05,10.728,13.211,0.0,49.4,45.8,15.4,13.73,187.19,306.41,-119.22,79.79,291.5,410.72,,E,,11.08,102066.01,100502.61,
022HI,2024-01-16T02:25:00Z,76640.0,15.25,75.96,1.384,92.2,2.222,366.51,11.622,12.089,10.739,13.228,0.0,49.4,45.8,15.4,13.73,172.51,289.73,-117.22,76.78,290.43,407.65,,E,,11.0,102079.32,100530.56,
022HI,2024-01-16T02:30:00Z,76640.0,15.2,75.87,0.581,74.21,1.831,345.11,11.656,12.089,10.711,13.228,0.0,49.4,45.8,15.4,13.73,156.87,272.37,-115.49,72.75,289.59,405.08,,ENE,,10.94,102079.32,100535.18,
022HI,2024-01-16T02:35:00Z,76640.0,15.272,75.63,0.777,163.6,1.276,324.61,11.667,12.128,10.739,13.25,0.0,49.4,45.8,15.4,13.72,140.82,255.89,-115.07,68.72,289.09,404.16,,SSE,,10.96,102079.32,100528.54,
022HI,2024-01-16T02:40:00Z,76640.0,15.05,75.87,0.947,56.15,1.667,301.73,11.683,12.161,10.739,13.25,0.0,49.4,45.8,15.4,13.72,125.52,237.97,-112.46,63.76,288.39,400.84,,NE,,10.79,102079.32,100549.03,
022HI,2024-01-16T02:45:00Z,76650.0,15.028,76.2,0.34,114.9,1.111,280.77,11.711,12.178,10.739,13.272,0.0,49.4,45.8,15.4,13.72,111.21,221.04,-109.83,59.73,288.52,398.36,,ESE,,10.83,102092.64,100564.18,
022HI,2024-01-16T02:50:00Z,76650.0,15.2,75.09,1.204,96.5,2.279,261.46,11.733,12.211,10.728,13.25,0.0,49.4,45.8,15.4,13.75,98.35,206.19,-107.84,55.28,289.0,396.83,,E,,10.78,102092.64,100548.32,
022HI,2024-01-16T02:55:00Z,76650.0,14.839,74.65,0.9,52.67,1.554,240.27,11.744,12.211,10.75,13.261,0.0,49.4,45.8,15.4,13.73,85.9,190.93,-105.03,49.34,288.06,393.09,,NE,,10.34,102092.64,100581.71,
022HI,2024-01-16T03:00:00Z,76660.0,14.672,74.19,0.504,118.8,1.276,217.92,11.767,12.261,10.722,13.272,0.0,49.4,45.8,15.4,13.73,71.45,173.44,-101.99,44.48,287.88,389.88,,ESE,,10.09,102105.96,100610.32,
022HI,2024-01-16T03:05:00Z,76660.0,14.872,73.75,0.293,56.96,0.777,195.32,11.783,12.261,10.739,13.272,0.0,49.4,45.8,15.4,13.58,55.01,156.02,-101.01,39.3,286.12,387.13,,ENE,,10.19,102105.96,100591.8,
022HI,2024-01-16T03:10:00Z,76660.0,14.55,75.08,0.54,346.0,0.941,176.64,11.806,12.289,10.722,13.261,0.0,49.4,45.8,15.4,13.53,43.03,141.91,-98.88,34.73,284.63,383.51,,NNW,,10.15,102105.96,100621.61,
022HI,2024-01-16T03:15:00Z,76670.0,14.472,76.96,0.499,298.6,1.224,156.04,11.828,12.3,10.728,13.261,0.0,49.4,45.8,15.4,13.45,30.54,127.11,-96.58,28.93,284.2,380.78,,WNW,,10.45,102119.28,100641.92,
022HI,2024-01-16T03:20:00Z,76670.0,14.939,74.92,0.298,243.8,1.055,81.95,11.85,12.311,10.722,13.25,0.0,49.4,45.8,15.4,13.4,-20.73,70.27,-90.99,11.69,283.43,374.42,,WSW,,10.49,102119.28,100598.69,
022HI,2024-01-16T03:25:00Z,76670.0,14.689,75.34,0.314,280.8,1.111,16.24,11.889,12.322,10.75,13.239,0.0,49.4,45.8,15.4,13.37,-65.09,16.82,-81.91,0.0,282.02,363.93,,W,,10.33,102119.28,100621.83,
022HI,2024-01-16T03:30:00Z,76670.0,13.928,76.2,1.044,251.2,1.446,15.2,11.939,12.328,10.75,13.2,0.0,49.4,45.8,15.4,13.34,-64.71,15.45,-80.17,0.0,280.22,360.39,,WSW,,9.77,102119.28,100692.57,
022HI,2024-01-16T03:35:00Z,76670.0,13.528,76.9,0.288,282.6,1.168,14.52,11.967,12.35,10.728,13.189,0.0,49.4,45.8,15.4,13.31,-63.96,13.55,-77.51,0.97,278.15,355.66,,WNW,,9.52,102119.28,100729.91,
022HI,2024-01-16T03:40:00Z,76670.0,13.15,75.91,1.116,245.5,1.61,12.64,11.972,12.372,10.75,13.178,0.0,49.4,45.8,15.4,13.3,-67.05,11.38,-78.43,1.25,276.2,354.63,,WSW,,8.96,102119.28,100765.35,
022HI,2024-01-16T03:45:00Z,76680.0,12.6,75.26,1.152,252.8,1.389,10.75,11.967,12.378,10.722,13.172,0.0,49.4,45.8,15.4,13.28,-68.12,9.18,-77.3,1.57,274.82,352.11,,WSW,,8.29,102132.6,100830.22,
022HI,2024-01-16T03:50:00Z,76680.0,12.25,75.06,1.492,250.1,1.888,8.72,11.956,12.389,10.722,13.172,0.0,49.4,45.8,15.4,13.26,-71.45,6.86,-78.3,1.87,272.48,350.78,,WSW,,7.92,102132.6,100863.24,
022HI,2024-01-16T03:55:00Z,76680.0,11.989,75.0,1.646,251.5,2.166,6.5,11.928,12.411,10.772,13.139,0.0,49.4,45.8,15.4,13.25,-76.93,4.27,-81.2,2.23,270.96,352.16,,WSW,,7.65,102132.6,100887.93,
022HI,2024-01-16T04:00:00Z,76680.0,11.361,74.43,1.348,257.8,1.667,3.38,11.9,12.422,10.739,13.111,0.0,49.4,45.8,15.4,13.24,-76.17,1.77,-77.94,1.62,270.16,348.1,,WSW,,6.93,102132.6,100947.53,
022HI,2024-01-16T04:05:00Z,76690.0,11.078,74.35,1.6,251.2,2.444,1.18,11.878,12.428,10.722,13.089,0.0,49.4,45.8,15.4,13.23,-77.88,-0.48,-77.4,1.66,269.23,346.64,,WSW,,6.64,102145.92,100987.65,
022HI,2024-01-16T04:10:00Z,76690.0,10.561,74.68,1.615,260.7,2.109,0.0,11.844,12.422,10.728,13.072,0.0,49.4,45.8,15.4,13.22,-78.25,-2.32,-75.93,1.04,269.56,345.49,,W,,6.21,102145.92,101037.03,
022HI,2024-01-16T04:15:00Z,76690.0,10.35,74.32,2.083,260.0,2.557,0.0,11.817,12.422,10.728,13.039,0.0,49.4,45.8,15.4,13.21,-80.51,-3.79,-76.72,1.4,269.26,345.98,,W,,5.93,102145.92,101057.26,
022HI,2024-01-16T04:20:00Z,76700.0,10.05,75.46,1.518,257.7,2.943,0.0,11.772,12.422,10.722,13.011,0.0,49.4,45.8,15.4,13.21,-77.73,-4.77,-72.97,0.74,270.02,342.99,,WSW,,5.86,102159.24,101099.21,
022HI,2024-01-16T04:25:00Z,76700.0,10.178,74.84,2.202,256.8,2.886,0.0,11.739,12.411,10.711,12.978,0.0,49.4,45.8,15.4,13.2,-80.22,-5.28,-74.94,1.98,269.39,344.32,,WSW,,5.87,102159.24,101086.93,
022HI,2024-01-16T04:30:00Z,76700.0,10.189,78.94,1.816,269.9,2.778,0.0,11.689,12.428,10.722,12.961,0.0,49.4,45.8,15.4,13.19,-81.14,-5.67,-75.47,1.97,269.8,345.27,,W,,6.66,102159.24,101085.78,
022HI,2024-01-16T04:35:00Z,76710.0,10.25,81.1,1.96,250.7,3.941,0.0,11.644,12.428,10.739,12.9,0.0,49.4,45.8,15.4,13.19,-83.24,-5.7,-77.54,1.46,268.48,346.02,,WSW,,7.12,102172.56,101093.06,
022HI,2024-01-16T04:40:00Z,76710.0,10.8,81.9,2.053,279.5,2.778,0.0,11.583,12.428,10.722,12.911,0.0,49.4,45.8,15.4,13.18,-85.41,-6.05,-79.36,3.52,270.78,350.14,,W,,7.8,102172.56,101040.36,
022HI,2024-01-16T04:45:00Z,76710.0,10.839,81.5,2.13,244.1,3.498,0.0,11.522,12.411,10.7,12.878,0.0,49.4,45.8,15.4,13.18,-85.72,-5.84,-79.89,1.83,270.57,350.45,,WSW,,7.77,102172.56,101036.64,
022HI,2024-01-16T04:50:00Z,76710.0,10.828,80.8,1.857,270.0,2.943,0.0,11.478,12.422,10.711,12.828,0.0,49.4,45.8,15.4,13.18,-83.39,-5.89,-77.5,2.48,271.79,349.29,,W,,7.63,102172.56,101037.71,
022HI,2024-01-16T04:55:00Z,76720.0,10.839,78.84,2.181,251.1,3.277,0.0,11.444,12.422,10.761,12.811,0.0,49.4,45.8,15.4,13.17,-84.33,-5.75,-78.57,1.74,271.98,350.55,,WSW,,7.27,102185.88,101049.87,
022HI,2024-01-16T05:00:00Z,76730.0,10.6,77.55,1.975,241.0,3.997,0.0,11.428,12.422,10.728,12.772,0.0,49.4,45.8,15.4,13.17,-82.88,-5.7,-77.18,1.33,270.88,348.06,,WSW,,6.8,102199.2,101085.94,
022HI,2024-01-16T05:05:00Z,76730.0,10.489,74.21,2.413,273.6,3.889,0.0,11.411,12.422,10.722,12.722,0.0,49.4,45.8,15.4,13.17,-81.07,-5.42,-75.65,1.64,272.26,347.91,,W,,6.04,102199.2,101096.64,
022HI,2024-01-16T05:10:00Z,76740.0,10.761,71.7,2.418,280.4,3.833,0.0,11.394,12.389,10.761,12.7,0.0,49.4,45.8,15.4,13.17,-81.1,-5.44,-75.67,2.19,272.5,348.17,,W,,5.8,102212.52,101083.83,
022HI,2024-01-16T05:15:00Z,76740.0,10.522,70.7,2.274,267.1,3.164,0.0,11.383,12.422,10.772,12.661,0.0,49.4,45.8,15.4,13.16,-80.37,-5.52,-74.85,1.28,271.57,346.42,,W,,5.37,102212.52,101106.73,
022HI,2024-01-16T05:20:00Z,76750.0,11.089,65.56,2.197,270.8,3.776,0.0,11.367,12.4,10.722,12.639,0.0,49.4,45.8,15.4,13.15,-79.65,-5.53,-74.11,2.44,272.48,346.6,,W,,4.82,102225.84,101065.81,
022HI,2024-01-16T05:25:00Z,76750.0,11.05,62.59,2.546,281.1,3.611,0.0,11.344,12.389,10.7,12.6,0.0,49.4,45.8,15.4,13.15,-79.49,-5.41,-74.08,2.14,273.12,347.2,,W,,4.11,102225.84,101069.6,
022HI,2024-01-16T05:30:00Z,76760.0,10.972,60.47,2.027,298.2,3.164,0.0,11.322,12.389,10.739,12.572,0.0,49.4,45.8,15.4,13.15,-75.62,-5.38,-70.23,1.62,273.12,343.36,,WNW,,3.54,102239.16,101090.26,
022HI,2024-01-16T05:35:00Z,76760.0,11.439,59.91,2.207,266.7,3.889,0.0,11.311,12.372,10.722,12.539,0.0,49.4,45.8,15.4,13.14,-79.31,-5.61,-73.7,3.27,273.39,347.09,,W,,3.85,102239.16,101045.76,
022HI,2024-01-16T05:40:00Z,76770.0,11.928,57.16,2.294,299.7,3.663,0.0,11.267,12.361,10.728,12.5,0.0,49.4,45.8,15.4,13.14,-76.92,-5.71,-71.2,2.09,273.61,344.82,,WNW,,3.64,102252.48,101012.55,
022HI,2024-01-16T05:45:00Z,76770.0,11.178,58.49,3.267,278.1,4.11,0.0,11.256,12.361,10.711,12.472,0.0,49.4,45.8,15.4,13.14,-80.08,-5.19,-74.89,0.24,272.66,347.55,,W,,3.26,102252.48,101083.82,
022HI,2024-01-16T05:50:00Z,76770.0,10.722,58.31,2.13,266.9,,0.0,11.244,12.328,10.739,12.439,0.0,49.4,45.8,15.4,13.13,-77.22,-5.33,-71.89,0.03,271.0,342.89,,W,,2.79,102252.48,101127.38,
022HI,2024-01-16T05:55:00Z,76770.0,10.5,59.15,2.691,266.1,3.555,0.0,11.256,12.328,10.728,12.4,0.0,49.4,45.8,15.4,13.13,-81.18,-5.44,-75.74,0.89,269.19,344.93,,W,,2.78,102252.48,101148.62,
022HI,2024-01-16T06:00:00Z,76770.0,10.489,58.24,1.893,247.4,3.056,0.0,11.244,12.272,10.728,12.372,0.0,49.4,45.8,15.4,13.13,-80.24,-5.51,-74.74,0.54,268.53,343.27,,WSW,,2.55,102252.48,101149.69,
022HI,2024-01-16T06:05:00Z,76770.0,10.111,58.79,1.975,261.9,3.164,0.0,11.25,12.278,10.739,12.328,0.0,49.4,45.8,15.3,13.13,-77.41,-5.53,-71.88,0.2,267.48,339.36,,W,,2.33,102252.48,101185.97,
022HI,2024-01-16T06:10:00Z,76780.0,10.072,58.47,2.099,256.4,3.277,0.0,11.261,12.311,10.728,12.311,0.0,49.4,45.8,15.3,13.13,-79.53,-5.56,-73.97,1.15,266.45,340.42,,WSW,,2.22,102265.8,101202.91,
022HI,2024-01-16T06:15:00Z,76770.0,10.078,56.84,3.066,268.7,4.275,0.0,11.25,12.311,10.722,12.261,0.0,49.4,45.8,15.3,13.12,-82.29,-5.6,-76.7,1.73,265.82,342.52,,W,,1.82,102252.48,101189.18,
022HI,2024-01-16T06:20:00Z,76770.0,10.311,56.27,3.205,270.1,4.717,0.0,11.217,12.25,10.722,12.261,0.0,49.4,45.8,15.3,13.12,-84.08,-5.57,-78.51,1.87,265.82,344.33,,W,,1.9,102252.48,101166.81,
022HI,2024-01-16T06:25:00Z,76770.0,9.972,56.55,2.361,259.0,4.054,0.0,11.189,12.3,10.739,12.222,0.0,49.4,45.8,15.3,13.11,-81.84,-5.78,-76.05,0.33,264.75,340.8,,W,,1.65,102252.48,101199.39,
022HI,2024-01-16T06:30:00Z,76770.0,10.111,55.57,3.431,273.8,4.496,0.0,11.178,12.222,10.75,12.161,0.0,49.4,45.8,15.3,13.12,-84.11,-5.57,-78.53,1.61,264.74,343.28,,W,,1.54,102252.48,101186.04,
022HI,2024-01-16T06:35:00Z,76780.0,9.672,56.73,2.238,247.1,3.555,0.0,11.161,12.228,10.739,12.161,0.0,49.4,45.8,15.3,13.11,-83.98,-5.63,-78.35,0.07,262.62,340.97,,WSW,,1.42,102265.8,101241.47,
022HI,2024-01-16T06:40:00Z,76780.0,9.628,57.42,2.546,262.5,3.277,0.0,11.172,12.261,10.728,12.089,0.0,49.4,45.8,15.3,13.11,-83.91,-5.73,-78.17,1.58,262.42,340.6,,W,,1.54,102265.8,101245.7,
022HI,2024-01-16T06:45:00Z,76780.0,9.928,55.93,2.557,265.9,3.997,0.0,11.156,12.239,10.739,12.072,0.0,49.4,45.8,15.3,13.11,-85.0,-5.98,-79.02,2.01,261.72,340.73,,W,,1.46,102265.8,101216.82,
022HI,2024-01-16T06:50:00Z,76780.0,9.639,55.52,1.687,249.7,3.056,0.0,11.139,12.239,10.711,12.05,0.0,49.4,45.8,15.3,13.11,-81.24,-5.97,-75.27,0.52,260.53,335.8,,WSW,,1.08,102265.8,101244.68,
022HI,2024-01-16T06:55:00Z,76780.0,9.178,54.76,2.047,245.6,3.164,0.0,11.156,12.211,10.711,12.022,0.0,49.4,45.8,15.3,13.11,-84.03,-5.6,-78.43,0.1,258.3,336.73,,WSW,,0.46,102265.8,101289.26,
022HI,2024-01-16T07:00:00Z,76780.0,8.772,55.15,1.425,251.4,2.053,0.0,11.172,12.222,10.728,11.989,0.0,49.4,45.8,15.3,13.1,-78.36,-5.73,-72.63,0.06,258.33,330.96,,WSW,,0.18,102265.8,101328.64,
022HI,2024-01-16T07:05:00Z,76780.0,8.65,55.72,1.62,245.8,,0.0,11.194,12.122,10.722,11.961,0.0,49.4,45.8,15.3,13.1,-78.19,-5.56,-72.63,0.81,257.39,330.03,,WSW,,0.21,102265.8,101340.49,
022HI,2024-01-16T07:10:00Z,76790.0,8.689,54.91,2.3,258.2,3.22,0.0,11.194,12.128,10.722,11.939,0.0,49.4,45.8,15.3,13.1,-81.54,-5.56,-75.98,1.8,256.95,332.93,,WSW,,0.04,102279.11,101349.91,
022HI,2024-01-16T07:15:00Z,76790.0,8.672,54.86,1.811,252.7,3.056,0.0,11.167,12.128,10.778,11.922,0.0,49.4,45.8,15.3,13.1,-80.28,-5.8,-74.49,1.46,256.43,330.91,,WSW,,0.01,102279.11,101351.56,
022HI,2024-01-16T07:20:00Z,76790.0,8.489,53.9,2.336,256.2,3.056,0.0,11.15,12.072,10.739,11.861,0.0,49.4,45.8,15.3,13.09,-82.96,-5.63,-77.33,1.56,255.54,332.87,,WSW,,-0.41,102279.11,101369.39,
022HI,2024-01-16T07:25:00Z,76790.0,8.25,53.61,2.341,256.6,3.39,0.0,11.122,12.078,10.728,11.839,0.0,49.4,45.8,15.3,13.09,-82.94,-5.67,-77.27,0.94,254.71,331.97,,WSW,,-0.7,102279.11,101392.69,
022HI,2024-01-16T07:30:00Z,76790.0,7.683,55.29,2.243,257.3,3.442,0.0,11.111,12.039,10.7,11.828,0.0,49.4,45.8,15.3,13.09,-82.35,-5.53,-76.82,0.12,253.64,330.47,,WSW,,-0.81,102279.11,101448.1,
022HI,2024-01-16T07:35:00Z,76790.0,7.528,56.08,2.258,247.2,3.442,0.0,11.111,12.039,10.728,11.811,0.0,49.4,45.8,15.3,13.09,-83.85,-5.55,-78.3,0.66,252.94,331.24,,WSW,,-0.76,102279.11,101463.28,
022HI,2024-01-16T07:40:00Z,76780.0,7.533,55.51,2.294,251.4,3.112,0.0,11.094,12.072,10.711,11.739,0.0,49.4,45.8,15.3,13.09,-82.94,-5.5,-77.44,1.44,252.77,330.2,,WSW,,-0.89,102265.8,101449.59,
022HI,2024-01-16T07:45:00Z,76780.0,7.928,53.73,2.696,249.6,4.167,0.0,11.061,12.039,10.728,11.728,0.0,49.4,45.8,15.3,13.09,-85.43,-5.5,-79.93,2.18,252.32,332.24,,WSW,,-0.97,102265.8,101410.93,
022HI,2024-01-16T07:50:00Z,76780.0,7.844,53.19,2.305,250.6,3.442,0.0,11.017,12.039,10.739,11.722,0.0,49.4,45.8,15.3,13.09,-84.83,-5.67,-79.16,1.51,252.15,331.31,,WSW,,-1.19,102265.8,101419.16,
022HI,2024-01-16T07:55:00Z,76780.0,7.739,51.01,2.33,254.6,3.555,0.0,10.994,11.978,10.722,11.678,0.0,49.4,45.8,15.3,13.08,-83.39,-5.65,-77.74,1.52,251.88,329.62,,WSW,,-1.86,102265.8,101429.48,
022HI,2024-01-16T08:00:00Z,76770.0,7.983,41.47,2.325,249.6,3.112,0.0,10.972,11.989,10.728,11.678,0.0,49.4,45.8,15.3,13.08,-83.49,-5.54,-77.95,2.4,252.19,330.14,,WSW,,-4.43,102252.48,101392.58,
022HI,2024-01-16T08:05:00Z,76770.0,8.628,35.83,1.77,251.2,2.608,0.0,10.933,11.972,10.728,11.622,0.0,49.4,45.8,15.3,13.07,-79.94,-5.71,-74.23,3.75,252.77,327.0,,WSW,,-5.79,102252.48,101329.81,
022HI,2024-01-16T08:10:00Z,76760.0,8.922,34.03,1.801,256.2,2.778,0.0,10.906,11.939,10.689,11.589,0.0,49.4,45.8,15.3,13.07,-78.12,-5.49,-72.62,3.37,253.7,326.32,,WSW,,-6.21,102239.16,101288.1,
022HI,2024-01-16T08:15:00Z,76770.0,9.328,33.04,2.099,262.9,2.943,0.0,10.878,11.889,10.739,11.572,0.0,49.4,45.8,15.3,13.08,-76.79,-5.65,-71.14,2.61,254.38,325.52,,W,,-6.24,102252.48,101262.0,
022HI,2024-01-16T08:20:00Z,76770.0,8.822,35.12,2.253,268.1,3.39,0.0,10.867,11.9,10.75,11.522,0.0,49.4,45.8,15.3,13.07,-74.52,-5.23,-69.29,0.88,255.06,324.35,,W,,-5.88,102252.48,101310.98,
022HI,2024-01-16T08:25:00Z,76760.0,8.539,35.51,2.51,270.4,3.663,0.0,10.867,11.889,10.75,11.5,0.0,49.4,45.8,15.3,13.07,-77.07,-5.48,-71.59,1.11,254.58,326.17,,W,,-5.99,102239.16,101325.27,
022HI,2024-01-16T08:30:00Z,76760.0,8.422,36.54,2.716,264.6,3.611,0.0,10.85,11.889,10.722,11.472,0.0,49.4,45.8,15.3,13.07,-80.09,-5.43,-74.66,1.07,253.97,328.64,,W,,-5.72,102239.16,101336.64,
022HI,2024-01-16T08:35:00Z,76750.0,8.872,35.5,2.264,260.8,3.555,0.0,10.811,11.861,10.722,11.461,0.0,49.4,45.8,15.3,13.07,-81.22,-5.85,-75.37,1.71,253.85,329.22,,W,,-5.7,102225.84,101279.73,
022HI,2024-01-16T08:40:00Z,76750.0,8.261,35.22,2.104,254.8,3.22,0.0,10.789,11.839,10.761,11.4,0.0,49.4,45.8,15.3,13.06,-79.77,-5.59,-74.18,0.47,253.25,327.44,,WSW,,-6.35,102225.84,101339.15,
022HI,2024-01-16T08:45:00Z,76750.0,8.672,32.8,1.939,259.4,,0.0,10.778,11.822,10.722,11.389,0.0,49.4,45.8,15.3,13.07,-77.56,-5.62,-71.93,1.91,253.07,325.0,,W,,-6.91,102225.84,101299.2,
022HI,2024-01-16T08:50:00Z,76740.0,9.161,30.79,2.464,266.8,3.22,0.0,10.756,11.811,10.722,11.372,0.0,49.4,45.8,15.3,13.06,-80.1,-5.69,-74.41,2.95,253.39,327.8,,W,,-7.3,102212.52,101238.62,
022HI,2024-01-16T08:55:00Z,76740.0,9.128,30.65,2.49,267.0,3.555,0.0,10.717,11.772,10.722,11.378,0.0,49.4,45.8,15.3,13.06,-79.25,-5.65,-73.6,2.01,254.03,327.63,,W,,-7.39,102212.52,101241.82,
022HI,2024-01-16T09:00:00Z,76740.0,9.372,30.09,2.176,269.0,,0.0,10.689,11.761,10.722,11.311,0.0,49.4,45.8,15.3,13.06,-77.82,-5.74,-72.07,1.77,254.49,326.56,,W,,-7.42,102212.52,101218.23,
022HI,2024-01-16T09:05:00Z,76740.0,9.022,32.44,2.294,270.2,3.22,0.0,10.667,11.728,10.711,11.261,0.0,49.4,45.8,15.3,13.06,-77.06,-5.39,-71.67,0.7,255.17,326.83,,W,,-6.75,102212.52,101252.05,
022HI,2024-01-16T09:10:00Z,76740.0,8.65,33.79,2.5,269.5,3.334,0.0,10.661,11.7,10.728,11.25,0.0,49.4,45.8,15.3,13.05,-77.23,-5.46,-71.77,0.51,254.93,326.7,,W,,-6.54,102212.52,101288.12,
022HI,2024-01-16T09:15:00Z,76730.0,8.739,34.09,2.413,270.5,3.39,0.0,10.644,11.711,10.722,11.272,0.0,49.4,45.8,15.3,13.06,-77.56,-5.41,-72.15,1.02,255.06,327.21,,W,,-6.35,102199.2,101266.27,
022HI,2024-01-16T09:20:00Z,76740.0,8.1,35.81,2.727,251.0,3.941,0.0,10.633,11.689,10.728,11.2,0.0,49.4,45.8,15.3,13.05,-81.31,-5.27,-76.04,0.0,254.08,330.12,,WSW,,-6.27,102212.52,101341.64,
022HI,2024-01-16T09:25:00Z,76740.0,8.411,34.65,3.334,271.6,4.445,0.0,10.611,11.678,10.739,11.172,0.0,49.4,45.8,15.3,13.04,-82.16,-5.59,-76.57,1.9,255.01,331.58,,W,,-6.43,102212.52,101311.35,
022HI,2024-01-16T09:30:00Z,76740.0,8.361,35.78,2.963,265.4,4.388,0.0,10.578,11.639,10.739,11.161,0.0,49.4,45.8,15.3,13.05,-82.2,-5.52,-76.68,0.97,254.85,331.53,,W,,-6.05,102212.52,101316.19,
022HI,2024-01-16T09:35:00Z,76730.0,8.478,37.43,3.339,271.9,4.275,0.0,10.55,11.622,10.739,11.128,0.0,49.4,45.8,15.3,13.04,-83.16,-5.56,-77.6,1.41,255.19,332.79,,W,,-5.35,102199.2,101291.57,
022HI,2024-01-16T09:40:00Z,76730.0,8.661,36.29,2.871,266.3,4.388,0.0,10.522,11.611,10.711,11.1,0.0,49.4,45.8,15.3,13.04,-83.71,-5.63,-78.07,1.64,254.68,332.75,,W,,-5.6,102199.2,101273.8,
022HI,2024-01-16T09:45:00Z,76720.0,8.428,36.54,2.665,261.4,3.39,0.0,10.506,11.6,10.728,11.078,0.0,49.4,45.8,15.3,13.04,-83.03,-5.78,-77.25,0.91,253.55,330.79,,W,,-5.71,102185.88,101283.25,
022HI,2024-01-16T09:50:00Z,76720.0,8.7,37.88,2.984,264.5,3.833,0.0,10.494,11.572,10.739,11.028,0.0,49.4,45.8,15.3,13.03,-85.21,-5.78,-79.43,1.71,253.46,332.89,,W,,-4.99,102185.88,101256.78,
022HI,2024-01-16T09:55:00Z,76720.0,8.261,36.47,2.721,265.7,3.997,0.0,10.478,11.539,10.728,11.011,0.0,49.4,45.8,15.3,13.03,-85.1,-5.66,-79.44,0.28,252.02,331.45,,W,,-5.89,102185.88,101299.51,
