# STATION: 024HI
# STATION NAME: Lower Limahuli
# LATITUDE: 22.2198
# LONGITUDE: -159.5752
# ELEVATION [ft]: 102.0
# STATE: HI
Station_ID,Date_Time,pressure_set_1,air_temp_set_1,relative_humidity_set_1,wind_speed_set_1,wind_direction_set_1,wind_gust_set_1,solar_radiation_set_1,soil_temp_set_1,soil_temp_set_2,soil_temp_set_3,soil_temp_set_4,precip_accum_five_minute_set_1,soil_moisture_set_1,soil_moisture_set_2,soil_moisture_set_3,volt_set_1,net_radiation_set_1,net_radiation_sw_set_1,net_radiation_lw_set_1,outgoing_radiation_sw_set_1,incoming_radiation_lw_set_1,outgoing_radiation_lw_set_1,wind_chill_set_1d,wind_cardinal_direction_set_1d,heat_index_set_1d,dew_point_temperature_set_1d,altimeter_set_1d,sea_level_pressure_set_1d,wet_bulb_temperature_set_1d
,,Pascals,Celsius,%,m/s,Degrees,m/s,W/m**2,Celsius,Celsius,Celsius,Celsius,Millimeters,%,%,%,volts,W/m**2,W/m**2,W/m**2,W/m**2,W/m**2,W/m**2,Celsius,code,Celsius,Celsius,Pascals,Pascals,Celsius
024HI,2024-01-15T10:05:00Z,100670.0,17.661,88.7,0.561,202.2,1.554,0.0,19.233,19.389,20.922,18.95,0.0,40.0,50.4,46.6,12.89,-59.67,-3.43,-56.24,0.44,342.99,399.23,,SSW,,15.76,101042.09,101038.18,
024HI,2024-01-15T10:10:00Z,100660.0,17.689,88.4,0.484,215.8,1.446,0.0,19.222,19.361,20.9,18.95,0.0,40.0,50.4,46.6,12.98,-60.5,-3.88,-56.62,0.42,339.26,395.88,,SW,,15.73,101032.06,101028.11,
024HI,2024-01-15T10:15:00Z,100660.0,18.0,87.4,0.792,187.0,1.831,0.0,19.183,19.378,20.922,18.939,0.0,40.0,50.4,46.6,12.95,-59.98,-2.68,-57.3,0.81,339.28,396.59,,S,,15.86,101032.06,101027.72,
024HI,2024-01-15T10:20:00Z,100650.0,18.428,84.9,0.545,185.3,1.332,0.0,19.211,19.35,20.9,18.922,0.0,40.0,50.4,46.6,12.89,-58.96,-2.66,-56.3,0.68,344.33,400.63,,S,,15.82,101022.02,101017.14,
024HI,2024-01-15T10:25:00Z,100650.0,18.478,84.3,0.628,183.3,1.332,0.0,19.194,19.378,20.878,18.939,0.0,39.9,50.4,46.6,12.97,-60.19,-3.02,-57.17,0.08,340.65,397.82,,S,,15.76,101022.02,101017.08,
024HI,2024-01-15T10:30:00Z,100650.0,18.511,84.1,0.571,182.6,1.332,0.0,19.156,19.361,20.911,18.939,0.0,39.9,50.4,46.6,12.98,-59.73,-2.88,-56.85,0.0,339.1,395.96,,S,,15.76,101022.02,101017.03,
024HI,2024-01-15T10:35:00Z,100640.0,18.3,85.3,0.556,196.9,1.446,0.0,19.156,19.361,20.889,18.922,0.0,39.9,50.4,46.6,12.94,-60.73,-3.92,-56.81,0.0,337.92,394.74,,SSW,,15.77,101011.98,101007.26,
024HI,2024-01-15T10:40:00Z,100640.0,17.978,86.6,0.746,212.8,2.222,0.0,19.2,19.361,20.911,18.889,0.0,40.0,50.4,46.6,12.88,-61.8,-4.35,-57.45,0.27,340.84,398.29,,SSW,,15.69,101011.98,101007.67,
024HI,2024-01-15T10:45:00Z,100620.0,17.8,87.3,0.602,203.3,1.667,0.0,19.194,19.361,20.9,18.889,0.0,39.9,50.4,46.6,12.97,-64.39,-4.34,-60.05,0.23,336.25,396.3,,SSW,,15.64,100991.91,100987.82,
024HI,2024-01-15T10:50:00Z,100620.0,17.678,87.6,0.823,192.3,2.053,0.0,19.156,19.35,20.922,18.872,0.0,39.9,50.4,46.6,12.93,-65.19,-4.12,-61.07,0.37,334.29,395.36,,SSW,,15.58,100991.91,100987.98,
024HI,2024-01-15T10:55:00Z,100620.0,17.672,87.2,0.628,201.8,1.554,0.0,19.189,19.339,20.889,18.889,0.0,39.9,50.4,46.6,12.88,-64.58,-4.19,-60.38,0.44,338.17,398.55,,SSW,,15.5,100991.91,100987.99,
024HI,2024-01-15T11:00:00Z,100610.0,17.511,87.2,0.628,198.2,1.945,0.0,19.189,19.35,20.922,18.878,0.0,39.9,50.4,46.6,12.96,-65.18,-4.34,-60.84,0.25,334.67,395.5,,SSW,,15.34,100981.87,100978.15,
024HI,2024-01-15T11:05:00Z,100610.0,17.378,87.2,0.592,204.2,1.446,0.0,19.15,19.35,20.911,18.878,0.0,39.9,50.4,46.6,12.93,-65.08,-4.37,-60.71,0.33,332.75,393.45,,SSW,,15.21,100981.87,100978.32,
024HI,2024-01-15T11:10:00Z,100610.0,17.189,87.1,0.7,203.2,1.945,0.0,19.194,19.328,20.889,18.878,0.0,39.9,50.4,46.6,12.87,-62.73,-4.04,-58.68,0.12,337.35,396.03,,SSW,,15.01,100981.87,100978.56,
024HI,2024-01-15T11:15:00Z,100600.0,17.211,86.3,0.561,195.2,1.554,0.0,19.189,19.328,20.889,18.889,0.0,39.9,50.4,46.6,12.95,-62.62,-3.77,-58.85,0.17,334.77,393.62,,SSW,,14.88,100971.84,100968.5,
024HI,2024-01-15T11:20:00Z,100600.0,17.128,86.3,0.607,217.5,1.945,0.0,19.15,19.339,20.9,18.878,0.0,39.9,50.4,46.6,12.97,-62.15,-3.97,-58.18,0.16,333.19,391.38,,SW,,14.8,100971.84,100968.6,
024HI,2024-01-15T11:25:00Z,100600.0,17.061,84.8,0.967,200.1,2.222,0.0,19.156,19.328,20.878,18.889,0.0,39.9,50.4,46.6,12.97,-62.83,-3.44,-59.39,0.28,331.87,391.26,,SSW,,14.46,100971.84,100968.69,
024HI,2024-01-15T11:30:00Z,100590.0,17.25,83.8,0.813,188.2,1.61,0.0,19.15,19.322,20.9,18.872,0.0,39.9,50.4,46.6,12.97,-63.25,-3.36,-59.89,0.47,331.57,391.46,,S,,14.46,100961.8,100958.41,
024HI,2024-01-15T11:35:00Z,100590.0,17.178,83.7,0.628,202.9,,0.0,19.139,19.328,20.889,18.861,0.0,39.9,50.4,46.6,12.97,-62.23,-3.69,-58.54,0.66,332.2,390.75,,SSW,,14.37,100961.8,100958.51,
024HI,2024-01-15T11:40:00Z,100580.0,17.161,83.7,0.782,197.3,,0.0,19.133,19.328,20.872,18.861,0.0,39.9,50.4,46.6,12.97,-63.09,-3.77,-59.31,0.83,331.73,391.05,,SSW,,14.36,100951.76,100948.49,
024HI,2024-01-15T11:45:00Z,100580.0,17.189,83.4,1.029,184.6,2.222,0.0,19.128,19.322,20.889,18.839,0.0,39.9,50.4,46.6,12.97,-62.75,-3.59,-59.16,0.79,332.29,391.45,,S,,14.33,100951.76,100948.45,
024HI,2024-01-15T11:50:00Z,100580.0,17.422,82.3,1.271,181.1,3.056,0.0,19.111,19.322,20.872,18.839,0.0,39.9,50.4,46.6,12.97,-62.77,-3.05,-59.72,0.8,332.71,392.43,,S,,14.35,100951.76,100948.16,
024HI,2024-01-15T11:55:00Z,100570.0,17.511,81.5,1.029,188.6,2.166,0.0,19.094,19.311,20.911,18.839,0.0,39.9,50.4,46.6,12.97,-63.1,-3.46,-59.64,0.74,332.52,392.16,,S,,14.29,100941.73,100938.01,
024HI,2024-01-15T12:00:00Z,100570.0,17.339,81.7,0.967,198.1,2.5,0.0,19.089,19.3,20.9,18.839,0.0,39.9,50.4,46.6,12.97,-62.77,-3.8,-58.97,0.67,332.66,391.63,,SSW,,14.16,100941.73,100938.23,
024HI,2024-01-15T12:05:00Z,100570.0,17.228,82.5,0.849,201.1,2.053,0.0,19.083,19.328,20.889,18.8,0.0,39.9,50.4,46.6,12.97,-62.21,-4.01,-58.2,0.82,332.99,391.18,,SSW,,14.2,100941.73,100938.37,
024HI,2024-01-15T12:10:00Z,100570.0,17.061,84.1,0.658,206.2,1.831,0.0,19.083,19.3,20.878,18.822,0.0,39.9,50.4,46.6,12.97,-61.11,-4.28,-56.83,0.86,333.72,390.55,,SSW,,14.33,100941.73,100938.58,
024HI,2024-01-15T12:15:00Z,100570.0,17.061,83.1,0.875,191.3,,0.0,19.083,19.289,20.9,18.811,0.0,39.9,50.4,46.6,12.97,-60.56,-3.53,-57.03,0.9,333.91,390.94,,SSW,,14.15,100941.73,100938.58,
024HI,2024-01-15T12:20:00Z,100570.0,17.122,82.1,1.055,211.7,2.886,0.0,19.078,19.3,20.889,18.811,0.0,39.9,50.4,46.6,12.96,-60.79,-3.5,-57.28,0.94,333.49,390.77,,SSW,,14.02,100941.73,100938.5,
024HI,2024-01-15T12:25:00Z,100570.0,17.072,82.6,0.839,194.3,1.723,0.0,19.067,19.278,20.911,18.811,0.0,39.9,50.4,46.6,12.96,-60.18,-3.66,-56.52,0.77,334.09,390.61,,SSW,,14.06,100941.73,100938.57,
024HI,2024-01-15T12:30:00Z,100570.0,16.978,83.0,0.911,198.5,2.109,0.0,19.061,19.272,20.861,18.811,0.0,39.9,50.4,46.6,12.96,-60.08,-3.7,-56.38,0.84,333.94,390.31,,SSW,,14.05,100941.73,100938.69,
024HI,2024-01-15T12:35:00Z,100560.0,16.989,83.3,0.787,193.7,1.497,0.0,19.056,19.3,20.889,18.8,0.0,39.9,50.4,46.6,12.96,-60.76,-3.93,-56.83,0.9,333.98,390.81,,SSW,,14.11,100931.69,100928.64,
024HI,2024-01-15T12:40:00Z,100560.0,16.911,83.6,1.013,209.3,3.112,0.0,19.05,19.272,20.911,18.8,0.0,39.9,50.4,46.6,12.94,-60.97,-3.78,-57.19,1.08,333.24,390.43,,SSW,,14.09,100931.69,100928.74,
024HI,2024-01-15T12:45:00Z,100560.0,16.989,83.6,0.957,186.7,1.831,0.0,19.044,19.261,20.872,18.778,0.0,39.9,50.4,46.6,12.96,-60.55,-3.77,-56.78,1.06,334.05,390.83,,S,,14.17,100931.69,100928.64,
024HI,2024-01-15T12:50:00Z,100550.0,17.039,83.3,0.756,198.6,1.888,0.0,19.033,19.272,20.878,18.789,0.0,39.8,50.4,46.6,12.96,-60.62,-3.73,-56.89,1.14,334.03,390.92,,SSW,,14.16,100921.65,100918.54,
024HI,2024-01-15T12:55:00Z,100550.0,16.989,83.6,0.731,196.8,1.667,0.0,19.028,19.25,20.861,18.772,0.0,39.8,50.4,46.6,12.96,-60.01,-3.83,-56.18,1.03,334.55,390.73,,SSW,,14.17,100921.65,100918.6,
024HI,2024-01-15T13:00:00Z,100550.0,17.011,83.4,0.751,205.6,2.557,0.0,19.022,19.272,20.9,18.772,0.0,39.8,50.4,46.6,12.96,-60.17,-3.87,-56.3,1.08,334.38,390.68,,SSW,,14.15,100921.65,100918.57,
024HI,2024-01-15T13:05:00Z,100550.0,16.939,83.3,0.689,201.5,1.667,0.0,19.017,19.278,20.889,18.761,0.0,39.8,50.4,46.6,12.96,-60.41,-3.85,-56.57,0.95,333.76,390.32,,SSW,,14.07,100921.65,100918.66,
024HI,2024-01-15T13:10:00Z,100540.0,16.939,83.3,0.741,200.0,1.831,0.0,19.017,19.261,20.922,18.761,0.0,39.8,50.4,46.6,12.96,-60.04,-3.7,-56.34,1.07,333.83,390.17,,SSW,,14.07,100911.61,100908.63,
024HI,2024-01-15T13:15:00Z,100540.0,16.878,84.7,0.731,203.3,,0.0,19.011,19.261,20.922,18.75,0.0,39.8,50.4,46.6,12.91,-59.73,-4.05,-55.69,1.18,334.12,389.8,,SSW,,14.27,100911.61,100908.7,
024HI,2024-01-15T13:20:00Z,100540.0,16.872,84.3,0.648,212.1,1.888,0.0,19.05,19.25,20.9,18.75,0.0,39.8,50.4,46.6,12.85,-58.29,-3.59,-54.7,1.16,338.99,393.69,,SSW,,14.19,100911.61,100908.71,
024HI,2024-01-15T13:25:00Z,100540.0,17.0,83.6,0.71,199.1,1.945,0.0,19.039,19.239,20.872,18.739,0.0,39.8,50.4,46.6,12.93,-59.35,-3.7,-55.66,1.06,336.03,391.69,,SSW,,14.18,100911.61,100908.55,
024HI,2024-01-15T13:30:00Z,100540.0,16.989,83.9,0.689,205.3,2.053,0.0,18.989,19.261,20.9,18.722,0.0,39.8,50.4,46.6,12.95,-59.87,-4.05,-55.82,0.84,334.87,390.69,,SSW,,14.23,100911.61,100908.56,
024HI,2024-01-15T13:35:00Z,100530.0,16.939,83.9,0.741,204.4,2.109,0.0,18.983,19.239,20.878,18.711,0.0,39.8,50.4,46.6,12.95,-59.94,-4.01,-55.93,0.86,334.45,390.38,,SSW,,14.18,100901.58,100898.59,
024HI,2024-01-15T13:40:00Z,100530.0,16.961,84.0,0.875,209.8,2.222,0.0,18.983,19.261,20.872,18.722,0.0,39.8,50.4,46.6,12.95,-59.33,-3.77,-55.57,1.17,334.43,390.0,,SSW,,14.22,100901.58,100898.56,
024HI,2024-01-15T13:45:00Z,100530.0,16.95,84.5,0.684,203.8,1.389,0.0,18.983,19.25,20.872,18.722,0.0,39.8,50.4,46.6,12.95,-59.72,-3.97,-55.74,1.14,334.35,390.1,,SSW,,14.3,100901.58,100898.58,
024HI,2024-01-15T13:50:00Z,100520.0,16.911,84.7,0.489,210.6,1.667,0.0,18.978,19.228,20.878,18.689,0.0,39.8,50.4,46.6,12.9,-60.13,-4.21,-55.93,1.15,333.6,389.53,,SSW,,14.3,100891.54,100888.59,
024HI,2024-01-15T13:55:00Z,100510.0,16.872,85.0,0.674,211.8,1.775,0.0,19.017,19.228,20.861,18.7,0.0,39.8,50.4,46.6,12.84,-58.18,-3.94,-54.24,1.12,338.76,393.0,,SSW,,14.31,100881.5,100878.6,
024HI,2024-01-15T14:00:00Z,100500.0,16.878,84.9,0.386,213.7,1.224,0.0,19.006,19.239,20.911,18.711,0.0,39.8,50.4,46.6,12.93,-59.2,-3.97,-55.23,0.88,335.41,390.64,,SSW,,14.3,100871.47,100868.56,
024HI,2024-01-15T14:05:00Z,100500.0,16.928,84.7,0.406,209.1,1.497,0.0,18.961,19.239,20.889,18.711,0.0,39.8,50.4,46.6,12.94,-59.74,-4.0,-55.75,0.99,334.01,389.76,,SSW,,14.31,100871.47,100868.49,
024HI,2024-01-15T14:10:00Z,100500.0,17.05,84.3,0.823,201.5,2.557,0.0,18.956,19.239,20.861,18.689,0.0,39.8,50.4,46.6,12.95,-60.78,-3.85,-56.93,1.16,333.51,390.44,,SSW,,14.36,100871.47,100868.34,
024HI,2024-01-15T14:15:00Z,100510.0,17.122,84.3,0.782,198.9,1.945,0.0,18.944,19.222,20.872,18.678,0.0,39.8,50.4,46.6,12.9,-61.05,-3.78,-57.27,1.13,333.73,391.0,,SSW,,14.43,100881.5,100878.28,
024HI,2024-01-15T14:20:00Z,100510.0,17.25,84.0,0.977,181.3,1.667,0.0,18.972,19.222,20.878,18.661,0.0,39.8,50.4,46.6,12.84,-60.62,-3.47,-57.15,1.05,338.4,395.55,,S,,14.5,100881.5,100878.12,
024HI,2024-01-15T14:25:00Z,100510.0,17.428,84.0,0.962,185.0,1.831,0.0,18.956,19.2,20.922,18.661,0.0,39.8,50.4,46.6,12.93,-60.91,-3.31,-57.59,0.7,335.73,393.33,,S,,14.68,100881.5,100877.89,
024HI,2024-01-15T14:30:00Z,100510.0,17.3,84.4,0.725,197.8,1.831,0.0,18.906,19.189,20.922,18.672,0.0,39.8,50.4,46.6,12.94,-60.46,-3.65,-56.82,0.41,335.22,392.04,,SSW,,14.62,100881.5,100878.06,
024HI,2024-01-15T14:35:00Z,100510.0,17.228,84.1,0.828,197.3,1.945,0.0,18.906,19.211,20.878,18.65,0.0,39.8,50.4,46.6,12.94,-60.34,-3.5,-56.84,0.57,335.09,391.93,,SSW,,14.5,100881.5,100878.15,
024HI,2024-01-15T14:40:00Z,100500.0,17.239,83.1,1.049,206.5,2.33,0.0,18.906,19.189,20.889,18.628,0.0,39.8,50.4,46.6,12.94,-60.5,-3.51,-56.98,0.79,334.71,391.7,,SSW,,14.32,100871.47,100868.1,
024HI,2024-01-15T14:45:00Z,100500.0,17.311,82.6,0.869,186.5,1.554,0.0,18.906,19.2,20.9,18.661,0.0,39.7,50.4,46.6,12.94,-61.08,-3.57,-57.51,0.96,334.52,392.03,,S,,14.3,100871.47,100868.01,
024HI,2024-01-15T14:50:00Z,100500.0,17.428,83.4,1.157,178.5,2.053,0.0,18.894,19.178,20.889,18.65,0.0,39.8,50.4,46.6,12.94,-60.74,-3.34,-57.4,0.82,334.56,391.96,,S,,14.56,100871.47,100867.86,
024HI,2024-01-15T14:55:00Z,100500.0,17.328,84.0,0.818,196.2,1.775,0.0,18.889,19.178,20.889,18.628,0.0,39.8,50.4,46.6,12.94,-60.99,-3.74,-57.25,0.63,334.17,391.42,,SSW,,14.58,100871.47,100867.98,
024HI,2024-01-15T15:00:00Z,100490.0,17.111,84.5,0.725,196.6,1.61,0.0,18.894,19.189,20.878,18.628,0.0,39.8,50.4,46.6,12.94,-60.8,-3.93,-56.87,0.57,334.09,390.96,,SSW,,14.46,100861.43,100858.22,
024HI,2024-01-15T15:05:00Z,100490.0,17.028,84.3,0.864,201.9,2.444,0.0,18.894,19.178,20.878,18.611,0.0,39.8,50.4,46.6,12.94,-60.28,-3.47,-56.8,0.74,334.01,390.81,,SSW,,14.34,100861.43,100858.33,
024HI,2024-01-15T15:10:00Z,100500.0,17.078,84.5,0.962,196.4,1.775,0.0,18.894,19.172,20.85,18.611,0.0,39.7,50.4,46.6,12.89,-60.79,-3.67,-57.12,0.87,333.98,391.1,,SSW,,14.42,100871.47,100868.3,
024HI,2024-01-15T15:15:00Z,100490.0,17.022,84.8,0.839,193.5,1.888,0.0,18.928,19.172,20.861,18.622,0.0,39.7,50.4,46.6,12.84,-59.99,-3.62,-56.37,0.74,338.36,394.72,,SSW,,14.42,100861.43,100858.34,
024HI,2024-01-15T15:20:00Z,100490.0,17.061,84.9,0.782,186.7,1.775,0.0,18.922,19.178,20.861,18.6,0.0,39.7,50.4,46.6,12.92,-60.55,-3.52,-57.03,0.45,335.28,392.32,,S,,14.48,100861.43,100858.29,
024HI,2024-01-15T15:25:00Z,100490.0,17.011,84.8,0.777,193.1,2.387,0.0,18.872,19.161,20.878,18.622,0.0,39.7,50.4,46.6,12.93,-59.95,-3.64,-56.32,0.33,334.28,390.6,,SSW,,14.41,100861.43,100858.35,
024HI,2024-01-15T15:30:00Z,100490.0,16.939,84.6,0.674,200.2,,0.0,18.878,19.172,20.878,18.611,0.0,39.7,50.4,46.6,12.94,-60.03,-3.68,-56.36,0.58,333.94,390.3,,SSW,,14.31,100861.43,100858.44,
024HI,2024-01-15T15:35:00Z,100490.0,16.978,85.2,0.797,196.8,1.775,0.0,18.878,19.161,20.9,18.572,0.0,39.7,50.4,46.6,12.89,-60.55,-3.68,-56.87,0.81,333.87,390.73,,SSW,,14.46,100861.43,100858.39,
024HI,2024-01-15T15:40:00Z,100490.0,16.922,84.7,0.761,200.1,1.831,0.0,18.911,19.161,20.889,18.6,0.0,39.7,50.4,46.6,12.83,-59.4,-3.64,-55.76,0.91,338.49,394.25,,SSW,,14.31,100861.43,100858.46,
024HI,2024-01-15T15:45:00Z,100490.0,16.939,84.7,0.684,197.1,2.109,0.0,18.9,19.15,20.9,18.6,0.0,39.7,50.4,46.6,12.92,-60.41,-3.64,-56.77,0.57,335.12,391.89,,SSW,,14.33,100861.43,100858.44,
024HI,2024-01-15T15:50:00Z,100490.0,16.922,85.2,0.921,191.9,1.945,0.0,18.856,19.15,20.911,18.578,0.0,39.7,50.4,46.6,12.93,-61.24,-3.63,-57.61,0.51,333.58,391.19,,SSW,,14.4,100861.43,100858.46,
024HI,2024-01-15T15:55:00Z,100490.0,16.911,84.4,1.039,188.4,2.166,0.0,18.85,19.139,20.9,18.589,0.0,39.7,50.4,46.6,12.93,-61.18,-3.44,-57.75,0.46,333.31,391.05,,S,,14.24,100861.43,100858.48,
024HI,2024-01-15T16:00:00Z,100490.0,16.978,84.7,1.019,182.4,1.945,0.0,18.85,19.161,20.878,18.589,0.0,39.7,50.4,46.6,12.94,-61.01,-3.32,-57.7,0.59,332.81,390.51,,S,,14.36,100861.43,100858.39,
024HI,2024-01-15T16:05:00Z,100490.0,16.95,84.8,1.116,184.0,2.053,0.0,18.844,19.128,20.9,18.578,0.0,39.7,50.4,46.6,12.89,-61.25,-3.28,-57.97,0.5,332.58,390.56,,S,,14.35,100861.43,100858.43,
024HI,2024-01-15T16:10:00Z,100480.0,16.911,83.7,0.869,192.1,1.61,0.0,18.878,19.128,20.889,18.578,0.0,39.7,50.4,46.6,12.83,-60.45,-3.36,-57.09,0.33,336.75,393.84,,SSW,,14.11,100851.39,100848.44,
024HI,2024-01-15T16:15:00Z,100480.0,16.839,83.7,0.869,193.4,1.888,0.0,18.872,19.122,20.872,18.561,0.0,39.6,50.4,46.6,12.92,-61.14,-3.48,-57.66,0.18,333.62,391.28,,SSW,,14.04,100851.39,100848.53,
024HI,2024-01-15T16:20:00Z,100480.0,17.05,83.5,0.792,185.5,1.723,0.0,18.828,19.139,20.889,18.561,0.0,39.6,50.4,46.6,12.93,-60.18,-2.94,-57.24,0.37,332.51,389.75,,S,,14.21,100851.39,100848.27,
024HI,2024-01-15T16:25:00Z,100470.0,17.022,83.0,0.756,184.0,1.332,0.0,18.828,19.128,20.878,18.528,0.0,39.6,50.4,46.6,12.93,-60.92,-3.34,-57.58,0.24,331.88,389.46,,S,,14.09,100841.36,100838.26,
024HI,2024-01-15T16:30:00Z,100470.0,17.1,82.0,0.803,187.9,1.389,0.0,18.828,19.128,20.911,18.572,0.0,39.6,50.4,46.6,12.94,-60.58,-2.88,-57.7,0.3,331.45,389.15,,S,,13.98,100841.36,100838.17,
024HI,2024-01-15T16:35:00Z,100460.0,17.239,80.3,0.792,184.9,1.554,0.0,18.822,19.122,20.889,18.539,0.0,39.6,50.4,46.6,12.93,-59.48,-2.35,-57.13,0.41,331.64,388.76,,S,,13.79,100831.32,100827.95,
024HI,2024-01-15T16:40:00Z,100460.0,17.378,79.09,0.905,186.7,1.945,0.0,18.817,19.122,20.878,18.55,0.0,39.6,50.4,46.6,12.94,-61.66,-3.0,-58.66,0.43,330.14,388.8,,S,,13.69,100831.32,100827.78,
024HI,2024-01-15T16:45:00Z,100450.0,17.339,79.27,0.983,191.1,1.831,0.0,18.811,19.122,20.889,18.528,0.0,39.6,50.4,46.6,12.93,-62.93,-3.29,-59.64,0.46,329.59,389.23,,S,,13.69,100821.28,100817.79,
024HI,2024-01-15T16:50:00Z,100450.0,17.189,80.6,0.849,194.9,1.945,0.0,18.8,19.1,20.878,18.55,0.0,39.6,50.4,46.6,12.93,-63.06,-3.67,-59.39,0.46,329.45,388.84,,SSW,,13.8,100821.28,100817.98,
024HI,2024-01-15T16:55:00Z,100460.0,17.011,80.7,0.988,185.3,2.33,0.0,18.8,19.1,20.889,18.539,0.0,39.6,50.3,46.6,12.93,-61.6,-2.97,-58.63,0.27,329.67,388.31,,S,,13.64,100831.32,100828.24,
024HI,2024-01-15T17:00:00Z,100470.0,17.161,78.76,1.013,189.1,1.888,0.0,18.794,19.089,20.861,18.539,0.0,39.6,50.3,46.6,12.93,-61.63,-2.64,-58.99,0.39,329.54,388.53,,S,,13.41,100841.36,100838.09,
024HI,2024-01-15T17:05:00Z,100470.0,17.172,79.18,0.885,189.3,1.554,0.0,18.789,19.1,20.889,18.539,0.0,39.6,50.3,46.6,12.93,-62.22,-3.23,-58.99,0.5,329.56,388.55,,S,,13.51,100841.36,100838.08,
024HI,2024-01-15T17:10:00Z,100470.0,16.95,79.4,0.993,195.5,1.888,0.0,18.783,19.089,20.889,18.528,0.0,39.6,50.3,46.6,12.93,-61.21,-3.02,-58.19,0.48,329.91,388.1,,SSW,,13.33,100841.36,100838.36,
024HI,2024-01-15T17:15:00Z,100470.0,16.95,78.53,0.803,201.6,1.446,0.0,18.778,19.1,20.872,18.539,0.0,39.6,50.3,46.6,12.93,-59.0,-1.9,-57.1,0.98,330.24,387.34,,SSW,,13.16,100841.36,100838.36,
024HI,2024-01-15T17:20:00Z,100470.0,16.928,79.33,0.792,191.3,1.276,0.36,18.778,19.072,20.878,18.522,0.0,39.6,50.3,46.6,12.93,-58.6,-0.87,-57.72,1.24,329.93,387.65,,SSW,,13.3,100841.36,100838.39,
024HI,2024-01-15T17:25:00Z,100470.0,17.028,77.57,0.859,204.0,1.831,2.3,18.767,19.078,20.85,18.511,0.0,39.6,50.3,46.6,12.93,-58.06,0.74,-58.8,1.55,329.11,387.91,,SSW,,13.05,100841.36,100838.26,
024HI,2024-01-15T17:30:00Z,100470.0,17.05,78.89,0.962,189.7,1.554,4.88,18.761,19.072,20.878,18.478,0.0,39.6,50.3,46.6,12.93,-57.16,2.81,-59.97,2.07,328.66,388.63,,S,,13.33,100841.36,100838.23,
024HI,2024-01-15T17:35:00Z,100470.0,17.161,79.77,0.818,187.3,1.888,7.29,18.75,19.078,20.878,18.522,0.0,39.6,50.3,46.6,12.93,-55.65,4.95,-60.6,2.34,328.59,389.19,,S,,13.61,100841.36,100838.09,
024HI,2024-01-15T17:40:00Z,100460.0,17.078,80.0,0.875,192.8,1.775,9.6,18.739,19.061,20.878,18.5,0.0,39.6,50.3,46.6,12.93,-53.98,7.14,-61.12,2.46,328.15,389.27,,SSW,,13.57,100831.32,100828.16,
024HI,2024-01-15T17:45:00Z,100460.0,17.078,80.5,0.869,190.2,1.888,12.03,18.733,19.072,20.889,18.489,0.0,39.6,50.3,46.6,12.94,-52.56,9.4,-61.96,2.63,327.54,389.5,,S,,13.67,100831.32,100828.16,
024HI,2024-01-15T17:50:00Z,100460.0,17.039,81.1,0.746,196.7,2.109,14.16,18.728,19.061,20.85,18.489,0.0,39.6,50.3,46.6,12.94,-51.24,11.39,-62.64,2.76,327.12,389.76,,SSW,,13.75,100831.32,100828.21,
024HI,2024-01-15T17:55:00Z,100450.0,16.961,79.98,0.905,190.1,2.387,16.16,18.728,19.072,20.889,18.489,0.0,39.6,50.3,46.6,12.94,-49.72,13.41,-63.13,2.74,326.35,389.48,,S,,13.46,100821.28,100818.27,
024HI,2024-01-15T18:00:00Z,100450.0,16.95,81.1,0.823,194.2,2.222,18.09,18.722,19.072,20.889,18.472,0.0,39.6,50.3,46.6,12.95,-48.74,15.04,-63.78,3.05,325.98,389.76,,SSW,,13.66,100821.28,100818.28,
024HI,2024-01-15T18:05:00Z,100450.0,16.889,80.4,1.044,195.3,2.721,19.93,18.717,19.061,20.878,18.472,0.0,39.6,50.3,46.6,12.95,-47.52,16.94,-64.46,2.99,325.41,389.87,,SSW,,13.47,100821.28,100818.36,
024HI,2024-01-15T18:10:00Z,100460.0,16.872,80.5,0.7,195.9,1.446,21.46,18.711,19.061,20.889,18.461,0.0,39.6,50.3,46.6,12.95,-46.01,18.38,-64.39,3.08,325.2,389.59,,SSW,,13.47,100831.32,100828.42,
024HI,2024-01-15T18:15:00Z,100460.0,16.739,79.78,1.049,213.3,3.164,23.24,18.711,19.061,20.889,18.478,0.0,39.6,50.3,46.6,12.96,-44.2,20.12,-64.32,3.12,324.99,389.31,,SSW,,13.2,100831.32,100828.59,
024HI,2024-01-15T18:20:00Z,100470.0,16.8,80.2,0.875,195.2,1.831,24.43,18.711,19.05,20.828,18.461,0.0,39.6,50.3,46.6,12.96,-43.25,21.07,-64.31,3.36,324.78,389.09,,SSW,,13.34,100841.36,100838.55,
024HI,2024-01-15T18:25:00Z,100470.0,16.822,81.8,0.844,192.1,1.61,25.81,18.706,19.039,20.839,18.45,0.0,39.6,50.3,46.6,12.96,-42.73,22.14,-64.88,3.67,324.72,389.59,,SSW,,13.67,100841.36,100838.52,
024HI,2024-01-15T18:30:00Z,100470.0,16.722,81.6,1.008,191.2,2.109,27.02,18.706,19.039,20.889,18.45,0.0,39.6,50.3,46.6,12.96,-41.18,23.62,-64.8,3.4,324.78,389.59,,S,,13.53,100841.36,100838.65,
024HI,2024-01-15T18:35:00Z,100460.0,16.7,80.7,1.142,189.4,2.279,28.42,18.694,19.05,20.9,18.439,0.0,39.6,50.3,46.6,12.95,-39.95,25.01,-64.95,3.42,324.82,389.77,,S,,13.34,100831.32,100828.64,
024HI,2024-01-15T18:40:00Z,100460.0,16.789,81.7,1.055,188.9,2.109,29.58,18.689,19.011,20.839,18.439,0.0,39.6,50.3,46.6,12.97,-39.05,25.71,-64.76,3.87,325.32,390.08,,S,,13.62,100831.32,100828.53,
024HI,2024-01-15T18:45:00Z,100460.0,16.711,82.6,0.993,193.6,,30.39,18.683,19.039,20.878,18.428,0.0,39.6,50.3,46.6,12.98,-38.2,26.59,-64.79,3.8,325.48,390.27,,SSW,,13.71,100831.32,100828.62,
024HI,2024-01-15T18:50:00Z,100460.0,16.578,80.7,0.916,192.5,1.667,31.39,18.678,19.039,20.911,18.428,0.0,39.5,50.3,46.5,12.98,-36.66,27.87,-64.53,3.52,325.22,389.75,,SSW,,13.22,100831.32,100828.79,
024HI,2024-01-15T18:55:00Z,100460.0,16.722,81.1,1.049,189.2,1.888,32.75,18.672,19.039,20.861,18.428,0.0,39.5,50.3,46.5,12.98,-36.33,28.78,-65.11,3.98,324.92,390.03,,S,,13.44,100831.32,100828.61,
024HI,2024-01-15T19:00:00Z,100460.0,16.789,80.1,1.049,200.5,2.608,33.77,18.672,19.011,20.878,18.422,0.0,39.5,50.3,46.5,12.99,-35.68,29.5,-65.18,4.27,324.83,390.01,,SSW,,13.31,100831.32,100828.53,
024HI,2024-01-15T19:05:00Z,100450.0,16.861,83.4,1.024,185.8,2.053,34.41,18.667,19.0,20.861,18.45,0.0,39.5,50.3,46.5,12.99,-36.26,29.72,-65.98,4.69,324.93,390.92,,S,,14.01,100821.28,100818.4,
024HI,2024-01-15T19:10:00Z,100440.0,16.739,84.7,1.013,191.8,2.5,35.11,18.661,18.989,20.878,18.422,0.0,39.5,50.3,46.5,12.99,-36.16,30.51,-66.67,4.6,324.42,391.09,,SSW,,14.13,100811.24,100808.51,
024HI,2024-01-15T19:15:00Z,100440.0,16.65,85.0,1.008,193.4,,35.97,18.661,19.022,20.872,18.439,0.0,39.5,50.3,46.5,13.0,-35.9,31.2,-67.09,4.77,324.01,391.1,,SSW,,14.1,100811.24,100808.63,
024HI,2024-01-15T19:20:00Z,100430.0,16.528,84.4,0.88,189.7,2.778,36.73,18.661,19.022,20.839,18.4,0.0,39.5,50.3,46.5,13.0,-34.73,32.0,-66.74,4.73,323.91,390.65,,S,,13.87,100801.21,100798.75,
024HI,2024-01-15T19:25:00Z,100430.0,16.622,84.5,1.152,185.5,2.053,37.98,18.661,19.0,20.861,18.422,0.0,39.5,50.3,46.5,13.0,-34.47,32.73,-67.19,5.25,323.89,391.08,,S,,13.98,100801.21,100798.63,
024HI,2024-01-15T19:30:00Z,100420.0,16.578,85.6,0.936,190.3,1.888,38.55,18.661,19.0,20.878,18.372,0.0,39.5,50.3,46.5,12.96,-33.78,33.18,-66.95,5.37,,390.95,,S,,14.14,100791.17,100788.65,
024HI,2024-01-15T19:35:00Z,100410.0,16.389,85.0,0.844,193.2,1.497,39.27,18.7,18.989,20.85,18.45,0.0,39.5,50.3,46.5,12.85,-31.32,34.12,-65.44,5.15,328.63,394.07,,SSW,,13.84,100781.13,100778.85,
024HI,2024-01-15T19:40:00Z,100410.0,16.572,85.8,0.777,189.2,1.775,40.26,18.694,19.011,20.878,18.4,0.0,39.5,50.3,46.5,12.95,-31.15,34.71,-65.87,5.54,326.27,392.14,,S,,14.17,100781.13,100778.62,
024HI,2024-01-15T19:45:00Z,100400.0,16.539,87.0,0.602,190.8,1.055,40.8,18.65,18.978,20.861,18.411,0.0,39.5,50.3,46.5,12.98,-29.78,35.03,-64.81,5.77,326.27,391.09,,S,,14.35,100771.1,100768.62,
024HI,2024-01-15T19:50:00Z,100400.0,16.439,88.4,0.607,196.8,2.166,41.89,18.656,18.989,20.872,18.389,0.0,39.5,50.3,46.5,12.94,-28.47,35.79,-64.27,6.09,326.77,391.04,,SSW,,14.5,100771.1,100768.75,
024HI,2024-01-15T19:55:00Z,100400.0,16.389,89.5,0.556,189.2,1.111,43.71,18.694,19.0,20.9,18.4,0.0,39.5,50.3,46.5,12.85,-25.45,37.18,-62.63,6.52,332.65,395.28,,S,,14.64,100771.1,100768.81,
024HI,2024-01-15T20:00:00Z,100400.0,16.528,90.5,0.52,195.7,1.224,44.1,18.683,18.972,20.889,18.372,0.0,39.4,50.3,46.5,12.91,-26.94,37.08,-64.02,7.02,329.47,393.49,,SSW,,14.95,100771.1,100768.63,
024HI,2024-01-15T20:05:00Z,100400.0,16.561,90.7,0.617,195.2,1.276,46.2,18.678,18.978,20.872,18.378,0.0,39.5,50.3,46.5,12.85,-25.63,38.39,-64.02,7.8,333.26,397.28,,SSW,,15.02,100771.1,100768.59,
024HI,2024-01-15T20:10:00Z,100390.0,16.7,90.6,0.658,203.9,1.61,90.13,18.661,18.972,20.872,18.411,0.0,39.5,50.3,46.5,13.03,12.37,78.05,-65.68,12.08,330.11,395.79,,SSW,,15.14,100761.06,100758.38,
024HI,2024-01-15T20:15:00Z,100380.0,17.011,90.5,0.669,185.5,1.389,513.89,18.611,18.989,20.878,18.389,0.0,39.5,50.3,46.5,13.69,371.9,442.11,-70.2,71.78,332.45,402.65,,S,,15.43,100751.02,100747.95,
024HI,2024-01-15T20:20:00Z,100370.0,17.878,90.3,0.617,191.8,1.168,575.16,18.589,18.972,20.872,18.361,0.0,39.6,50.3,46.5,13.72,405.29,484.71,-79.42,90.45,334.06,413.48,,SSW,,16.25,100740.99,100736.81,
024HI,2024-01-15T20:25:00Z,100370.0,18.578,88.2,0.406,192.9,1.111,596.8,18.572,18.978,20.9,18.361,0.0,39.5,50.3,46.5,13.72,421.28,503.84,-82.56,92.96,335.7,418.26,,SSW,,16.57,100740.99,100735.93,
024HI,2024-01-15T20:30:00Z,100370.0,19.161,85.3,0.427,204.3,0.89,607.79,18.567,18.972,20.878,18.389,0.0,39.5,50.3,46.5,13.7,427.97,512.16,-84.19,95.63,337.42,421.61,,SSW,,16.62,100740.99,100735.2,
024HI,2024-01-15T20:35:00Z,100370.0,19.639,83.2,0.376,175.3,0.833,622.55,18.567,18.972,20.861,18.361,0.0,39.5,50.3,46.5,13.7,437.92,523.92,-86.0,98.62,339.44,425.44,,S,,16.69,100740.99,100734.6,
024HI,2024-01-15T20:40:00Z,100370.0,20.139,82.2,0.345,174.0,0.72,630.1,18.578,18.961,20.872,18.361,0.0,39.5,50.3,46.5,13.66,441.57,528.42,-86.85,101.68,341.73,428.58,,S,,16.99,100740.99,100733.98,
024HI,2024-01-15T20:45:00Z,100380.0,20.561,80.1,0.602,158.5,1.168,642.96,18.594,18.95,20.878,18.372,0.0,39.5,50.3,46.5,13.68,450.89,537.65,-86.76,105.31,343.7,430.46,,SSE,,16.99,100751.02,100743.49,
024HI,2024-01-15T20:50:00Z,100370.0,20.739,78.69,0.741,172.6,1.224,659.01,18.622,18.961,20.872,18.4,0.0,39.5,50.3,46.5,13.66,461.46,548.58,-87.12,110.43,344.86,431.99,,S,,16.88,100740.99,100733.23,
024HI,2024-01-15T20:55:00Z,100370.0,21.011,77.29,0.422,168.5,0.998,672.31,18.65,18.95,20.872,18.411,0.0,39.5,50.3,46.5,13.65,469.57,558.22,-88.65,114.09,345.34,433.98,,SSE,,16.86,100740.99,100732.9,
024HI,2024-01-15T21:00:00Z,100360.0,21.128,77.12,0.597,155.8,1.055,681.67,18.683,18.939,20.872,18.4,0.0,39.5,50.3,46.5,13.65,475.87,564.69,-88.82,116.98,345.65,434.47,,SSE,,16.94,100730.95,100722.71,
024HI,2024-01-15T21:05:00Z,100340.0,21.372,77.82,0.293,154.6,0.89,696.67,18.717,18.961,20.878,18.439,0.0,39.5,50.3,46.5,13.64,484.92,575.89,-90.98,120.78,345.9,436.88,,SSE,,17.32,100710.87,100702.34,
024HI,2024-01-15T21:10:00Z,100330.0,21.75,76.0,0.195,135.5,0.833,711.39,18.75,18.95,20.889,18.422,0.0,39.5,50.3,46.5,13.63,495.43,588.17,-92.74,123.22,346.53,439.27,,SE,,17.31,100700.84,100691.84,
024HI,2024-01-15T21:15:00Z,100320.0,22.222,73.17,0.082,175.2,0.556,722.29,18.783,18.972,20.839,18.45,0.0,39.5,50.3,46.5,13.62,504.26,597.82,-93.55,124.47,347.17,440.72,,S,,17.17,100690.8,100681.23,
024HI,2024-01-15T21:20:00Z,100310.0,22.661,73.57,0.026,60.88,0.442,730.69,18.817,18.961,20.878,18.45,0.0,39.5,50.3,46.5,13.62,509.5,605.04,-95.54,125.65,347.19,442.72,,ENE,,17.68,100680.76,100670.65,
024HI,2024-01-15T21:25:00Z,100310.0,22.822,70.42,0.376,68.62,1.446,739.58,18.85,18.95,20.878,18.489,0.0,39.5,50.3,46.5,13.6,516.01,612.02,-96.02,127.56,348.07,444.09,,ENE,,17.14,100680.76,100670.46,
024HI,2024-01-15T21:30:00Z,100300.0,22.689,69.31,0.607,56.45,1.446,746.1,18.894,18.972,20.911,18.489,0.0,39.5,50.3,46.5,13.6,522.32,617.41,-95.09,128.69,349.1,444.18,,ENE,,16.76,100670.73,100660.58,
024HI,2024-01-15T21:35:00Z,100300.0,22.689,69.72,0.262,40.23,1.224,753.25,18.944,18.95,20.878,18.522,0.0,39.5,50.3,46.5,13.6,527.61,622.69,-95.08,130.56,350.22,445.31,,NE,,16.85,100670.73,100660.58,
024HI,2024-01-15T21:40:00Z,100300.0,23.022,70.89,0.288,9.64,1.723,760.36,18.989,18.95,20.872,18.55,0.0,39.4,50.3,46.5,13.59,531.92,627.4,-95.49,132.96,352.16,447.65,,N,,17.44,100670.73,100660.18,
024HI,2024-01-15T21:45:00Z,100300.0,22.9,69.22,0.777,19.28,2.279,765.92,19.028,18.961,20.9,18.572,0.0,39.4,50.3,46.5,13.59,537.85,632.8,-94.95,133.12,352.91,447.86,,NNE,,16.94,100670.73,100660.33,
024HI,2024-01-15T21:50:00Z,100290.0,22.789,70.26,0.324,340.7,1.775,770.99,19.072,18.972,20.861,18.6,0.0,39.4,50.3,46.5,13.59,540.8,636.33,-95.53,134.66,352.58,448.11,,NNW,,17.07,100660.69,100650.42,
024HI,2024-01-15T21:55:00Z,100290.0,23.039,70.9,0.448,34.03,1.667,777.99,19.111,18.978,20.861,18.611,0.0,39.4,50.3,46.5,13.57,543.31,640.86,-97.55,137.13,352.32,449.87,,NE,,17.45,100660.69,100650.12,
024HI,2024-01-15T22:00:00Z,100270.0,22.989,68.84,0.756,26.34,2.279,788.78,19.144,18.972,20.872,18.622,0.0,39.4,50.3,46.5,13.57,551.62,649.4,-97.78,139.38,352.22,450.0,,NNE,,16.94,100640.62,100630.11,
024HI,2024-01-15T22:05:00Z,100270.0,22.839,69.69,0.72,23.18,1.831,796.26,19.183,18.95,20.85,18.639,0.0,39.4,50.3,46.5,13.58,558.01,655.62,-97.6,140.65,351.8,449.41,,NNE,,16.99,100640.62,100630.29,
024HI,2024-01-15T22:10:00Z,100270.0,22.811,71.01,0.602,12.92,2.279,799.32,19.217,18.978,20.828,18.678,0.0,39.4,50.3,46.5,13.58,560.19,657.23,-97.04,142.08,353.3,450.34,,NNE,,17.26,100640.62,100630.33,
024HI,2024-01-15T22:15:00Z,100270.0,22.8,71.86,1.008,3.14,,803.39,19.244,18.989,20.861,18.7,0.0,39.4,50.3,46.5,13.56,563.94,660.41,-96.47,142.98,354.3,450.77,,N,,17.44,100640.62,100630.34,
024HI,2024-01-15T22:20:00Z,100280.0,22.839,72.04,0.931,328.4,,807.82,19.272,18.978,20.861,18.739,0.0,39.3,50.3,46.5,13.56,566.55,663.55,-97.0,144.27,354.81,451.81,,NNW,,17.51,100650.65,100640.33,
024HI,2024-01-15T22:25:00Z,100280.0,23.089,72.74,0.864,342.4,1.775,808.55,19.3,19.0,20.889,18.75,0.0,39.3,50.3,46.5,13.56,565.17,662.71,-97.54,145.84,355.42,452.95,,NNW,,17.91,100650.65,100640.02,
024HI,2024-01-15T22:30:00Z,100270.0,23.172,71.81,0.767,269.3,1.945,811.31,19.322,19.022,20.889,18.772,0.0,39.3,50.3,46.5,13.57,566.27,664.06,-97.79,147.24,354.41,452.2,,W,,17.78,100640.62,100629.88,
024HI,2024-01-15T22:35:00Z,100260.0,23.489,70.35,0.576,289.1,1.61,814.67,19.344,19.011,20.861,18.789,0.0,39.3,50.3,46.5,13.57,566.58,665.78,-99.21,148.89,353.82,453.03,,WNW,,17.76,100630.58,100619.46,
024HI,2024-01-15T22:40:00Z,100250.0,23.422,71.57,0.381,356.5,1.055,818.14,19.367,19.011,20.878,18.839,0.0,39.3,50.3,46.5,13.57,568.74,669.06,-100.31,149.08,354.42,454.73,,N,,17.97,100620.54,100609.51,
024HI,2024-01-15T22:45:00Z,100250.0,23.528,72.22,0.869,29.05,2.166,816.76,19.389,19.022,20.861,18.878,0.0,39.3,50.3,46.5,13.56,566.75,667.45,-100.7,149.3,354.67,455.37,,NNE,,18.22,100620.54,100609.38,
024HI,2024-01-15T22:50:00Z,100240.0,23.239,70.0,0.622,33.58,1.446,818.33,19.422,19.039,20.839,18.911,0.0,39.3,50.3,46.5,13.55,567.97,668.96,-100.99,149.37,353.57,454.55,,NNE,,17.44,100610.51,100599.7,
024HI,2024-01-15T22:55:00Z,100230.0,23.372,71.86,0.453,48.07,2.222,817.34,19.456,19.028,20.828,18.889,0.0,39.2,50.3,46.5,13.55,565.42,667.16,-101.74,150.18,354.29,456.04,,NE,,17.99,100600.47,100589.5,
024HI,2024-01-15T23:00:00Z,100230.0,23.372,70.36,0.772,17.27,,817.65,19.483,19.039,20.889,18.95,0.0,39.2,50.3,46.5,13.55,566.85,668.02,-101.17,149.62,354.58,455.75,,NNE,,17.65,100600.47,100589.5,
024HI,2024-01-15T23:05:00Z,100230.0,23.389,71.24,0.381,74.97,1.224,818.25,19.517,19.061,20.85,18.972,0.0,39.2,50.3,46.5,13.55,565.99,667.92,-101.93,150.33,354.02,455.95,,ENE,,17.87,100600.47,100589.48,
024HI,2024-01-15T23:10:00Z,100220.0,23.6,70.55,0.581,33.36,1.61,813.64,19.544,19.061,20.9,19.0,0.0,39.2,50.3,46.5,13.56,562.37,663.49,-101.12,150.15,355.25,456.37,,NNE,,17.91,100590.43,100579.19,
024HI,2024-01-15T23:15:00Z,100210.0,23.511,70.61,0.458,28.24,1.831,811.7,19.583,19.072,20.872,19.039,0.0,39.2,50.3,46.5,13.56,560.81,662.36,-101.55,149.34,355.57,457.12,,NNE,,17.84,100580.39,100569.26,
024HI,2024-01-15T23:20:00Z,100200.0,23.378,69.81,0.921,8.73,2.053,808.73,19.617,19.089,20.828,19.061,0.0,39.2,50.3,46.5,13.56,560.57,660.84,-100.27,147.89,355.63,455.9,,N,,17.53,100570.36,100559.38,
024HI,2024-01-15T23:25:00Z,100190.0,23.628,71.89,0.422,11.23,1.775,804.66,19.65,19.089,20.828,19.089,0.0,39.2,50.3,46.5,13.56,554.36,656.43,-102.07,148.23,355.46,457.52,,N,,18.24,100560.32,100549.04,
024HI,2024-01-15T23:30:00Z,100180.0,23.761,70.57,0.52,37.58,1.61,801.33,19.672,19.1,20.878,19.111,0.0,39.1,50.3,46.5,13.56,550.55,653.47,-102.92,147.86,354.58,457.5,,NE,,18.07,100550.28,100538.85,
024HI,2024-01-15T23:35:00Z,100180.0,23.661,69.06,0.592,23.8,1.497,797.55,19.694,19.1,20.85,19.139,0.0,39.1,50.3,46.5,13.56,548.93,651.01,-102.08,146.54,354.48,456.56,,NNE,,17.63,100550.28,100538.97,
024HI,2024-01-15T23:40:00Z,100170.0,23.561,68.9,0.448,76.51,1.497,794.44,19.722,19.128,20.878,19.172,0.0,39.1,50.2,46.5,13.56,545.13,648.12,-103.0,146.31,353.45,456.45,,ENE,,17.5,100540.25,100529.05,
024HI,2024-01-15T23:45:00Z,100160.0,23.622,69.48,0.37,65.64,1.332,786.53,19.744,19.122,20.878,19.222,0.0,39.1,50.2,46.5,13.56,538.06,641.01,-102.96,145.51,353.75,456.7,,ENE,,17.69,100530.21,100518.94,
024HI,2024-01-15T23:50:00Z,100150.0,23.789,69.84,0.36,73.97,1.446,779.61,19.767,19.15,20.861,19.222,0.0,39.1,50.2,46.5,13.54,532.09,635.13,-103.05,144.48,354.67,457.72,,ENE,,17.94,100520.17,100508.71,
024HI,2024-01-15T23:55:00Z,100140.0,23.839,69.78,0.52,35.72,1.667,773.45,19.794,19.15,20.861,19.272,0.0,39.1,50.2,46.5,13.54,528.75,630.33,-101.57,143.13,355.76,457.33,,NE,,17.97,100510.14,100498.61,
024HI,2024-01-16T00:00:00Z,100140.0,23.872,69.21,0.571,8.5,1.945,766.72,19.822,19.161,20.889,19.278,0.0,39.1,50.2,46.5,13.54,524.92,625.5,-100.58,141.22,356.35,456.94,,N,,17.87,100510.14,100498.57,
024HI,2024-01-16T00:05:00Z,100130.0,23.728,68.57,0.931,5.07,2.387,759.72,19.856,19.172,20.828,19.3,0.0,39.0,50.2,46.5,13.54,520.36,619.76,-99.4,139.95,356.52,455.92,,N,,17.58,100500.1,100488.71,
024HI,2024-01-16T00:10:00Z,100130.0,23.661,68.2,0.962,8.93,2.557,753.83,19.883,19.178,20.839,19.339,0.0,39.0,50.2,46.5,13.54,516.32,614.55,-98.22,139.28,356.34,454.57,,N,,17.43,100500.1,100488.79,
024HI,2024-01-16T00:15:00Z,100130.0,23.772,69.64,0.278,30.73,0.998,743.94,19.911,19.211,20.878,19.372,0.0,39.0,50.2,46.5,13.54,505.61,605.26,-99.65,138.68,355.82,455.47,,NNE,,17.87,100500.1,100488.65,
024HI,2024-01-16T00:20:00Z,100130.0,23.75,68.57,0.936,15.93,,734.9,19.933,19.211,20.828,19.4,0.0,39.0,50.2,46.5,13.54,499.87,598.36,-98.49,136.54,356.54,455.03,,NNE,,17.61,100500.1,100488.68,
024HI,2024-01-16T00:25:00Z,100130.0,23.622,68.17,0.756,11.59,1.775,725.86,19.961,19.222,20.822,19.422,0.0,39.0,50.2,46.5,13.54,492.82,591.07,-98.25,134.78,355.54,453.79,,NNE,,17.39,100500.1,100488.84,
024HI,2024-01-16T00:30:00Z,100130.0,23.65,68.5,0.797,26.62,1.554,717.1,19.983,19.239,20.861,19.411,0.0,39.0,50.2,46.4,13.54,483.96,583.18,-99.22,133.93,354.85,454.07,,NNE,,17.49,100500.1,100488.8,
024HI,2024-01-16T00:35:00Z,100130.0,23.622,67.93,0.725,27.85,1.61,704.11,20.006,19.25,20.861,19.472,0.0,39.0,50.2,46.4,13.54,473.46,572.42,-98.96,131.69,354.41,453.37,,NNE,,17.33,100500.1,100488.84,
024HI,2024-01-16T00:40:00Z,100130.0,23.578,67.14,0.952,15.15,,694.19,20.028,19.239,20.872,19.489,0.0,38.9,50.2,46.4,13.54,465.9,564.36,-98.45,129.84,354.06,452.52,,NNE,,17.11,100500.1,100488.89,
024HI,2024-01-16T00:45:00Z,100130.0,23.45,68.42,0.53,6.92,1.554,685.0,20.05,19.272,20.861,19.539,0.0,38.9,50.2,46.4,13.54,457.92,556.77,-98.85,128.23,353.11,451.96,,N,,17.28,100500.1,100489.05,
024HI,2024-01-16T00:50:00Z,100120.0,23.578,67.39,0.484,46.34,1.497,674.16,20.067,19.289,20.861,19.572,0.0,38.9,50.2,46.4,13.53,447.18,546.86,-99.67,127.3,352.51,452.18,,NE,,17.17,100490.06,100478.86,
024HI,2024-01-16T00:55:00Z,100120.0,23.528,66.54,0.797,32.9,1.389,661.83,20.083,19.3,20.811,19.561,0.0,38.9,50.2,46.4,13.54,439.27,537.29,-98.02,124.54,353.39,451.41,,NNE,,16.92,100490.06,100478.92,
024HI,2024-01-16T01:00:00Z,100130.0,23.439,66.7,1.019,42.3,,644.85,20.1,19.311,20.861,19.561,0.0,38.9,50.2,46.4,13.54,426.92,523.58,-96.66,121.27,353.21,449.88,,NE,,16.87,100500.1,100489.06,
024HI,2024-01-16T01:05:00Z,100140.0,23.411,66.34,0.504,42.66,1.497,633.16,20.117,19.339,20.861,19.611,0.0,38.9,50.2,46.4,13.54,416.36,513.2,-96.84,119.96,352.88,449.72,,NE,,16.76,100510.14,100499.13,
024HI,2024-01-16T01:10:00Z,100140.0,23.611,64.33,0.231,80.5,0.998,621.02,20.128,19.322,20.878,19.639,0.0,38.9,50.2,46.4,13.54,405.85,502.47,-96.62,118.55,353.4,450.01,,E,,16.46,100510.14,100498.89,
024HI,2024-01-16T01:15:00Z,100130.0,23.739,63.26,0.278,57.0,1.446,605.57,20.133,19.35,20.872,19.639,0.0,38.9,50.2,46.4,13.54,394.53,489.54,-95.01,116.03,354.91,449.92,,ENE,,16.32,100500.1,100488.7,
024HI,2024-01-16T01:20:00Z,100130.0,23.739,63.19,0.622,40.25,1.497,590.28,20.144,19.361,20.889,19.678,0.0,38.8,50.2,46.4,13.54,384.46,478.27,-93.81,112.01,355.63,449.43,,NE,,16.3,100500.1,100488.7,
024HI,2024-01-16T01:25:00Z,100130.0,23.622,63.63,0.957,41.6,1.667,575.02,20.156,19.372,20.9,19.689,0.0,38.8,50.2,46.4,13.54,374.07,465.9,-91.83,109.12,356.72,448.56,,NE,,16.3,100500.1,100488.84,
024HI,2024-01-16T01:30:00Z,100120.0,23.661,64.55,0.684,51.74,1.554,552.56,20.178,19.372,20.85,19.689,0.0,38.8,50.2,46.4,13.54,355.37,446.76,-91.39,105.8,357.11,448.5,,NE,,16.56,100490.06,100478.76,
024HI,2024-01-16T01:35:00Z,100120.0,23.772,64.98,0.715,53.7,1.389,528.66,20.189,19.378,20.861,19.75,0.0,38.8,50.2,46.4,13.54,336.02,426.62,-90.6,102.04,357.66,448.26,,NE,,16.77,100490.06,100478.62,
024HI,2024-01-16T01:40:00Z,100120.0,23.8,64.5,0.566,48.07,1.168,520.63,20.194,19.378,20.85,19.789,0.0,38.8,50.2,46.4,13.54,330.22,420.35,-90.13,100.28,357.84,447.97,,NE,,16.68,100490.06,100478.59,
024HI,2024-01-16T01:45:00Z,100130.0,23.861,63.94,0.489,48.45,1.446,503.09,20.206,19.422,20.822,19.789,0.0,38.8,50.2,46.4,13.54,317.1,406.0,-88.9,97.09,358.37,447.27,,NE,,16.6,100500.1,100488.55,
024HI,2024-01-16T01:50:00Z,100130.0,24.028,64.73,0.072,50.32,0.89,486.98,20.211,19.428,20.861,19.761,0.0,38.8,50.2,46.4,13.54,304.31,392.58,-88.27,94.4,358.92,447.19,,NE,,16.96,100500.1,100488.35,
024HI,2024-01-16T01:55:00Z,100120.0,23.978,62.43,0.494,47.18,1.168,470.14,20.217,19.45,20.839,19.778,0.0,38.8,50.2,46.4,13.54,292.95,379.74,-86.79,90.4,359.2,445.99,,NE,,16.34,100490.06,100478.37,
024HI,2024-01-16T02:00:00Z,100130.0,23.961,61.47,0.216,66.42,1.055,450.71,20.228,19.472,20.889,19.789,0.0,38.8,50.2,46.4,13.54,278.79,363.31,-84.52,87.4,359.42,443.95,,ENE,,16.08,100500.1,100488.43,
024HI,2024-01-16T02:05:00Z,100130.0,23.961,62.85,0.489,1.52,1.111,433.04,20.239,19.478,20.861,19.8,0.0,38.8,50.2,46.4,13.54,267.43,349.89,-82.47,83.15,360.79,443.26,,N,,16.43,100500.1,100488.43,
024HI,2024-01-16T02:10:00Z,100140.0,24.0,63.27,0.149,23.25,1.111,416.49,20.25,19.478,20.861,19.822,0.0,38.8,50.2,46.4,13.54,255.33,336.71,-81.38,79.77,360.34,441.72,,NNE,,16.57,100510.14,100498.42,
024HI,2024-01-16T02:15:00Z,100140.0,23.65,64.66,0.381,6.21,1.224,395.67,20.261,19.489,20.861,19.85,0.0,38.9,50.2,46.4,13.54,241.13,321.05,-79.92,74.62,360.32,440.24,,N,,16.58,100510.14,100498.84,
024HI,2024-01-16T02:20:00Z,100150.0,23.222,66.16,0.34,190.9,1.224,375.1,20.272,19.489,20.889,19.872,0.0,38.8,50.2,46.4,13.54,226.41,304.76,-78.35,70.34,358.64,436.99,,S,,16.53,100520.17,100509.4,
024HI,2024-01-16T02:25:00Z,100150.0,23.311,67.62,0.087,223.1,0.941,358.0,20.278,19.511,20.839,19.861,0.0,38.8,50.2,46.4,13.54,214.59,291.94,-77.36,66.06,358.08,435.44,,SW,,16.96,100520.17,100509.29,
024HI,2024-01-16T02:30:00Z,100150.0,23.228,66.88,0.823,215.0,2.608,327.66,20.283,19.539,20.839,19.878,0.0,38.8,50.2,46.4,13.54,197.34,271.15,-73.81,56.51,359.1,432.91,,SW,,16.71,100520.17,100509.39,
024HI,2024-01-16T02:35:00Z,100150.0,22.822,68.76,0.72,191.4,1.554,161.51,20.306,19.55,20.872,19.9,0.0,38.8,50.2,46.4,13.54,70.37,139.12,-68.75,22.4,359.14,427.89,,SSW,,16.76,100520.17,100509.88,
024HI,2024-01-16T02:40:00Z,100160.0,22.178,72.17,0.53,203.3,2.387,67.74,20.344,19.561,20.828,19.9,0.0,38.8,50.2,46.4,13.37,-0.21,64.9,-65.11,2.83,356.14,421.26,,SSW,,16.91,100530.21,100520.7,
024HI,2024-01-16T02:45:00Z,100160.0,21.522,74.0,0.535,196.1,1.945,41.59,20.372,19.522,20.861,19.878,0.0,38.8,50.2,46.4,13.32,-22.85,40.53,-63.38,1.06,354.32,417.7,,SSW,,16.67,100530.21,100521.51,
024HI,2024-01-16T02:50:00Z,100150.0,21.228,75.8,0.679,162.1,1.497,39.17,20.383,19.561,20.828,19.911,0.0,38.8,50.2,46.4,13.3,-25.14,36.41,-61.56,2.76,354.65,416.21,,SSE,,16.77,100520.17,100511.83,
024HI,2024-01-16T02:55:00Z,100150.0,21.039,76.42,0.859,188.9,2.166,37.25,20.367,19.578,20.861,19.9,0.0,38.8,50.2,46.4,13.27,-28.27,34.05,-62.31,3.2,352.12,414.43,,S,,16.71,100520.17,100512.07,
024HI,2024-01-16T03:00:00Z,100150.0,20.911,76.81,0.885,191.9,2.33,36.71,20.344,19.561,20.839,19.911,0.0,38.8,50.2,46.4,13.27,-29.49,32.66,-62.14,4.06,351.53,413.67,,SSW,,16.67,100520.17,100512.22,
024HI,2024-01-16T03:05:00Z,100150.0,20.761,77.44,0.947,167.6,1.888,34.94,20.317,19.561,20.872,19.889,0.0,38.8,50.2,46.4,13.25,-30.67,30.7,-61.37,4.24,351.63,413.0,,SSE,,16.65,100520.17,100512.41,
024HI,2024-01-16T03:10:00Z,100140.0,20.789,78.55,0.592,181.8,1.332,32.65,20.289,19.639,20.85,19.9,0.0,38.8,50.2,46.4,13.23,-32.12,28.27,-60.39,4.38,351.31,411.7,,S,,16.9,100510.14,100502.34,
024HI,2024-01-16T03:15:00Z,100150.0,20.622,79.47,0.792,236.2,,31.11,20.261,19.622,20.861,19.939,0.0,38.8,50.2,46.4,13.23,-33.66,26.68,-60.34,4.43,350.74,411.08,,SW,,16.93,100520.17,100512.58,
024HI,2024-01-16T03:20:00Z,100150.0,20.55,78.94,0.628,174.5,1.554,29.79,20.233,19.6,20.839,19.9,0.0,38.8,50.2,46.4,13.22,-34.1,25.39,-59.49,4.41,351.46,410.95,,S,,16.75,100520.17,100512.67,
024HI,2024-01-16T03:25:00Z,100160.0,20.522,79.78,0.782,195.7,,27.39,20.211,19.611,20.822,19.878,0.0,38.8,50.2,46.4,13.21,-37.53,23.06,-60.6,4.33,349.59,410.19,,SSW,,16.89,100530.21,100522.74,
024HI,2024-01-16T03:30:00Z,100160.0,20.411,80.3,1.106,173.2,2.166,26.22,20.189,19.639,20.861,19.9,0.0,38.8,50.2,46.4,13.2,-38.76,22.06,-60.83,4.16,350.14,410.96,,S,,16.88,100530.21,100522.88,
024HI,2024-01-16T03:35:00Z,100160.0,20.522,79.88,1.209,170.6,2.166,23.73,20.161,19.589,20.85,19.872,0.0,38.8,50.2,46.4,13.19,-40.67,19.8,-60.48,3.92,350.35,410.82,,S,,16.91,100530.21,100522.74,
024HI,2024-01-16T03:40:00Z,100160.0,20.611,80.1,0.797,182.1,1.723,21.53,20.133,19.661,20.839,19.889,0.0,38.8,50.2,46.4,13.18,-41.77,17.95,-59.73,3.58,350.26,409.99,,S,,17.04,100530.21,100522.63,
024HI,2024-01-16T03:45:00Z,100170.0,20.4,80.8,0.926,179.7,1.945,18.85,20.117,19.661,20.839,19.889,0.0,38.8,50.2,46.4,13.17,-43.28,15.74,-59.02,3.11,350.45,409.47,,S,,16.97,100540.25,100532.93,
024HI,2024-01-16T03:50:00Z,100170.0,20.261,81.9,0.684,203.9,2.222,15.54,20.1,19.65,20.839,19.9,0.0,38.8,50.2,46.4,13.17,-46.46,12.68,-59.14,2.86,349.18,408.32,,SSW,,17.05,100540.25,100533.1,
024HI,2024-01-16T03:55:00Z,100180.0,20.028,82.9,0.869,177.4,1.446,13.35,20.089,19.689,20.839,19.861,0.0,38.8,50.2,46.4,13.16,-47.84,10.79,-58.63,2.55,349.34,407.97,,S,,17.02,100550.28,100543.42,
024HI,2024-01-16T04:00:00Z,100180.0,20.0,83.4,0.679,192.0,1.554,10.54,20.083,19.628,20.85,19.878,0.0,38.8,50.2,46.4,13.15,-49.79,8.19,-57.99,2.35,349.11,407.09,,SSW,,17.08,100550.28,100543.46,
024HI,2024-01-16T04:05:00Z,100180.0,19.811,83.5,0.967,186.1,2.166,7.33,20.072,19.672,20.872,19.822,0.0,38.7,50.2,46.4,13.14,-53.12,5.39,-58.51,1.94,348.91,407.41,,S,,16.92,100550.28,100543.69,
024HI,2024-01-16T04:10:00Z,100180.0,19.8,83.6,0.767,179.4,1.332,4.67,20.056,19.661,20.85,19.861,0.0,38.7,50.2,46.4,13.14,-54.04,3.12,-57.16,1.55,349.06,406.21,,S,,16.93,100550.28,100543.71,
024HI,2024-01-16T04:15:00Z,100190.0,19.7,84.1,0.736,193.8,1.497,2.06,20.044,19.678,20.839,19.839,0.0,38.7,50.2,46.4,13.13,-56.01,0.77,-56.78,1.29,348.99,405.77,,SSW,,16.92,100560.32,100553.87,
024HI,2024-01-16T04:20:00Z,100200.0,19.522,84.2,0.869,194.6,2.166,0.04,20.039,19.689,20.828,19.85,0.0,38.7,50.2,46.4,13.13,-57.69,-1.11,-56.58,1.15,348.82,405.4,,SSW,,16.77,100570.36,100564.13,
024HI,2024-01-16T04:25:00Z,100210.0,19.528,84.0,0.854,183.2,2.109,0.0,20.028,19.661,20.839,19.828,0.0,38.7,50.2,46.4,13.13,-59.42,-2.29,-57.13,1.05,348.41,405.54,,S,,16.73,100580.39,100574.16,
024HI,2024-01-16T04:30:00Z,100220.0,19.561,83.8,0.88,178.8,1.554,0.0,20.011,19.689,20.861,19.778,0.0,38.7,50.2,46.4,13.12,-58.2,-2.7,-55.5,0.8,349.18,404.68,,S,,16.73,100590.43,100584.15,
024HI,2024-01-16T04:35:00Z,100220.0,19.439,84.1,0.664,209.4,2.109,0.0,20.0,19.672,20.811,19.839,0.0,38.7,50.2,46.4,13.12,-58.55,-3.71,-54.85,0.63,348.13,402.98,,SSW,,16.67,100590.43,100584.3,
024HI,2024-01-16T04:40:00Z,100220.0,19.378,83.7,1.034,183.7,2.5,0.0,19.994,19.678,20.85,19.811,0.0,38.7,50.2,46.4,13.09,-59.35,-3.33,-56.02,0.67,347.93,403.95,,S,,16.53,100590.43,100584.38,
024HI,2024-01-16T04:45:00Z,100220.0,19.378,84.0,0.828,185.1,1.775,0.0,19.978,19.7,20.861,19.8,0.0,38.7,50.2,46.4,13.11,-57.45,-3.36,-54.09,0.65,349.15,403.24,,S,,16.59,100590.43,100584.38,
024HI,2024-01-16T04:50:00Z,100230.0,19.228,84.5,0.777,207.1,1.61,0.0,19.972,19.722,20.839,19.772,0.0,38.7,50.2,46.4,13.11,-55.39,-3.43,-51.95,0.56,350.82,402.77,,SSW,,16.53,100600.47,100594.6,
024HI,2024-01-16T04:55:00Z,100230.0,19.25,84.0,1.019,182.4,2.053,0.0,19.961,19.711,20.872,19.789,0.0,38.7,50.2,46.4,13.11,-52.54,-2.8,-49.74,0.68,354.2,403.94,,S,,16.46,100600.47,100594.58,
024HI,2024-01-16T05:00:00Z,100230.0,19.5,83.0,1.235,179.7,2.053,0.0,19.944,19.711,20.839,19.761,0.0,38.7,50.2,46.4,13.11,-48.64,-2.0,-46.63,0.67,357.75,404.38,,S,,16.52,100600.47,100594.26,
024HI,2024-01-16T05:05:00Z,100230.0,19.55,81.8,1.204,183.0,2.778,0.0,19.922,19.7,20.839,19.761,0.0,38.7,50.2,46.4,13.1,-49.87,-2.11,-47.76,0.29,357.01,404.77,,S,,16.34,100600.47,100594.2,
024HI,2024-01-16T05:10:00Z,100230.0,19.65,80.6,1.137,175.8,1.723,0.0,19.906,19.678,20.839,19.772,0.0,38.7,50.2,46.4,13.1,-49.45,-1.69,-47.77,0.1,356.5,404.27,,S,,16.2,100600.47,100594.08,
024HI,2024-01-16T05:15:00Z,100230.0,19.572,81.2,0.705,203.8,1.497,0.0,19.894,19.711,20.828,19.739,0.0,38.7,50.2,46.4,13.1,-55.95,-3.13,-52.82,0.09,350.48,403.29,,SSW,,16.24,100600.47,100594.18,
024HI,2024-01-16T05:20:00Z,100230.0,19.339,82.3,1.142,173.8,1.775,0.0,19.889,19.722,20.839,19.728,0.0,38.7,50.2,46.4,13.1,-53.64,-3.01,-50.62,0.15,352.66,403.28,,S,,16.23,100600.47,100594.47,
024HI,2024-01-16T05:25:00Z,100230.0,19.411,82.5,0.823,200.1,1.831,0.0,19.889,19.711,20.839,19.761,0.0,38.7,50.2,46.4,13.1,-44.66,-2.37,-42.29,0.42,360.78,403.07,,SSW,,16.33,100600.47,100594.38,
024HI,2024-01-16T05:30:00Z,100240.0,19.261,82.9,0.916,179.5,1.61,0.0,19.883,19.711,20.828,19.728,0.0,38.7,50.2,46.4,13.09,-44.69,-2.57,-42.12,0.32,361.95,404.07,,S,,16.26,100610.51,100604.6,
024HI,2024-01-16T05:35:00Z,100240.0,19.528,81.7,1.044,179.6,,0.0,19.872,19.722,20.861,19.739,0.0,38.7,50.2,46.4,13.09,-48.01,-2.08,-45.93,0.67,358.48,404.41,,S,,16.3,100610.51,100604.27,
024HI,2024-01-16T05:40:00Z,100240.0,19.561,81.8,1.044,203.8,2.279,0.0,19.856,19.711,20.85,19.711,0.0,38.7,50.2,46.4,13.09,-52.11,-2.67,-49.44,0.43,354.21,403.65,,SSW,,16.35,100610.51,100604.22,
024HI,2024-01-16T05:45:00Z,100250.0,19.339,82.1,0.808,197.8,2.109,0.0,19.85,19.711,20.828,19.711,0.0,38.7,50.2,46.4,13.09,-55.0,-3.17,-51.82,0.32,351.87,403.69,,SSW,,16.19,100620.54,100614.54,
024HI,2024-01-16T05:50:00Z,100250.0,19.422,82.3,1.25,171.4,2.279,0.0,19.844,19.711,20.839,19.689,0.0,38.7,50.2,46.4,13.09,-48.23,-2.61,-45.63,0.56,358.4,404.03,,S,,16.31,100620.54,100614.43,
024HI,2024-01-16T05:55:00Z,100250.0,19.45,82.3,0.911,194.1,2.444,0.0,19.839,19.711,20.828,19.678,0.0,38.7,50.2,46.4,13.08,-45.08,-2.65,-42.43,0.41,361.56,403.98,,SSW,,16.33,100620.54,100614.4,
024HI,2024-01-16T06:00:00Z,100250.0,19.378,82.3,1.029,183.5,1.831,0.0,19.828,19.7,20.822,19.678,0.0,38.7,50.2,46.4,13.08,-40.11,-2.31,-37.8,0.41,367.21,405.01,,S,,16.26,100620.54,100614.49,
024HI,2024-01-16T06:05:00Z,100250.0,19.35,82.9,0.875,179.9,1.775,0.0,19.817,19.7,20.85,19.672,0.0,38.7,50.2,46.4,13.08,-40.98,-2.12,-38.85,0.36,366.03,404.88,,S,,16.35,100620.54,100614.52,
024HI,2024-01-16T06:10:00Z,100250.0,19.428,82.7,0.988,195.0,2.778,0.0,19.811,19.678,20.828,19.689,0.0,38.7,50.2,46.4,13.08,-40.97,-2.13,-38.84,0.55,366.03,404.87,,SSW,,16.39,100620.54,100614.43,
024HI,2024-01-16T06:15:00Z,100260.0,19.5,81.5,1.034,193.7,,0.0,19.8,19.711,20.828,19.661,0.0,38.7,50.2,46.4,13.08,-33.23,-1.65,-31.58,0.44,374.44,406.02,,SSW,,16.23,100630.58,100624.37,
024HI,2024-01-16T06:20:00Z,100260.0,19.478,81.7,0.9,186.7,1.554,0.0,19.794,19.711,20.8,19.622,0.0,38.7,50.2,46.4,13.08,-39.31,-2.02,-37.29,0.31,368.53,405.82,,S,,16.25,100630.58,100624.4,
024HI,2024-01-16T06:25:00Z,100260.0,19.6,81.1,1.23,175.3,2.109,0.0,19.783,19.672,20.839,19.639,0.0,38.6,50.2,46.4,13.08,-45.17,-1.95,-43.22,0.37,362.84,406.06,,S,,16.25,100630.58,100624.25,
024HI,2024-01-16T06:30:00Z,100260.0,19.75,80.7,0.977,193.2,2.5,0.0,19.772,19.711,20.828,19.622,0.0,38.6,50.2,46.4,13.07,-34.66,-1.84,-32.82,0.35,373.33,406.14,,SSW,,16.32,100630.58,100624.06,
024HI,2024-01-16T06:35:00Z,100260.0,19.489,81.7,0.895,191.1,1.945,0.0,19.767,19.722,20.85,19.628,0.0,38.6,50.2,46.4,13.07,-31.74,-1.74,-30.0,0.14,376.79,406.79,,S,,16.26,100630.58,100624.39,
024HI,2024-01-16T06:40:00Z,100260.0,19.55,81.2,0.844,200.0,1.888,0.0,19.761,19.7,20.822,19.639,0.0,38.6,50.2,46.4,13.07,-34.43,-2.04,-32.39,0.41,374.44,406.83,,SSW,,16.22,100630.58,100624.31,
024HI,2024-01-16T06:45:00Z,100260.0,19.561,81.6,0.952,197.6,2.166,0.0,19.75,19.7,20.8,19.628,0.0,38.6,50.2,46.4,13.07,-39.78,-2.03,-37.75,0.47,368.49,406.24,,SSW,,16.31,100630.58,100624.3,
024HI,2024-01-16T06:50:00Z,100270.0,19.522,81.6,0.993,180.4,1.945,0.0,19.75,19.678,20.811,19.611,0.0,38.6,50.2,46.4,13.07,-40.89,-2.1,-38.78,0.3,366.93,405.71,,S,,16.27,100640.62,100634.38,
024HI,2024-01-16T06:55:00Z,100270.0,19.728,80.3,1.163,175.4,1.945,0.0,19.744,19.7,20.828,19.589,0.0,38.6,50.2,46.4,13.07,-41.44,-1.26,-40.18,0.2,365.61,405.79,,S,,16.22,100640.62,100634.13,
024HI,2024-01-16T07:00:00Z,100270.0,19.711,80.9,0.89,189.1,1.831,0.0,19.744,19.7,20.822,19.55,0.0,38.6,50.2,46.4,13.07,-39.57,-2.36,-37.22,0.18,368.08,,,S,,16.32,100640.62,100634.15,
024HI,2024-01-16T07:05:00Z,100260.0,19.711,80.2,1.055,180.0,2.109,0.0,19.744,19.678,20.811,19.55,0.0,38.6,50.2,46.4,13.06,-35.88,-1.55,-34.33,0.17,372.28,406.61,,S,,16.18,100630.58,100624.11,
024HI,2024-01-16T07:10:00Z,100260.0,19.872,79.68,1.157,179.6,2.109,0.0,19.733,19.689,20.828,19.561,0.0,38.6,50.2,46.4,13.07,-34.88,-1.58,-33.3,0.28,374.0,407.3,,S,,16.24,100630.58,100623.91,
024HI,2024-01-16T07:15:00Z,100240.0,20.028,79.05,1.281,168.4,2.279,0.0,19.722,19.678,20.85,19.55,0.0,38.6,50.2,46.4,13.06,-20.28,-0.38,-19.9,0.23,388.9,408.8,,SSE,,16.26,100610.51,100603.64,
024HI,2024-01-16T07:20:00Z,100250.0,20.161,78.36,0.941,188.9,2.444,0.1,19.711,19.689,20.839,19.6,0.0,38.6,50.2,46.4,13.06,-13.5,-0.05,-13.45,0.15,396.96,410.4,,S,,16.25,100620.54,100613.52,
024HI,2024-01-16T07:25:00Z,100250.0,20.022,79.54,0.679,195.1,1.554,0.0,19.694,19.678,20.8,19.55,0.0,38.6,50.2,46.4,13.06,-11.77,-0.6,-11.16,0.0,398.86,410.02,,SSW,,16.35,100620.54,100613.69,
024HI,2024-01-16T07:30:00Z,100250.0,20.072,79.6,0.921,180.7,1.831,0.0,19.689,19.689,20.811,19.561,0.0,38.6,50.2,46.4,13.06,-13.25,-0.18,-13.07,0.0,397.92,410.99,,S,,16.42,100620.54,100613.63,
024HI,2024-01-16T07:35:00Z,100250.0,20.311,77.99,0.653,189.3,1.554,0.0,19.678,19.7,20.828,19.572,0.0,38.6,50.2,46.4,13.06,-22.39,-0.35,-22.04,0.02,388.77,410.81,,S,,16.32,100620.54,100613.33,
024HI,2024-01-16T07:40:00Z,100250.0,20.272,79.03,0.767,179.2,1.888,0.0,19.672,19.678,20.839,19.539,0.0,38.6,50.2,46.4,13.06,-30.21,-1.53,-28.68,0.02,381.1,409.77,,S,,16.5,100620.54,100613.38,
024HI,2024-01-16T07:45:00Z,100250.0,20.189,79.7,0.941,176.4,1.723,0.0,19.672,19.678,20.822,19.55,0.0,38.6,50.2,46.4,13.06,-32.07,-1.52,-30.55,0.0,378.26,408.82,,S,,16.55,100620.54,100613.48,
024HI,2024-01-16T07:50:00Z,100240.0,20.061,81.0,0.669,195.5,1.446,0.0,19.683,19.65,20.811,19.528,0.0,38.6,50.2,46.4,13.06,-35.41,-2.17,-33.24,0.0,374.38,407.63,,SSW,,16.68,100610.51,100603.6,
024HI,2024-01-16T07:55:00Z,100240.0,19.9,81.4,0.993,186.3,1.61,0.0,19.689,19.689,20.828,19.522,0.0,38.6,50.2,46.4,13.06,-44.14,-2.47,-41.67,0.02,365.75,407.42,,S,,16.6,100610.51,100603.8,
024HI,2024-01-16T08:00:00Z,100250.0,20.122,79.96,1.163,168.5,1.723,0.0,19.694,19.689,20.839,19.539,0.0,38.6,50.2,46.4,13.06,-44.03,-1.67,-42.36,0.1,364.67,407.03,,SSE,,16.54,100620.54,100613.56,
024HI,2024-01-16T08:05:00Z,100250.0,20.15,80.2,0.849,196.7,1.945,0.0,19.7,19.678,20.85,19.522,0.0,38.6,50.2,46.4,13.06,-42.8,-2.33,-40.47,0.06,365.99,406.47,,SSW,,16.61,100620.54,100613.53,
024HI,2024-01-16T08:10:00Z,100250.0,19.911,81.4,0.983,176.7,2.053,0.0,19.706,19.672,20.85,19.511,0.0,38.6,50.2,46.4,13.06,-48.9,-2.74,-46.16,0.01,359.41,405.57,,S,,16.61,100620.54,100613.82,
024HI,2024-01-16T08:15:00Z,100250.0,19.872,81.4,0.967,180.0,2.222,0.0,19.706,19.689,20.822,19.522,0.0,38.6,50.2,46.4,13.05,-49.84,-2.72,-47.12,0.22,358.63,405.75,,S,,16.57,100620.54,100613.87,
024HI,2024-01-16T08:20:00Z,100250.0,19.911,80.7,0.972,181.5,1.389,0.0,19.711,19.672,20.828,19.522,0.0,38.6,50.2,46.4,13.05,-48.7,-2.23,-46.47,0.16,359.34,405.81,,S,,16.47,100620.54,100613.83,
024HI,2024-01-16T08:25:00Z,100240.0,20.028,79.85,0.977,183.1,,0.0,19.706,19.661,20.828,19.511,0.0,38.6,50.2,46.4,13.05,-47.04,-1.87,-45.18,0.0,359.99,405.17,,S,,16.42,100610.51,100603.64,
024HI,2024-01-16T08:30:00Z,100230.0,19.878,80.3,0.751,184.4,1.723,0.0,19.7,19.661,20.8,19.5,0.0,38.6,50.2,46.4,13.05,-46.44,-2.5,-43.94,0.06,361.23,405.17,,S,,16.36,100600.47,100593.79,
024HI,2024-01-16T08:35:00Z,100230.0,19.639,81.7,0.756,193.8,1.945,0.0,,19.672,20.839,19.528,0.0,38.6,50.2,46.4,13.05,-44.5,-2.8,-41.69,0.01,362.92,404.62,,SSW,,16.4,100600.47,100594.09,
024HI,2024-01-16T08:40:00Z,100220.0,19.572,82.1,1.348,160.9,,0.0,19.7,19.672,20.828,19.511,0.0,38.6,50.2,46.4,13.05,-42.28,-2.19,-40.1,0.19,365.47,405.57,,SSE,,16.42,100590.43,100584.14,
024HI,2024-01-16T08:45:00Z,100220.0,19.722,80.9,0.453,201.7,1.446,0.0,19.689,19.65,20.828,19.5,0.0,38.6,50.2,46.4,13.05,-36.43,-1.79,-34.63,0.17,370.85,405.48,,SSW,,16.33,100590.43,100583.95,
024HI,2024-01-16T08:50:00Z,100220.0,19.722,80.7,1.019,171.7,1.945,0.0,19.678,19.661,20.85,19.478,0.0,38.6,50.2,46.4,13.05,-33.07,-1.59,-31.48,0.26,375.5,406.98,,S,,16.29,100590.43,100583.95,
024HI,2024-01-16T08:55:00Z,100220.0,19.928,80.0,0.818,182.6,1.276,0.0,19.661,19.672,20.8,19.489,0.0,38.6,50.2,46.4,13.05,-20.62,-0.38,-20.24,0.21,387.25,407.49,,S,,16.35,100590.43,100583.7,
024HI,2024-01-16T09:00:00Z,100220.0,19.928,79.86,0.694,192.1,1.554,0.0,19.65,19.65,20.839,19.472,0.0,38.6,50.2,46.4,13.05,-18.54,-0.41,-18.13,0.0,389.5,407.63,,SSW,,16.33,100590.43,100583.7,
024HI,2024-01-16T09:05:00Z,100210.0,19.972,79.11,1.157,166.9,2.387,0.0,19.644,19.65,20.8,19.478,0.0,38.6,50.2,46.4,13.05,-24.79,-0.53,-24.26,0.0,384.62,408.88,,SSE,,16.22,100580.39,100573.6,
024HI,2024-01-16T09:10:00Z,100210.0,20.422,76.87,0.658,171.4,1.61,0.0,19.633,19.639,20.822,19.472,0.0,38.6,50.2,46.4,13.05,-35.01,-1.05,-33.96,0.3,374.27,408.23,,S,,16.2,100580.39,100573.05,
024HI,2024-01-16T09:15:00Z,100200.0,20.278,77.85,1.127,164.6,1.667,0.0,19.628,19.65,20.789,19.461,0.0,38.6,50.2,46.4,13.05,-41.16,-1.85,-39.32,0.0,368.02,407.33,,SSE,,16.26,100570.36,100563.19,
024HI,2024-01-16T09:20:00Z,100180.0,20.422,76.36,0.813,146.2,1.723,0.0,19.628,19.639,20.828,19.461,0.0,38.6,50.2,46.4,13.04,-34.6,-0.68,-33.92,0.0,373.8,407.72,,SE,,16.1,100550.28,100542.94,
024HI,2024-01-16T09:25:00Z,100180.0,20.339,77.25,0.833,218.7,2.33,0.0,19.628,19.65,20.822,19.472,0.0,38.6,50.2,46.4,13.04,-43.76,-2.82,-40.94,0.0,365.04,405.98,,SW,,16.2,100550.28,100543.04,
024HI,2024-01-16T09:30:00Z,100180.0,20.178,78.59,0.705,194.9,1.888,0.0,19.633,19.661,20.8,19.45,0.0,38.6,50.2,46.4,13.04,-38.72,-2.18,-36.55,0.0,369.65,406.2,,SSW,,16.32,100550.28,100543.24,
024HI,2024-01-16T09:35:00Z,100180.0,20.078,79.24,0.715,194.7,,0.0,19.633,19.65,20.828,19.472,0.0,38.6,50.2,46.4,13.04,-36.67,-2.15,-34.52,0.0,371.09,405.61,,SSW,,16.35,100550.28,100543.36,
024HI,2024-01-16T09:40:00Z,100180.0,20.061,79.13,1.003,176.0,1.775,0.0,19.633,19.65,20.828,19.461,0.0,38.6,50.2,46.4,13.04,-37.36,-1.38,-35.98,0.0,370.43,406.42,,S,,16.31,100550.28,100543.39,
024HI,2024-01-16T09:45:00Z,100170.0,20.028,79.43,0.957,165.9,2.166,0.0,19.628,19.65,20.839,19.428,0.0,38.6,50.2,46.4,13.04,-40.02,-1.98,-38.04,0.04,368.2,406.23,,SSE,,16.34,100540.25,100533.39,
024HI,2024-01-16T09:50:00Z,100160.0,19.911,80.1,0.746,153.4,2.222,0.0,19.628,19.65,20.828,19.422,0.0,38.6,50.2,46.4,13.04,-42.34,-2.74,-39.6,0.19,366.42,406.01,,SSE,,16.36,100530.21,100523.5,
024HI,2024-01-16T09:55:00Z,100170.0,19.828,80.5,0.715,172.0,1.61,0.0,19.622,19.628,20.811,19.428,0.0,38.6,50.2,46.4,13.04,-40.87,-2.26,-38.61,0.12,366.95,405.56,,S,,16.35,100540.25,100533.64,
