# STATION: 025HI
# STATION NAME: Kehena Ditch Cabin
# LATITUDE: 20.1228
# LONGITUDE: -155.7493
# ELEVATION [ft]: 3799.0
# STATE: HI
Station_ID,Date_Time,pressure_set_1,air_temp_set_1,relative_humidity_set_1,wind_speed_set_1,wind_direction_set_1,wind_gust_set_1,solar_radiation_set_1,soil_temp_set_1,soil_temp_set_2,soil_temp_set_3,soil_temp_set_4,precip_accum_five_minute_set_1,soil_moisture_set_1,soil_moisture_set_2,soil_moisture_set_3,volt_set_1,net_radiation_set_1,net_radiation_sw_set_1,net_radiation_lw_set_1,outgoing_radiation_sw_set_1,incoming_radiation_lw_set_1,outgoing_radiation_lw_set_1,wind_chill_set_1d,wind_cardinal_direction_set_1d,heat_index_set_1d,dew_point_temperature_set_1d,altimeter_set_1d,sea_level_pressure_set_1d,wet_bulb_temperature_set_1d
,,Pascals,Celsius,%,m/s,Degrees,m/s,W/m**2,Celsius,Celsius,Celsius,Celsius,Millimeters,%,%,%,volts,W/m**2,W/m**2,W/m**2,W/m**2,W/m**2,W/m**2,Celsius,code,Celsius,Celsius,Pascals,Pascals,Celsius
025HI,2024-01-15T10:05:00Z,88470.0,9.711,100.0,0.988,174.2,,0.0,14.461,14.889,15.75,15.039,0.0,72.0,58.5,57.3,13.04,-47.43,-3.16,-44.28,1.86,,350.78,,S,,9.71,101682.28,101562.02,
025HI,2024-01-15T10:10:00Z,88460.0,8.961,98.0,1.703,188.8,2.387,0.0,14.45,14.878,15.761,15.061,0.0,72.0,58.5,57.3,13.04,-61.39,-4.88,-56.51,0.0,294.8,351.31,,S,,8.66,101670.78,101587.38,
025HI,2024-01-15T10:15:00Z,88450.0,8.561,96.8,1.266,187.6,2.721,0.0,14.45,14.889,15.75,15.039,0.0,72.0,58.5,57.3,13.04,-66.71,-6.59,-60.11,0.76,288.98,349.09,,S,,8.08,101659.29,101595.63,
025HI,2024-01-15T10:20:00Z,88450.0,8.522,95.2,1.579,174.3,2.387,0.0,14.456,14.861,15.761,15.05,0.0,72.0,58.5,57.3,13.04,-66.75,-7.46,-59.29,1.88,290.01,349.3,,S,,7.79,101659.29,101597.57,
025HI,2024-01-15T10:25:00Z,88440.0,8.85,91.0,1.795,181.7,2.721,0.0,14.45,14.872,15.75,15.05,0.0,72.0,58.5,57.3,13.04,-67.58,-8.99,-58.59,2.61,290.98,349.57,,S,,7.44,101647.79,101569.94,
025HI,2024-01-15T10:30:00Z,88440.0,9.361,87.7,1.883,171.3,2.721,0.0,14.433,14.889,15.739,15.028,0.0,72.0,58.5,57.3,13.04,-69.08,-10.02,-59.06,3.09,291.23,350.28,,S,,7.4,101647.79,101544.85,
025HI,2024-01-15T10:35:00Z,88430.0,9.578,87.4,1.847,161.4,3.164,0.0,14.417,14.9,15.761,15.022,0.0,72.0,58.5,57.3,13.04,-70.38,-9.93,-60.45,2.89,290.64,351.09,,SSE,,7.56,101636.3,101522.73,
025HI,2024-01-15T10:40:00Z,88430.0,9.928,86.2,1.276,158.5,2.665,0.0,14.394,14.861,15.739,15.022,0.0,72.0,58.5,57.3,13.03,-70.39,-9.79,,3.05,290.36,350.95,,SSE,,7.7,101636.3,101505.62,
025HI,2024-01-15T10:45:00Z,88430.0,10.828,86.4,0.653,197.3,1.775,0.0,14.372,14.889,15.722,15.0,0.0,72.0,58.5,57.3,13.03,-66.18,-7.72,-58.45,3.99,291.69,350.15,,SSW,,8.62,101636.3,101461.79,
025HI,2024-01-15T10:50:00Z,88430.0,10.572,81.5,1.404,189.8,2.33,0.0,14.356,14.872,15.722,15.011,0.0,72.0,58.5,57.3,13.03,-69.22,-10.4,-58.83,1.63,290.01,348.84,,S,,7.5,101636.3,101474.28,
025HI,2024-01-15T10:55:00Z,88430.0,10.1,81.4,1.59,184.2,2.665,0.0,14.356,14.889,15.739,15.022,0.0,72.0,58.5,57.3,13.03,-69.39,-10.08,-59.31,1.28,289.24,348.55,,S,,7.02,101636.3,101497.27,
025HI,2024-01-15T11:00:00Z,88430.0,9.8,81.2,1.744,190.7,2.608,0.0,14.356,14.861,15.75,15.028,0.0,72.0,58.5,57.3,13.03,-68.26,-9.58,-58.68,1.38,289.93,348.61,,S,,6.7,101636.3,101511.93,
025HI,2024-01-15T11:05:00Z,88430.0,9.889,80.2,2.099,184.3,3.277,0.0,14.356,14.878,15.761,15.011,0.0,72.0,58.5,57.3,13.03,-68.72,-8.96,-59.76,1.49,289.4,349.16,,S,,6.6,101636.3,101507.58,
025HI,2024-01-15T11:10:00Z,88420.0,9.578,81.2,1.909,183.3,2.557,0.0,14.344,14.861,15.739,15.0,0.0,72.0,58.5,57.3,13.02,-67.79,-8.1,-59.69,0.98,289.09,348.78,,S,,6.48,101624.81,101511.31,
025HI,2024-01-15T11:15:00Z,88420.0,9.7,80.9,1.744,179.6,2.444,0.0,14.333,14.861,15.772,14.972,0.0,72.0,58.5,57.3,13.02,-65.39,-7.06,-58.33,1.4,289.7,348.03,,S,,6.54,101624.81,101505.34,
025HI,2024-01-15T11:20:00Z,88430.0,10.211,80.8,0.998,154.3,1.497,0.0,14.322,14.85,15.75,14.978,0.0,72.0,58.5,57.3,13.02,-63.66,-5.76,-57.9,1.85,288.56,346.46,,SSE,,7.02,101636.3,101491.86,
025HI,2024-01-15T11:25:00Z,88430.0,10.089,82.6,1.255,184.8,2.222,0.0,14.317,14.861,15.722,14.989,0.0,72.0,58.5,57.3,13.02,-63.7,-5.34,-58.36,0.51,286.95,345.31,,S,,7.23,101636.3,101497.8,
025HI,2024-01-15T11:30:00Z,88420.0,9.372,86.2,1.512,196.1,2.222,0.0,14.306,14.861,15.722,14.978,0.0,72.0,58.5,57.3,13.02,-65.88,-5.17,-60.71,0.0,285.01,345.71,,SSW,,7.16,101624.81,101521.36,
025HI,2024-01-15T11:35:00Z,88410.0,8.978,88.2,1.626,189.6,2.222,0.0,14.294,14.85,15.739,14.972,0.0,72.0,58.5,57.3,13.01,-66.02,-4.89,-61.13,0.0,285.77,346.91,,S,,7.11,101613.31,101529.21,
025HI,2024-01-15T11:40:00Z,88410.0,8.928,86.6,1.831,185.8,2.608,0.0,14.283,14.85,15.711,14.928,0.0,72.0,58.5,57.3,13.01,-64.79,-4.59,-60.2,0.56,286.76,346.96,,S,,6.79,101613.31,101531.69,
025HI,2024-01-15T11:45:00Z,88410.0,8.961,87.6,1.831,187.4,2.665,0.0,14.267,14.839,15.761,14.961,0.0,72.0,58.5,57.3,13.01,-64.76,-4.25,-60.51,0.81,287.47,347.99,,S,,6.99,101613.31,101530.05,
025HI,2024-01-15T11:50:00Z,88400.0,9.261,86.4,1.831,186.8,2.829,0.0,14.25,14.839,15.722,14.928,0.0,72.0,58.5,57.3,13.01,-64.53,-3.89,-60.64,1.41,288.19,348.83,,S,,7.08,101601.82,101503.84,
025HI,2024-01-15T11:55:00Z,88400.0,9.45,85.2,1.476,179.3,2.222,0.0,14.233,14.839,15.75,14.939,0.0,72.0,58.5,57.3,13.01,-64.75,-3.9,-60.85,1.34,287.11,347.96,,S,,7.06,101601.82,101494.58,
025HI,2024-01-15T12:00:00Z,88400.0,9.272,84.3,1.487,195.3,2.166,0.0,14.222,14.85,15.739,14.928,0.0,72.0,58.5,57.3,13.01,-64.29,-4.11,-60.19,0.47,286.62,346.8,,SSW,,6.73,101601.82,101503.32,
025HI,2024-01-15T12:05:00Z,88400.0,9.25,81.3,1.163,177.7,1.775,0.0,14.222,14.839,15.75,14.95,0.0,72.0,58.5,57.3,13.0,-61.35,-3.54,-57.81,0.84,287.52,345.33,,S,,6.18,101601.82,101504.43,
025HI,2024-01-15T12:10:00Z,88400.0,9.822,76.57,1.24,169.4,1.888,0.0,14.222,14.828,15.739,14.872,0.0,72.0,58.5,57.3,13.0,-58.46,-2.59,-55.87,1.47,288.06,343.93,,S,,5.86,101601.82,101476.46,
025HI,2024-01-15T12:15:00Z,88400.0,10.711,79.27,1.091,145.4,1.554,0.0,14.222,14.85,15.739,14.878,0.0,72.0,58.5,57.3,13.0,-59.42,-2.63,-56.79,2.07,287.29,344.08,,SE,,7.23,101601.82,101433.12,
025HI,2024-01-15T12:20:00Z,88390.0,10.35,80.4,1.163,169.4,1.831,0.0,14.206,14.822,15.75,14.922,0.0,72.0,58.5,57.3,13.0,-60.15,-3.29,-56.86,0.0,287.44,344.31,,S,,7.09,101590.33,101439.19,
025HI,2024-01-15T12:25:00Z,88390.0,9.639,82.9,1.204,169.1,1.667,0.0,14.2,14.839,15.75,14.9,0.0,72.0,58.5,57.3,13.0,-59.86,-3.47,-56.4,0.0,286.89,343.29,,S,,6.84,101590.33,101473.87,
025HI,2024-01-15T12:30:00Z,88380.0,9.378,89.3,1.291,162.6,1.945,0.0,14.194,14.822,15.728,14.9,0.0,72.0,58.5,57.3,12.99,-59.96,-3.25,-56.71,0.0,286.9,343.62,,SSE,,7.69,101578.83,101475.11,
025HI,2024-01-15T12:35:00Z,88370.0,9.389,92.5,1.482,181.7,,0.0,14.172,14.861,15.728,14.872,0.0,72.0,58.5,57.3,12.99,-59.91,-3.73,-56.18,0.0,288.06,344.24,,S,,8.22,101567.34,101463.06,
025HI,2024-01-15T12:40:00Z,88370.0,8.628,87.5,1.682,186.7,2.5,0.0,14.161,14.772,15.75,14.9,0.0,72.0,58.5,57.3,12.99,-62.42,-3.79,-58.63,0.0,285.16,343.8,,S,,6.65,101567.34,101500.51,
025HI,2024-01-15T12:45:00Z,88360.0,8.922,84.6,1.713,180.8,2.33,0.0,14.15,14.822,15.75,14.861,0.0,72.0,58.5,57.3,12.99,-63.79,-3.22,-60.57,0.51,283.98,344.55,,S,,6.44,101555.85,101474.58,
025HI,2024-01-15T12:50:00Z,88360.0,9.05,83.1,1.24,169.1,1.888,0.0,14.139,14.822,15.75,14.85,0.0,72.0,58.5,57.3,12.99,-64.78,-3.83,-60.95,0.4,283.43,344.38,,S,,6.3,101555.85,101468.3,
025HI,2024-01-15T12:55:00Z,88360.0,9.711,82.2,1.368,164.9,2.33,0.0,14.122,14.8,15.761,14.8,0.0,72.0,58.5,57.3,12.98,-63.68,-3.23,-60.45,1.49,284.28,344.73,,SSE,,6.79,101555.85,101435.91,
025HI,2024-01-15T13:00:00Z,88380.0,9.789,84.5,0.571,167.2,0.998,0.0,14.106,14.778,15.739,14.85,0.0,72.0,58.5,57.3,12.98,-62.1,-3.5,-58.6,0.81,284.28,342.88,,SSE,,7.27,101578.83,101455.03,
025HI,2024-01-15T13:05:00Z,88370.0,10.072,96.9,0.304,127.7,0.998,0.0,14.094,14.811,15.722,14.828,0.0,72.1,58.5,57.3,12.98,-56.04,-3.44,-52.59,2.0,291.95,344.54,,SE,,9.6,101567.34,101429.62,
025HI,2024-01-15T13:10:00Z,88370.0,9.589,95.4,0.633,174.0,1.332,0.0,14.078,14.778,15.722,14.839,0.0,72.1,58.5,57.3,12.98,-54.58,-3.53,-51.05,0.0,292.32,343.37,,S,,8.88,101567.34,101453.23,
025HI,2024-01-15T13:15:00Z,88380.0,9.328,97.1,1.338,173.2,1.831,0.0,14.067,14.811,15.728,14.811,0.0,72.1,58.5,57.3,12.98,-58.68,-2.96,-55.72,0.0,288.41,344.12,,S,,8.89,101578.83,101477.49,
025HI,2024-01-15T13:20:00Z,88380.0,9.0,97.0,1.476,181.3,1.831,0.0,14.039,14.811,15.728,14.8,0.0,72.1,58.5,57.3,12.97,-64.46,-3.87,-60.59,0.0,,344.59,,S,,8.54,101578.83,101493.6,
025HI,2024-01-15T13:25:00Z,88380.0,8.761,96.4,1.358,185.8,1.888,0.0,14.022,14.8,15.761,14.778,0.0,72.1,58.5,57.3,12.97,-66.08,-4.89,-61.19,0.0,283.55,344.74,,S,,8.21,101578.83,101505.37,
025HI,2024-01-15T13:30:00Z,88380.0,8.322,95.6,1.24,195.5,1.667,0.0,14.011,14.778,15.739,14.778,0.0,72.1,58.5,57.3,12.97,-51.68,-4.67,-47.01,0.0,296.44,343.45,,SSW,,7.65,101578.83,101527.03,
025HI,2024-01-15T13:35:00Z,88390.0,8.1,97.0,1.466,196.7,2.222,0.0,14.006,14.811,15.728,14.8,0.0,72.1,58.5,57.3,12.97,-27.33,-2.45,-24.88,0.06,321.39,346.27,,SSW,,7.65,101590.33,101549.49,
025HI,2024-01-15T13:40:00Z,88400.0,8.361,98.5,1.266,199.6,2.33,0.0,13.978,14.789,15.722,14.778,0.0,72.1,58.5,57.3,12.96,-23.34,-1.22,-22.12,0.69,327.2,349.31,,SSW,,8.14,101601.82,101548.05,
025HI,2024-01-15T13:45:00Z,88400.0,8.772,99.1,1.353,181.0,2.279,0.0,13.944,14.789,15.722,14.772,0.0,72.1,58.5,57.3,12.96,-30.83,-1.46,-29.37,0.68,321.79,351.16,,S,,8.64,101601.82,101527.77,
025HI,2024-01-15T13:50:00Z,88400.0,8.761,98.7,1.61,188.3,2.166,0.0,13.922,14.772,15.75,14.728,0.0,72.1,58.5,57.3,12.96,-55.24,-2.79,-52.45,0.55,298.88,351.32,,S,,8.57,101601.82,101528.32,
025HI,2024-01-15T13:55:00Z,88390.0,8.689,98.8,1.512,190.0,2.222,0.0,13.911,14.75,15.728,14.75,0.0,72.1,58.5,57.3,12.96,-61.2,-3.49,-57.71,0.47,293.26,350.97,,S,,8.51,101590.33,101520.38,
025HI,2024-01-15T14:00:00Z,88390.0,8.85,99.8,1.574,185.2,2.444,0.0,13.906,14.778,15.75,14.761,0.0,72.1,58.5,57.3,12.96,-60.83,-3.2,-57.63,0.73,293.02,350.64,,S,,8.82,101590.33,101512.44,
025HI,2024-01-15T14:05:00Z,88390.0,8.622,99.5,1.482,193.5,2.109,0.0,13.9,14.778,15.722,14.728,0.0,72.1,58.5,57.3,12.96,-67.73,-4.05,-63.68,0.39,286.29,349.96,,SSW,,8.55,101590.33,101523.67,
025HI,2024-01-15T14:10:00Z,88390.0,8.272,98.5,1.579,187.5,2.222,0.0,13.906,14.772,15.722,14.728,0.0,72.1,58.5,57.3,12.95,-70.15,-5.12,-65.03,0.29,282.97,347.99,,S,,8.05,101590.33,101540.97,
025HI,2024-01-15T14:15:00Z,88400.0,8.05,97.1,1.703,194.2,2.387,0.0,13.922,14.75,15.739,14.728,0.0,72.1,58.5,57.3,12.95,-70.19,-5.92,-64.27,0.57,282.6,346.88,,SSW,,7.61,101601.82,101563.45,
025HI,2024-01-15T14:20:00Z,88390.0,8.022,95.4,1.698,188.0,2.5,0.0,13.928,14.739,15.761,14.7,0.0,72.1,58.5,57.3,12.94,-69.6,-5.77,-63.82,0.93,282.52,346.35,,S,,7.32,101590.33,101553.37,
025HI,2024-01-15T14:25:00Z,88380.0,7.967,93.7,1.867,186.2,,0.0,13.928,14.711,15.728,14.728,0.0,72.1,58.5,57.3,12.95,-69.1,-5.52,-63.58,0.91,282.46,346.05,,S,,7.0,101578.83,101544.61,
025HI,2024-01-15T14:30:00Z,88380.0,8.1,94.1,1.939,183.9,3.164,0.0,13.917,14.739,15.75,14.711,0.0,72.1,58.5,57.3,12.95,-69.16,-4.94,-64.22,1.26,282.96,347.19,,S,,7.2,101578.83,101538.02,
025HI,2024-01-15T14:35:00Z,88390.0,8.178,92.4,1.996,170.1,3.39,0.0,13.9,14.739,15.75,14.678,0.0,72.1,58.5,57.3,12.94,-68.89,-4.93,-63.97,1.22,283.21,347.17,,S,,7.0,101590.33,101545.67,
025HI,2024-01-15T14:40:00Z,88390.0,8.489,91.2,1.96,182.0,3.056,0.0,13.883,14.761,15.728,14.7,0.0,72.1,58.5,57.3,12.94,-68.85,-4.32,-64.53,1.44,282.9,347.42,,S,,7.12,101590.33,101530.31,
025HI,2024-01-15T14:45:00Z,88390.0,8.55,90.4,1.873,182.5,2.665,0.0,13.867,14.728,15.722,14.672,0.0,72.1,58.5,57.3,12.94,-67.48,-3.98,-63.49,1.11,283.77,347.27,,S,,7.05,101590.33,101527.31,
025HI,2024-01-15T14:50:00Z,88400.0,8.778,87.8,1.765,180.9,2.387,0.0,13.856,14.739,15.711,14.689,0.0,72.1,58.5,57.3,12.94,-66.31,-3.69,-62.63,1.35,283.87,346.5,,S,,6.84,101601.82,101527.58,
025HI,2024-01-15T14:55:00Z,88390.0,8.8,86.7,1.734,189.2,2.444,0.0,13.85,14.7,15.728,14.672,0.0,72.1,58.5,57.3,12.94,-65.74,-3.75,-61.99,0.79,283.38,345.36,,S,,6.68,101590.33,101515.02,
025HI,2024-01-15T15:00:00Z,88390.0,8.65,86.2,1.59,186.8,2.721,0.0,13.844,14.728,15.728,14.611,0.0,72.1,58.5,57.3,12.94,-66.27,-3.8,-62.46,0.55,282.76,345.22,,S,,6.45,101590.33,101522.41,
025HI,2024-01-15T15:05:00Z,88400.0,8.472,85.0,1.569,167.2,2.33,0.0,13.844,14.689,15.711,14.7,0.0,72.1,58.5,57.3,12.94,-67.0,-3.94,-63.05,0.42,281.58,344.63,,SSE,,6.07,101601.82,101542.69,
025HI,2024-01-15T15:10:00Z,88390.0,8.478,85.4,1.729,178.1,2.886,0.0,13.839,14.722,15.728,14.661,0.0,72.1,58.5,57.3,12.93,-66.47,-3.89,-62.58,0.6,282.1,344.68,,S,,6.14,101590.33,101530.9,
025HI,2024-01-15T15:15:00Z,88390.0,8.789,87.7,2.166,194.7,3.498,0.0,13.828,14.7,15.722,14.628,0.0,72.1,58.5,57.3,12.93,-68.62,-3.63,-64.99,1.42,282.44,347.42,,SSW,,6.84,101590.33,101515.55,
025HI,2024-01-15T15:20:00Z,88390.0,9.322,89.6,2.207,190.9,3.997,0.0,13.794,14.689,15.7,14.628,0.0,72.1,58.5,57.3,12.93,-70.44,-3.92,-66.53,1.63,283.72,350.25,,S,,7.68,101590.33,101489.33,
025HI,2024-01-15T15:25:00Z,88380.0,9.589,92.3,2.289,194.1,3.442,0.0,13.756,14.661,15.728,14.661,0.0,72.1,58.5,57.3,12.93,-71.16,-3.96,-67.2,1.63,285.7,352.9,,SSW,,8.39,101578.83,101464.74,
025HI,2024-01-15T15:30:00Z,88380.0,10.161,90.0,2.063,193.3,3.611,0.0,13.722,14.7,15.728,14.578,0.0,72.1,58.5,57.3,12.93,-70.98,-3.99,-66.98,2.0,287.56,354.54,,SSW,,8.58,101578.83,101436.82,
025HI,2024-01-15T15:35:00Z,88390.0,10.411,84.1,1.991,189.3,3.056,0.0,13.706,14.661,15.728,14.639,0.0,72.1,58.5,57.3,12.93,-69.0,-3.97,-65.03,1.68,289.06,354.09,,S,,7.81,101590.33,101436.18,
025HI,2024-01-15T15:40:00Z,88380.0,10.539,78.83,1.878,177.4,3.22,0.0,13.706,14.661,15.728,14.578,0.0,72.1,58.5,57.3,12.92,-66.52,-3.66,-62.86,1.04,289.63,352.49,,S,,6.98,101578.83,101418.53,
025HI,2024-01-15T15:45:00Z,88380.0,10.439,77.29,1.831,174.0,3.112,0.0,13.711,14.65,15.728,14.572,0.0,72.1,58.5,57.3,12.92,-65.6,-3.61,-61.99,0.6,289.78,351.78,,S,,6.59,101578.83,101423.41,
025HI,2024-01-15T15:50:00Z,88390.0,10.322,78.23,0.936,271.9,2.387,0.0,13.728,14.689,15.722,14.572,0.0,72.1,58.5,57.3,12.92,-67.86,-4.44,-63.42,0.6,286.7,350.12,,W,,6.66,101590.33,101440.57,
025HI,2024-01-15T15:55:00Z,88390.0,10.689,75.83,1.137,197.4,2.721,0.0,13.739,14.678,15.728,14.589,0.0,72.1,58.5,57.3,12.92,-65.45,-3.87,-61.57,1.71,287.12,348.69,,SSW,,6.55,101590.33,101422.75,
025HI,2024-01-15T16:00:00Z,88390.0,11.15,75.92,1.368,185.5,2.109,0.0,13.739,14.628,15.722,14.589,0.0,72.1,58.5,57.3,12.92,-60.71,-2.63,-58.08,1.09,289.2,347.28,,S,,7.02,101590.33,101400.41,
025HI,2024-01-15T16:05:00Z,88390.0,10.422,80.3,1.533,193.2,2.778,0.0,13.733,14.65,15.722,14.539,0.0,72.1,58.5,57.3,12.91,-63.39,-3.45,-59.94,0.0,287.51,347.45,,SSW,,7.14,101590.33,101435.69,
025HI,2024-01-15T16:10:00Z,88390.0,10.039,80.6,1.775,189.2,2.5,0.0,13.728,14.628,15.728,14.55,0.0,72.2,58.5,57.3,12.92,-65.16,-3.8,-61.37,0.0,287.38,348.75,,S,,6.82,101590.33,101454.34,
025HI,2024-01-15T16:15:00Z,88400.0,9.639,82.1,1.806,178.7,2.608,0.0,13.717,14.611,15.739,14.55,0.0,72.2,58.5,57.3,12.92,-64.45,-3.76,-60.69,0.0,287.7,348.38,,S,,6.7,101601.82,101485.35,
025HI,2024-01-15T16:20:00Z,88400.0,9.928,80.5,2.063,182.2,2.829,0.0,13.706,14.628,15.739,14.539,0.0,72.2,58.5,57.3,12.92,-63.31,-3.25,-60.06,0.71,288.38,348.45,,S,,6.69,101601.82,101471.24,
025HI,2024-01-15T16:25:00Z,88390.0,10.089,80.7,2.073,182.5,2.665,0.0,13.689,14.611,15.722,14.55,0.0,72.2,58.5,57.3,12.92,-63.16,-3.25,-59.91,0.52,288.92,348.83,,S,,6.89,101590.33,101451.9,
025HI,2024-01-15T16:30:00Z,88390.0,9.928,82.0,2.156,184.8,2.886,0.0,13.672,14.6,15.728,14.528,0.0,72.2,58.5,57.3,12.92,-64.15,-3.37,-60.78,0.13,288.76,349.54,,S,,6.96,101590.33,101459.75,
025HI,2024-01-15T16:35:00Z,88390.0,10.028,81.9,2.073,178.5,3.164,0.0,13.656,14.628,15.711,14.5,0.0,72.2,58.5,57.3,12.91,-64.6,-3.39,-61.21,0.39,288.99,350.2,,S,,7.04,101590.33,101454.87,
025HI,2024-01-15T16:40:00Z,88390.0,10.2,81.4,1.939,180.3,2.886,0.0,13.639,14.572,15.722,14.522,0.0,72.2,58.5,57.3,12.91,-64.13,-3.39,-60.74,0.8,289.91,350.65,,S,,7.12,101590.33,101446.48,
025HI,2024-01-15T16:45:00Z,88390.0,10.5,80.7,2.011,182.0,2.886,0.0,13.622,14.611,15.711,14.522,0.0,72.2,58.5,57.3,12.91,-64.14,-3.17,-60.97,1.12,290.28,351.25,,S,,7.29,101590.33,101431.89,
025HI,2024-01-15T16:50:00Z,88390.0,10.611,80.1,1.924,179.8,2.829,0.0,13.606,14.6,15.722,14.511,0.0,72.2,58.5,57.3,12.91,-64.22,-2.77,-61.45,1.09,290.71,352.15,,S,,7.29,101590.33,101426.5,
025HI,2024-01-15T16:55:00Z,88400.0,10.828,79.69,1.739,163.8,2.608,0.0,13.589,14.578,15.7,14.478,0.0,72.2,58.5,57.3,12.91,-64.32,-1.92,-62.4,1.32,290.36,352.75,,SSE,,7.42,101601.82,101427.44,
025HI,2024-01-15T17:00:00Z,88400.0,12.328,65.46,1.08,142.9,2.665,4.05,13.578,14.628,15.722,14.5,0.0,72.2,58.5,57.3,12.91,-58.95,0.78,-59.73,3.27,291.52,351.26,,SE,,5.98,101601.82,101355.23,
025HI,2024-01-15T17:05:00Z,88410.0,13.189,65.73,1.579,181.0,2.222,5.91,13.567,14.611,15.75,14.489,0.0,72.2,58.5,57.3,12.91,-55.69,3.63,-59.32,2.28,290.73,350.05,,S,,6.86,101613.31,101325.52,
025HI,2024-01-15T17:10:00Z,88400.0,12.389,71.56,1.672,188.7,3.164,5.53,13.561,14.55,15.739,14.439,0.0,72.2,58.5,57.3,12.9,-56.58,5.14,-61.72,0.39,290.39,352.11,,S,,7.34,101601.82,101352.24,
025HI,2024-01-15T17:15:00Z,88400.0,12.122,72.63,2.042,190.3,3.22,9.41,13.55,14.539,15.722,14.45,0.0,72.2,58.5,57.3,12.92,-57.2,7.96,-65.16,1.45,290.92,356.08,,S,,7.31,101601.82,101365.04,
025HI,2024-01-15T17:20:00Z,88400.0,12.111,72.81,1.945,190.3,2.943,24.99,13.533,14.561,15.722,14.472,0.0,72.2,58.5,57.3,13.06,-42.5,22.76,-65.25,2.24,291.34,356.6,,S,,7.33,101601.82,101365.57,
025HI,2024-01-15T17:25:00Z,88410.0,12.15,72.41,1.826,188.6,3.611,49.19,13.522,14.55,15.739,14.439,0.0,72.2,58.5,57.3,13.25,-18.41,46.87,-65.28,2.31,291.19,356.47,,S,,7.29,101613.31,101375.17,
025HI,2024-01-15T17:30:00Z,88410.0,12.472,71.48,1.893,185.5,2.943,64.94,13.511,14.55,15.728,14.461,0.0,72.2,58.5,57.3,13.47,-3.73,61.89,-65.61,3.05,291.74,357.35,,S,,7.41,101613.31,101359.72,
025HI,2024-01-15T17:35:00Z,88410.0,12.511,71.74,1.991,183.2,3.22,81.11,13.494,14.55,15.7,14.439,0.0,72.2,58.5,57.3,13.71,10.21,76.35,-66.14,4.76,292.42,358.55,,S,,7.5,101613.31,101357.85,
025HI,2024-01-15T17:40:00Z,88420.0,13.25,68.58,1.806,196.6,,100.29,13.472,14.561,15.711,14.439,0.0,72.2,58.5,57.3,13.95,22.54,90.11,-67.57,10.18,293.02,360.59,,SSW,,7.54,101624.81,101334.04,
025HI,2024-01-15T17:45:00Z,88420.0,13.728,67.06,1.502,190.5,2.5,117.95,13.45,14.539,15.722,14.422,0.0,72.2,58.5,57.3,13.8,34.78,102.86,-68.08,15.08,293.6,361.68,,S,,7.67,101624.81,101311.31,
025HI,2024-01-15T17:50:00Z,88420.0,14.228,64.39,2.037,189.1,2.886,136.98,13.428,14.511,15.728,14.389,0.0,72.2,58.5,57.3,13.89,46.61,117.43,-70.82,19.54,294.3,365.12,,S,,7.55,101624.81,101287.64,
025HI,2024-01-15T17:55:00Z,88420.0,14.672,62.93,1.574,209.1,2.608,156.1,13.406,14.528,15.75,14.372,0.0,72.2,58.5,57.3,13.88,59.18,132.63,-73.45,23.47,294.25,367.7,,SSW,,7.63,101624.81,101266.68,
025HI,2024-01-15T18:00:00Z,88430.0,14.878,65.01,0.365,224.0,1.055,173.44,13.394,14.511,15.722,14.411,0.0,72.2,58.5,57.3,13.87,73.31,147.24,-73.93,26.19,294.26,368.19,,SW,,8.31,101636.3,101268.4,
025HI,2024-01-15T18:05:00Z,88430.0,14.85,66.42,0.602,223.3,1.389,192.84,13.394,14.561,15.728,14.361,0.0,72.2,58.5,57.3,13.86,89.54,163.64,-74.1,29.2,295.61,369.7,,SW,,8.6,101636.3,101269.7,
025HI,2024-01-15T18:10:00Z,88430.0,15.039,66.0,1.435,191.7,2.33,214.47,13.394,14.489,15.728,14.411,0.0,72.2,58.5,57.3,13.85,106.15,181.44,-75.29,33.03,297.08,372.36,,SSW,,8.69,101636.3,101260.81,
025HI,2024-01-15T18:15:00Z,88430.0,15.528,63.63,1.425,191.5,,236.1,13.383,14.539,15.739,14.372,0.0,72.2,58.5,57.3,13.84,121.18,198.59,-77.41,37.51,298.15,375.56,,SSW,,8.61,101636.3,101237.87,
025HI,2024-01-15T18:20:00Z,88430.0,16.278,59.94,1.358,191.3,2.387,257.37,13.372,14.511,15.7,14.339,0.0,72.2,58.5,57.3,13.84,136.36,215.77,-79.41,41.59,299.24,378.65,,SSW,,8.43,101636.3,101202.86,
025HI,2024-01-15T18:25:00Z,88430.0,16.761,60.02,1.116,196.5,2.109,277.23,13.356,14.489,15.7,14.389,0.0,72.2,58.5,57.3,13.83,150.89,232.61,-81.72,44.63,299.95,381.66,,SSW,,8.9,101636.3,101180.38,
025HI,2024-01-15T18:30:00Z,88440.0,17.172,60.65,0.808,194.2,1.888,296.76,13.344,14.472,15.75,14.361,0.0,72.2,58.5,57.3,13.82,165.14,249.02,-83.88,47.74,300.96,384.84,,SSW,,9.45,101647.79,101172.74,
025HI,2024-01-15T18:35:00Z,88440.0,17.6,58.17,0.905,205.7,1.775,316.93,13.333,14.528,15.7,14.339,0.0,72.2,58.5,57.3,13.81,180.64,265.97,-85.33,50.96,302.08,387.42,,SSW,,9.23,101647.79,101152.98,
025HI,2024-01-15T18:40:00Z,88440.0,18.028,58.3,0.731,172.9,1.389,336.16,13.333,14.489,15.728,14.35,0.0,72.2,58.5,57.3,13.8,194.48,282.06,-87.58,54.1,302.84,390.42,,S,,9.66,101647.79,101133.24,
025HI,2024-01-15T18:45:00Z,88440.0,18.461,57.26,0.442,216.8,1.888,355.41,13.328,14.539,15.7,14.339,0.0,72.2,58.5,57.3,13.79,208.73,298.37,-89.64,57.04,303.71,393.35,,SW,,9.8,101647.79,101113.35,
025HI,2024-01-15T18:50:00Z,88440.0,18.689,54.21,1.188,217.0,2.557,375.67,13.322,14.528,15.7,14.339,0.0,72.2,58.5,57.3,13.79,225.58,315.49,-89.91,60.18,304.61,394.52,,SW,,9.2,101647.79,101102.95,
025HI,2024-01-15T18:55:00Z,88440.0,18.689,54.89,1.425,215.3,3.277,395.19,13.322,14.489,15.722,14.35,0.0,72.2,58.5,57.3,13.77,241.18,332.09,-90.91,63.1,304.94,395.85,,SW,,9.38,101647.79,101102.93,
025HI,2024-01-15T19:00:00Z,88440.0,18.639,57.26,1.482,217.3,3.39,414.65,13.328,14.45,15.7,14.3,0.0,72.2,58.5,57.3,13.77,256.06,348.4,-92.34,66.24,305.26,397.61,,SW,,9.97,101647.79,101105.19,
025HI,2024-01-15T19:05:00Z,88440.0,18.778,55.88,1.322,211.4,2.33,433.96,13.328,14.461,15.711,14.322,0.0,72.2,58.5,57.3,13.77,270.36,364.22,-93.86,69.74,305.75,399.6,,SSW,,9.73,101647.79,101098.84,
025HI,2024-01-15T19:10:00Z,88450.0,19.139,55.73,0.808,222.3,1.945,452.77,13.328,14.439,15.722,14.311,0.0,72.2,58.5,57.3,13.75,283.61,379.93,-96.32,72.85,306.34,402.67,,SW,,10.03,101659.29,101093.76,
025HI,2024-01-15T19:15:00Z,88450.0,19.522,54.14,0.782,227.2,2.387,471.51,13.333,14.472,15.728,14.322,0.0,72.2,58.5,57.3,13.75,298.19,395.69,-97.5,75.82,307.6,405.1,,SW,,9.96,101659.29,101076.32,
025HI,2024-01-15T19:20:00Z,88450.0,19.978,52.49,0.514,234.1,1.61,489.13,13.333,14.439,15.722,14.311,0.0,72.2,58.5,57.3,13.75,311.67,410.77,-99.1,78.36,308.86,407.96,,SW,,9.92,101659.29,101055.61,
025HI,2024-01-15T19:25:00Z,88450.0,20.389,49.4,0.777,213.4,2.33,507.45,13.333,14.45,15.728,14.311,0.0,72.2,58.5,57.3,13.73,326.36,426.37,-100.01,81.08,309.95,409.96,,SSW,,9.39,101659.29,101037.03,
025HI,2024-01-15T19:30:00Z,88450.0,20.578,47.24,1.055,211.7,3.056,524.76,13.333,14.411,15.711,14.328,0.0,72.2,58.5,57.3,13.73,340.73,441.35,-100.62,83.41,310.37,410.99,,SSW,,8.9,101659.29,101028.52,
025HI,2024-01-15T19:35:00Z,88450.0,20.761,49.72,0.803,227.1,,541.55,13.339,14.478,15.728,14.278,0.0,72.2,58.5,57.3,13.7,353.77,456.01,-102.24,85.54,311.03,413.26,,SW,,9.83,101659.29,101020.2,
025HI,2024-01-15T19:40:00Z,88450.0,20.761,50.42,1.348,236.0,2.943,558.38,13.344,14.428,15.722,14.261,0.0,72.2,58.5,57.3,13.71,368.23,470.85,-102.62,87.53,311.71,414.33,,SW,,10.04,101659.29,101020.19,
025HI,2024-01-15T19:45:00Z,88450.0,20.828,53.54,1.235,243.5,2.444,575.15,13.35,14.428,15.7,14.261,0.0,72.3,58.5,57.3,13.71,380.66,485.03,-104.38,90.11,312.55,416.93,,WSW,,11.01,101659.29,101017.11,
025HI,2024-01-15T19:50:00Z,88450.0,20.961,51.47,1.06,247.6,2.829,592.02,13.356,14.411,15.722,14.261,0.0,72.3,58.5,57.3,13.71,393.75,499.27,-105.52,92.75,312.78,418.3,,WSW,,10.54,101659.29,101011.14,
025HI,2024-01-15T19:55:00Z,88450.0,20.978,46.47,1.353,239.7,,607.98,13.361,14.422,15.689,14.289,0.0,72.3,58.5,57.3,13.69,407.52,512.93,-105.41,95.05,312.87,418.28,,WSW,,9.02,101659.29,101010.47,
025HI,2024-01-15T20:00:00Z,88460.0,21.189,46.49,0.432,192.6,1.667,622.79,13.367,14.4,15.722,14.228,0.0,72.3,58.5,57.3,13.69,417.69,525.41,-107.72,97.38,313.69,421.41,,SSW,,9.22,101670.78,101012.39,
025HI,2024-01-15T20:05:00Z,88450.0,21.539,45.97,0.972,223.0,3.22,636.07,13.372,14.372,15.722,14.25,0.0,72.3,58.5,57.3,13.69,428.17,536.9,-108.73,99.18,314.51,423.24,,SW,,9.38,101659.29,100985.24,
025HI,2024-01-15T20:10:00Z,88450.0,21.389,45.27,1.384,224.6,2.665,651.62,13.378,14.422,15.722,14.239,0.0,72.3,58.5,57.3,13.69,442.63,550.92,-108.28,100.7,314.64,422.93,,SW,,9.01,101659.29,100991.99,
025HI,2024-01-15T20:15:00Z,88440.0,21.4,43.18,1.559,219.0,3.611,667.41,13.389,14.428,15.672,14.228,0.0,72.3,58.5,57.3,13.67,454.77,563.67,-108.9,103.74,314.74,423.64,,SW,,8.32,101647.79,100980.12,
025HI,2024-01-15T20:20:00Z,88440.0,21.339,42.68,2.114,207.4,3.776,681.61,13.4,14.378,15.728,14.25,0.0,72.3,58.5,57.3,13.67,467.35,575.74,-108.39,105.87,314.66,423.05,,SSW,,8.09,101647.79,100982.87,
025HI,2024-01-15T20:25:00Z,88440.0,21.161,43.35,1.6,207.7,4.609,696.0,13.406,14.328,15.722,14.228,0.0,72.3,58.5,57.3,13.67,477.97,587.77,-109.8,108.23,314.2,,,SSW,,8.16,101647.79,100990.87,
025HI,2024-01-15T20:30:00Z,88430.0,21.139,44.26,2.011,212.9,3.833,710.07,13.411,14.372,15.7,14.228,0.0,72.3,58.5,57.3,13.67,488.75,599.5,-110.75,110.57,314.28,425.03,,SSW,,8.45,101636.3,100980.42,
025HI,2024-01-15T20:35:00Z,88430.0,21.128,44.18,1.903,210.8,4.609,723.33,13.422,14.372,15.722,14.211,0.0,72.3,58.5,57.3,13.67,499.15,610.81,-111.66,112.52,313.85,425.51,,SSW,,8.41,101636.3,100980.92,
025HI,2024-01-15T20:40:00Z,88430.0,21.339,42.81,1.852,208.8,3.776,735.32,13.428,14.322,15.7,14.222,0.0,72.3,58.5,57.3,13.67,507.54,620.58,-113.04,114.74,314.81,427.85,,SSW,,8.14,101636.3,100971.45,
025HI,2024-01-15T20:45:00Z,88420.0,21.611,41.0,0.725,229.6,2.778,745.8,13.428,14.361,15.722,14.211,0.0,72.3,58.5,57.3,13.67,514.01,629.41,,116.39,315.66,431.06,,SW,,7.75,101624.81,100947.86,
025HI,2024-01-15T20:50:00Z,88410.0,22.172,39.03,0.736,233.8,2.279,756.18,13.433,14.3,15.722,14.211,0.0,72.3,58.5,57.3,13.67,522.56,639.06,-116.5,117.12,317.27,433.77,,SW,,7.53,101613.31,100911.37,
025HI,2024-01-15T20:55:00Z,88410.0,22.461,38.34,0.705,225.6,2.33,765.61,13.439,14.372,15.728,14.228,0.0,72.3,58.5,57.3,13.65,531.16,648.12,-116.96,117.49,318.44,435.4,,SW,,7.53,101613.31,100898.48,
025HI,2024-01-15T21:00:00Z,88400.0,22.661,43.88,0.484,255.3,1.888,774.14,13.45,14.339,15.7,14.239,0.0,72.3,58.5,57.3,13.65,537.62,656.17,-118.54,117.98,320.2,438.74,,WSW,,9.71,101601.82,100878.05,
025HI,2024-01-15T21:05:00Z,88390.0,22.678,45.74,0.633,135.0,1.945,783.18,13.467,14.339,15.7,14.239,0.0,72.3,58.5,57.3,13.65,545.68,664.81,-119.13,118.37,321.41,440.54,,SE,,10.34,101590.33,100865.84,
025HI,2024-01-15T21:10:00Z,88390.0,22.661,42.9,0.916,231.0,3.442,793.4,13.489,14.328,15.7,14.228,0.0,72.3,58.5,57.3,13.65,554.39,673.6,-119.22,119.79,321.62,440.83,,SW,,9.37,101590.33,100866.66,
025HI,2024-01-15T21:15:00Z,88370.0,22.778,41.61,0.89,246.0,3.164,801.74,13.506,14.328,15.689,14.211,0.0,72.3,58.5,57.3,13.65,561.45,680.71,-119.26,121.03,321.69,440.95,,WSW,,9.02,101567.34,100838.66,
025HI,2024-01-15T21:20:00Z,88370.0,22.389,44.94,1.404,247.3,3.498,810.68,13.522,14.328,15.722,14.228,0.0,72.3,58.5,57.3,13.65,569.63,688.66,-119.03,122.02,320.89,439.93,,WSW,,9.82,101567.34,100855.91,
025HI,2024-01-15T21:25:00Z,88360.0,22.428,45.38,0.772,181.3,3.833,818.19,13.539,14.339,15.689,14.189,0.0,72.3,58.5,57.3,13.62,573.08,694.06,-120.98,124.13,320.06,441.04,,S,,10.0,101555.85,100842.75,
025HI,2024-01-15T21:30:00Z,88350.0,22.261,49.12,1.25,199.9,3.663,825.33,13.561,14.339,15.728,14.228,0.0,72.3,58.5,57.3,13.62,578.72,700.13,-121.42,125.2,319.29,440.71,,SSW,,11.03,101544.35,100838.71,
025HI,2024-01-15T21:35:00Z,88340.0,22.228,51.12,1.286,241.4,4.11,832.79,13.572,14.289,15.689,14.228,0.0,72.3,58.5,57.3,13.62,583.67,706.38,-122.7,126.41,319.36,442.06,,WSW,,11.61,101532.86,100828.73,
025HI,2024-01-15T21:40:00Z,88320.0,22.378,48.24,1.641,228.0,4.388,840.13,13.589,14.311,15.7,14.261,0.0,72.3,58.5,57.3,13.62,590.22,712.1,-121.88,128.03,319.59,441.47,,SW,,10.87,101509.87,100799.27,
025HI,2024-01-15T21:45:00Z,88310.0,22.622,47.39,0.988,226.1,3.056,846.43,13.6,14.3,15.7,14.239,0.0,72.3,58.5,57.3,13.62,592.48,716.45,-123.98,129.98,320.13,444.1,,SW,,10.83,101498.38,100777.01,
025HI,2024-01-15T21:50:00Z,88310.0,22.811,45.49,1.487,213.1,5.052,852.15,13.606,14.35,15.711,14.239,0.0,72.3,58.5,57.3,13.62,598.91,721.58,-122.67,130.57,320.13,442.8,,SSW,,10.38,101498.38,100768.64,
025HI,2024-01-15T21:55:00Z,88300.0,22.778,44.61,1.415,209.2,3.833,856.6,13.617,14.322,15.722,14.25,0.0,72.3,58.5,57.3,13.62,603.06,725.51,-122.45,131.09,320.33,442.78,,SSW,,10.06,101486.89,100758.72,
025HI,2024-01-15T22:00:00Z,88290.0,22.872,45.2,0.967,215.8,3.719,861.02,13.628,14.278,15.7,14.261,0.0,72.3,58.5,57.3,13.62,604.89,729.17,-124.28,131.85,320.4,444.67,,SW,,10.34,101475.39,100743.12,
025HI,2024-01-15T22:05:00Z,88280.0,22.689,45.59,1.466,230.1,3.997,864.55,13.644,14.289,15.672,14.228,0.0,72.3,58.5,57.3,13.62,609.58,732.77,-123.19,131.78,319.97,443.16,,SW,,10.31,101463.9,100739.83,
025HI,2024-01-15T22:10:00Z,88270.0,22.689,44.18,1.425,224.5,3.442,867.92,13.667,14.261,15.728,14.25,0.0,72.2,58.5,57.3,13.62,611.4,735.31,-123.91,132.61,319.68,443.59,,SW,,9.83,101452.41,100728.45,
025HI,2024-01-15T22:15:00Z,88270.0,22.572,45.06,1.322,233.1,3.056,870.5,13.683,14.261,15.711,14.261,0.0,72.2,58.6,57.3,13.62,613.07,737.15,-124.08,133.35,319.71,443.79,,SW,,10.02,101452.41,100733.63,
025HI,2024-01-15T22:20:00Z,88260.0,22.328,47.02,1.939,199.2,4.944,872.71,13.706,14.289,15.7,14.278,0.0,72.2,58.6,57.3,13.62,615.91,738.99,-123.09,133.72,319.16,442.24,,SSW,,10.44,101440.91,100733.04,
025HI,2024-01-15T22:25:00Z,88250.0,22.039,52.01,1.518,222.1,3.442,873.94,13.728,14.289,15.689,14.278,0.0,72.2,58.6,57.3,13.62,615.81,739.93,-124.12,134.0,318.59,442.7,,SW,,11.69,101429.42,100734.42,
025HI,2024-01-15T22:30:00Z,88240.0,21.978,51.03,1.338,225.3,3.997,875.73,13.75,14.261,15.711,14.261,0.0,72.2,58.6,57.3,13.62,616.37,741.11,-124.74,134.62,317.45,442.19,,SW,,11.35,101417.93,100725.75,
025HI,2024-01-15T22:35:00Z,88230.0,21.928,49.37,1.548,212.3,3.719,877.53,13.778,14.25,15.711,14.3,0.0,72.2,58.6,57.3,13.62,616.36,741.92,-125.56,135.61,316.76,442.32,,SSW,,10.8,101406.43,100716.6,
025HI,2024-01-15T22:40:00Z,88220.0,22.05,49.5,1.605,191.2,3.889,878.47,13.8,14.261,15.7,14.328,0.0,72.2,58.6,57.3,13.62,616.04,742.21,-126.17,136.25,315.99,442.16,,S,,10.96,101394.94,100699.73,
025HI,2024-01-15T22:45:00Z,88210.0,21.878,49.84,1.831,224.2,4.717,878.05,13.822,14.289,15.689,14.311,0.0,72.2,58.6,57.3,13.62,616.05,741.82,-125.77,136.23,315.65,441.41,,SW,,10.9,101383.45,100695.99,
025HI,2024-01-15T22:50:00Z,88200.0,21.878,50.45,1.996,211.9,4.666,877.56,13.844,14.228,15.7,14.322,0.0,72.2,58.6,57.3,13.63,615.72,741.37,-125.65,136.19,314.65,440.3,,SSW,,11.08,101371.95,100684.56,
025HI,2024-01-15T22:55:00Z,88190.0,21.611,53.15,1.939,201.5,4.831,877.23,13.867,14.261,15.689,14.328,0.0,72.2,58.6,57.3,13.63,614.7,740.49,-125.78,136.75,314.39,440.18,,SSW,,11.63,101360.46,100685.03,
025HI,2024-01-15T23:00:00Z,88190.0,21.922,50.64,1.615,220.0,4.054,875.26,13.889,14.261,15.678,14.372,0.0,72.2,58.6,57.3,13.62,610.59,738.11,-127.52,137.15,314.23,441.74,,SW,,11.18,101360.46,100671.18,
025HI,2024-01-15T23:05:00Z,88170.0,22.05,52.05,1.569,205.0,3.719,871.28,13.906,14.25,15.678,14.35,0.0,72.2,58.6,57.3,13.63,607.34,735.33,-127.99,135.95,314.69,442.69,,SSW,,11.72,101337.47,100642.61,
025HI,2024-01-15T23:10:00Z,88160.0,21.811,49.35,2.192,213.5,5.443,867.94,13.922,14.272,15.689,14.378,0.0,72.2,58.5,57.3,13.63,606.22,732.75,-126.53,135.19,314.09,440.62,,SSW,,10.69,101325.98,100641.91,
025HI,2024-01-15T23:15:00Z,88160.0,21.661,49.76,2.68,212.3,5.607,865.71,13.944,14.261,15.722,14.372,0.0,72.2,58.6,57.3,13.63,605.88,730.48,-124.6,135.23,313.25,437.85,,SSW,,10.67,101325.98,100648.61,
025HI,2024-01-15T23:20:00Z,88150.0,21.672,50.23,2.279,207.9,5.386,861.27,13.967,14.228,15.711,14.389,0.0,72.2,58.6,57.3,13.63,601.68,726.22,-124.54,135.05,313.7,438.24,,SSW,,10.83,101314.49,100636.69,
025HI,2024-01-15T23:25:00Z,88140.0,21.928,51.18,1.518,192.9,3.889,856.36,13.983,14.272,15.672,14.4,0.0,72.2,58.6,57.3,13.62,594.04,721.91,-127.87,134.44,314.03,441.9,,SSW,,11.35,101302.99,100613.82,
025HI,2024-01-15T23:30:00Z,88140.0,22.139,47.35,1.425,198.6,4.054,850.3,13.994,14.211,15.711,14.422,0.0,72.2,58.6,57.3,13.63,590.98,717.28,-126.3,133.01,314.52,440.82,,SSW,,10.37,101302.99,100604.49,
025HI,2024-01-15T23:35:00Z,88140.0,22.139,45.84,1.693,192.3,4.332,844.61,14.017,14.228,15.689,14.439,0.0,72.2,58.6,57.3,13.63,587.0,713.4,-126.4,131.2,314.17,440.57,,SSW,,9.88,101302.99,100604.52,
025HI,2024-01-15T23:40:00Z,88130.0,22.022,42.57,2.572,206.2,5.664,838.76,14.044,14.228,15.689,14.45,0.0,72.2,58.6,57.3,13.63,584.74,708.54,-123.81,130.22,313.71,437.51,,SSW,,8.67,101291.5,100598.39,
025HI,2024-01-15T23:45:00Z,88130.0,21.828,45.76,2.418,211.0,4.831,833.23,14.078,14.228,15.722,14.422,0.0,72.2,58.6,57.3,13.62,581.21,704.28,-123.07,128.95,313.82,436.89,,SSW,,9.57,101291.5,100606.98,
025HI,2024-01-15T23:50:00Z,88120.0,21.75,46.3,2.433,202.4,6.333,827.56,14.111,14.239,15.722,14.461,0.0,72.2,58.6,57.3,13.62,576.19,699.32,-123.13,128.24,313.43,436.56,,SSW,,9.68,101280.01,100599.03,
025HI,2024-01-15T23:55:00Z,88120.0,21.772,43.81,2.089,207.9,5.278,817.98,14.139,14.261,15.672,14.511,0.0,72.2,58.6,57.3,13.63,568.59,691.31,-122.73,126.66,313.3,436.02,,SSW,,8.87,101280.01,100598.1,
025HI,2024-01-16T00:00:00Z,88120.0,21.811,47.16,2.253,210.1,5.443,807.28,14.161,14.261,15.689,14.478,0.0,72.2,58.6,57.3,13.63,560.08,682.42,-122.34,124.86,314.2,436.54,,SSW,,10.01,101280.01,100596.29,
025HI,2024-01-16T00:05:00Z,88110.0,21.522,49.38,2.541,214.9,6.497,799.83,14.189,14.228,15.689,14.528,0.0,72.2,58.6,57.3,13.63,554.76,676.39,-121.63,123.44,313.99,435.62,,SW,,10.43,101268.51,100597.75,
025HI,2024-01-16T00:10:00Z,88110.0,21.511,50.46,2.377,221.2,4.774,788.09,14.228,14.211,15.711,14.5,0.0,72.2,58.6,57.3,13.63,545.77,666.26,-120.49,121.83,313.77,434.26,,SW,,10.75,101268.51,100598.22,
025HI,2024-01-16T00:15:00Z,88100.0,21.572,49.32,1.96,202.1,4.496,776.96,14.256,14.178,15.7,14.539,0.0,72.2,58.6,57.3,13.63,535.3,656.28,-120.98,120.68,314.12,435.1,,SSW,,10.46,101257.02,100584.1,
025HI,2024-01-16T00:20:00Z,88090.0,21.489,48.1,2.973,204.3,6.276,766.01,14.272,14.222,15.7,14.561,0.0,72.2,58.6,57.3,13.63,528.09,647.24,-119.14,118.77,313.21,432.35,,SSW,,10.01,101245.53,100576.42,
025HI,2024-01-16T00:25:00Z,88090.0,21.422,48.55,2.773,196.7,7.11,754.87,14.294,14.261,15.722,14.561,0.0,72.2,58.6,57.3,13.63,518.95,637.54,-118.59,117.33,312.89,431.48,,SSW,,10.08,101245.53,100579.4,
025HI,2024-01-16T00:30:00Z,88090.0,21.1,48.32,3.236,204.1,8.159,743.33,14.322,14.189,15.711,14.55,0.0,72.2,58.6,57.3,13.63,511.84,627.92,-116.08,115.4,312.31,428.39,,SSW,,9.72,101245.53,100593.84,
025HI,2024-01-16T00:35:00Z,88090.0,21.011,49.33,3.148,206.7,6.888,731.46,14.356,14.222,15.7,14.578,0.0,72.2,58.6,57.3,13.63,502.3,617.49,-115.19,113.96,312.46,427.65,,SSW,,9.94,101245.53,100597.81,
025HI,2024-01-16T00:40:00Z,88110.0,21.039,49.6,2.968,195.9,6.333,718.25,14.378,14.189,15.689,14.589,0.0,72.2,58.6,57.3,13.63,491.64,606.38,-114.74,111.87,312.71,427.45,,SSW,,10.05,101268.51,100619.39,
025HI,2024-01-16T00:45:00Z,88110.0,21.139,52.6,2.238,213.3,5.052,703.71,14.394,14.222,15.678,14.622,0.0,72.2,58.6,57.3,13.63,478.97,594.25,-115.29,109.46,313.74,429.02,,SSW,,11.03,101268.51,100614.85,
025HI,2024-01-16T00:50:00Z,88100.0,20.972,53.35,3.287,211.6,6.719,689.97,14.406,14.239,15.7,14.639,0.0,72.2,58.6,57.3,13.63,469.77,583.18,-113.41,106.79,313.61,427.02,,SSW,,11.09,101257.02,100610.91,
025HI,2024-01-16T00:55:00Z,88100.0,20.772,55.81,2.943,212.9,6.333,675.99,14.428,14.239,15.661,14.65,0.0,72.1,58.6,57.3,13.63,458.59,571.5,-112.91,104.49,312.98,425.89,,SSW,,11.58,101257.02,100619.85,
025HI,2024-01-16T01:00:00Z,88090.0,20.65,55.59,3.853,209.0,9.27,662.06,14.45,14.222,15.678,14.628,0.0,72.1,58.6,57.3,13.63,448.47,559.57,-111.1,102.49,312.95,424.06,,SSW,,11.41,101245.53,100613.92,
025HI,2024-01-16T01:05:00Z,88100.0,20.539,55.93,3.452,217.1,6.888,647.34,14.472,14.25,15.689,14.672,0.0,72.1,58.6,57.3,13.63,436.93,547.08,-110.15,100.25,312.84,422.99,,SW,,11.4,101257.02,100630.34,
025HI,2024-01-16T01:10:00Z,88090.0,20.45,56.31,4.126,217.5,8.442,631.86,14.483,14.261,15.7,14.722,0.0,72.1,58.6,57.3,13.62,425.49,534.2,-108.71,97.66,312.85,421.56,,SW,,11.42,101245.53,100622.92,
025HI,2024-01-16T01:15:00Z,88100.0,20.372,57.27,3.874,220.6,7.886,615.65,14.5,14.25,15.7,14.689,0.0,72.1,58.6,57.3,13.63,412.58,520.35,-107.77,95.3,313.24,421.01,,SW,,11.6,101257.02,100637.84,
025HI,2024-01-16T01:20:00Z,88100.0,20.511,57.18,3.262,220.4,8.72,598.99,14.511,14.239,15.672,14.7,0.0,72.1,58.6,57.3,13.63,398.58,506.4,-107.81,92.6,313.61,421.43,,SW,,11.71,101257.02,100631.58,
025HI,2024-01-16T01:25:00Z,88100.0,20.311,57.38,4.141,217.7,8.051,581.97,14.522,14.239,15.678,14.689,0.0,72.1,58.6,57.3,13.63,386.47,492.57,-106.1,89.4,313.47,419.58,,SW,,11.57,101257.02,100640.59,
025HI,2024-01-16T01:30:00Z,88100.0,20.261,59.07,3.493,222.1,6.662,565.0,14.533,14.239,15.672,14.75,0.0,72.1,58.6,57.3,13.63,372.99,478.41,-105.42,86.59,313.73,419.15,,SW,,11.97,101257.02,100642.82,
025HI,2024-01-16T01:35:00Z,88100.0,20.4,60.39,3.226,220.6,6.996,547.22,14.539,14.228,15.672,14.761,0.0,72.1,58.6,57.3,13.63,358.54,463.59,-105.06,83.63,314.57,419.63,,SW,,12.44,101257.02,100636.52,
025HI,2024-01-16T01:40:00Z,88100.0,20.2,61.96,4.141,225.5,9.389,529.14,14.55,14.272,15.678,14.772,0.0,72.1,58.6,57.3,13.63,346.94,449.4,-102.46,79.74,315.3,417.76,,SW,,12.64,101257.02,100645.52,
025HI,2024-01-16T01:45:00Z,88100.0,20.028,65.78,3.935,226.7,6.94,511.24,14.567,14.261,15.678,14.778,0.0,72.1,58.6,57.3,13.63,332.59,434.69,-102.1,76.55,315.1,417.2,,SW,,13.4,101257.02,100653.23,
025HI,2024-01-16T01:50:00Z,88100.0,19.989,67.42,4.182,226.8,9.049,493.29,14.572,14.211,15.689,14.778,0.0,72.1,58.6,57.3,13.65,318.46,420.06,-101.6,73.24,314.75,416.35,,SW,,13.74,101257.02,100654.96,
025HI,2024-01-16T01:55:00Z,88110.0,19.761,69.0,3.581,230.1,7.495,474.32,14.578,14.272,15.689,14.8,0.0,72.1,58.6,57.3,13.65,304.74,405.62,-100.88,68.7,314.14,415.02,,SW,,13.88,101268.51,100676.68,
025HI,2024-01-16T02:00:00Z,88110.0,19.739,69.32,4.074,227.2,8.55,456.64,14.6,14.272,15.672,14.789,0.0,72.1,58.6,57.3,13.65,291.68,391.9,-100.22,64.74,313.82,414.04,,SW,,13.93,101268.51,100677.67,
025HI,2024-01-16T02:05:00Z,88110.0,19.661,70.09,4.265,227.9,9.27,437.84,14.622,14.272,15.678,14.778,0.0,72.1,58.6,57.3,13.65,278.05,377.22,-99.17,60.62,313.91,413.08,,SW,,14.03,101268.51,100681.2,
025HI,2024-01-16T02:10:00Z,88120.0,19.528,70.83,4.224,219.1,8.221,418.67,14.639,14.25,15.672,14.828,0.0,72.1,58.6,57.3,13.65,263.07,361.55,-98.48,57.12,313.39,411.87,,SW,,14.06,101280.01,100698.65,
025HI,2024-01-16T02:15:00Z,88120.0,19.45,72.05,3.56,220.6,8.108,398.38,14.656,14.272,15.689,14.85,0.0,72.1,58.6,57.3,13.65,249.48,347.27,-97.79,51.11,313.26,411.05,,SW,,14.25,101280.01,100702.17,
025HI,2024-01-16T02:20:00Z,88120.0,19.389,73.75,3.457,223.5,6.333,318.41,14.667,14.25,15.689,14.861,0.0,72.1,58.6,57.3,13.61,173.93,271.29,-97.36,47.13,313.3,410.66,,SW,,14.55,101280.01,100704.91,
025HI,2024-01-16T02:25:00Z,88120.0,19.389,74.56,3.92,223.5,6.22,294.63,14.667,14.289,15.7,14.872,0.0,72.1,58.6,57.3,13.66,154.09,251.17,-97.08,43.46,313.01,410.09,,SW,,14.72,101280.01,100704.9,
025HI,2024-01-16T02:30:00Z,88120.0,19.128,75.27,4.62,222.0,9.111,234.64,14.656,14.25,15.672,14.872,0.0,72.1,58.6,57.3,13.67,99.51,195.45,-95.94,39.19,312.39,408.33,,SW,,14.62,101280.01,100716.76,
025HI,2024-01-16T02:35:00Z,88120.0,18.978,76.68,4.023,220.9,7.439,139.34,14.65,14.289,15.661,14.878,0.0,72.1,58.6,57.3,13.54,1.37,97.51,-96.14,41.83,311.67,407.81,,SW,,14.76,101280.01,100723.57,
025HI,2024-01-16T02:40:00Z,88120.0,18.872,77.7,4.136,218.2,7.665,95.34,14.644,14.289,15.689,14.878,0.0,72.1,58.6,57.3,13.55,-36.23,58.54,-94.76,36.8,311.7,406.47,,SW,,14.87,101280.01,100728.39,
025HI,2024-01-16T02:45:00Z,88130.0,18.661,79.09,3.961,218.8,8.051,231.6,14.656,14.239,15.661,14.878,0.0,72.1,58.6,57.3,13.53,106.71,198.94,-92.24,32.66,312.27,404.51,,SW,,14.94,101291.5,100749.43,
025HI,2024-01-16T02:50:00Z,88140.0,18.461,79.97,3.334,225.2,7.994,91.0,14.672,14.239,15.678,14.911,0.0,72.1,58.6,57.3,13.42,-7.41,83.02,-90.43,7.99,312.1,402.53,,SW,,14.92,101302.99,100769.99,
025HI,2024-01-16T02:55:00Z,88140.0,18.089,81.8,4.013,223.6,7.609,62.38,14.7,14.339,15.672,14.889,0.0,72.1,58.6,57.3,13.37,-31.03,57.17,-88.2,5.21,312.34,400.53,,SW,,14.91,101302.99,100787.01,
025HI,2024-01-16T03:00:00Z,88150.0,18.0,82.3,3.694,221.1,6.996,124.56,14.722,14.278,15.661,14.922,0.0,72.1,58.6,57.3,13.36,24.65,112.21,-87.55,12.35,312.3,399.85,,SW,,14.92,101314.49,100802.52,
025HI,2024-01-16T03:05:00Z,88150.0,18.0,82.0,4.116,219.9,9.61,113.87,14.722,14.339,15.661,14.922,0.0,72.1,58.6,57.3,13.34,16.37,104.12,-87.76,9.75,312.03,399.79,,SW,,14.86,101314.49,100802.53,
025HI,2024-01-16T03:10:00Z,88150.0,17.872,82.6,3.303,220.1,7.218,127.24,14.711,14.278,15.689,14.928,0.0,72.1,58.6,57.3,13.33,31.1,118.12,-87.02,9.12,311.77,398.79,,SW,,14.85,101314.49,100808.4,
025HI,2024-01-16T03:15:00Z,88150.0,17.839,84.2,3.761,218.2,7.609,156.0,14.694,14.311,15.672,14.939,0.0,72.1,58.6,57.3,13.31,60.28,147.51,-87.24,8.49,311.43,398.67,,SW,,15.12,101314.49,100809.89,
025HI,2024-01-16T03:20:00Z,88160.0,17.661,84.9,3.509,225.4,6.441,129.46,14.689,14.322,15.7,14.961,0.0,72.1,58.6,57.3,13.3,37.22,124.29,-87.06,5.18,310.55,397.61,,SW,,15.07,101325.98,100829.51,
025HI,2024-01-16T03:25:00Z,88160.0,17.489,85.5,3.678,217.4,7.331,47.44,14.689,14.289,15.672,14.961,0.0,72.1,58.6,57.3,13.27,-41.45,45.81,-87.26,1.63,310.1,397.36,,SW,,15.01,101325.98,100837.42,
025HI,2024-01-16T03:30:00Z,88170.0,17.3,86.9,2.86,213.4,5.942,24.18,14.694,14.361,15.672,14.95,0.0,72.1,58.6,57.3,13.25,-64.18,22.14,-86.32,2.04,309.74,396.06,,SSW,,15.08,101337.47,100857.56,
025HI,2024-01-16T03:35:00Z,88180.0,17.261,88.0,3.133,220.9,7.552,20.25,14.689,14.3,15.678,14.972,0.0,72.1,58.6,57.3,13.24,-68.71,17.85,-86.56,2.4,309.07,395.62,,SW,,15.24,101348.97,100870.79,
025HI,2024-01-16T03:40:00Z,88180.0,17.15,88.4,3.015,211.9,6.775,17.62,14.683,14.339,15.678,14.972,0.0,72.1,58.6,57.3,13.22,-71.06,15.22,-86.28,2.4,308.63,394.91,,SSW,,15.2,101348.97,100875.91,
025HI,2024-01-16T03:45:00Z,88170.0,16.922,89.2,3.37,221.7,7.495,15.49,14.678,14.361,15.672,14.978,0.0,72.1,58.6,57.3,13.21,-73.09,13.32,-86.41,2.16,307.64,394.05,,SW,,15.12,101337.47,100875.0,
025HI,2024-01-16T03:50:00Z,88170.0,16.711,90.6,3.447,220.2,7.218,11.89,14.672,14.339,15.672,15.0,0.0,72.1,58.6,57.3,13.2,-76.31,9.9,-86.2,1.99,307.15,393.35,,SW,,15.15,101337.47,100884.76,
025HI,2024-01-16T03:55:00Z,88170.0,16.6,91.6,3.689,223.7,6.441,8.66,14.661,14.361,15.65,14.989,0.0,72.1,58.6,57.3,13.19,-79.62,6.67,-86.29,1.99,306.91,393.2,,SW,,15.22,101337.47,100889.89,
025HI,2024-01-16T04:00:00Z,88180.0,16.461,92.5,3.514,221.6,7.552,4.79,14.656,14.378,15.639,14.978,0.0,72.1,58.6,57.3,13.18,-82.6,3.11,-85.71,1.68,306.71,392.43,,SW,,15.23,101348.97,100907.78,
025HI,2024-01-16T04:05:00Z,88180.0,16.311,93.9,3.344,220.8,6.662,1.75,14.65,14.378,15.639,15.011,0.0,72.1,58.6,57.3,13.18,-85.03,0.28,-85.31,1.47,306.77,392.08,,SW,,15.32,101348.97,100914.73,
025HI,2024-01-16T04:10:00Z,88190.0,16.289,95.2,3.57,221.0,6.497,0.0,14.639,14.389,15.65,14.978,0.0,72.1,58.6,57.3,13.18,-86.45,-1.85,-84.6,1.49,307.84,392.44,,SW,,15.51,101360.46,100927.18,
025HI,2024-01-16T04:15:00Z,88190.0,16.272,95.6,3.488,221.2,8.051,0.0,14.628,14.4,15.678,15.039,0.0,72.1,58.6,57.3,13.17,-87.86,-3.42,-84.44,1.27,307.89,392.33,,SW,,15.56,101360.46,100927.97,
025HI,2024-01-16T04:20:00Z,88200.0,16.378,96.1,3.755,223.2,7.994,0.0,14.617,14.361,15.65,15.011,0.0,72.1,58.6,57.3,13.17,-89.45,-4.19,-85.26,1.35,307.78,393.04,,SW,,15.75,101371.95,100934.47,
025HI,2024-01-16T04:25:00Z,88200.0,16.45,96.0,3.905,221.5,7.11,0.0,14.594,14.389,15.689,15.028,0.0,72.1,58.6,57.3,13.17,-90.25,-4.86,-85.39,1.18,307.88,393.27,,SW,,15.8,101371.95,100931.13,
025HI,2024-01-16T04:30:00Z,88210.0,16.539,95.9,3.869,222.5,7.166,0.0,14.589,14.4,15.678,14.989,0.0,72.1,58.6,57.3,13.16,-90.35,-5.11,-85.25,1.2,308.27,393.52,,SW,,15.88,101383.45,100938.44,
025HI,2024-01-16T04:35:00Z,88220.0,16.539,95.8,3.725,222.6,6.719,0.0,14.583,14.422,15.628,15.022,0.0,72.1,58.6,57.3,13.16,-90.34,-5.18,-85.16,1.03,308.39,393.55,,SW,,15.86,101394.94,100949.88,
025HI,2024-01-16T04:40:00Z,88220.0,16.522,96.2,3.714,219.8,7.439,0.0,14.578,14.428,15.65,15.05,0.0,72.1,58.6,57.3,13.14,-89.39,-5.11,-84.29,0.93,309.19,393.48,,SW,,15.91,101394.94,100950.66,
025HI,2024-01-16T04:45:00Z,88220.0,16.422,96.7,3.339,222.3,6.22,0.0,14.578,14.411,15.672,15.072,0.0,72.1,58.6,57.3,13.15,-81.3,-4.69,-76.62,0.82,316.74,393.36,,SW,,15.89,101394.94,100955.3,
025HI,2024-01-16T04:50:00Z,88230.0,16.339,97.4,3.833,220.6,8.272,0.0,14.578,14.4,15.65,15.028,0.0,72.1,58.6,57.3,13.15,-82.87,-4.22,-78.65,0.74,314.78,393.43,,SW,,15.92,101406.43,100970.6,
025HI,2024-01-16T04:55:00Z,88250.0,16.278,97.7,3.39,223.0,6.832,0.0,14.578,14.428,15.672,15.05,0.0,72.1,58.6,57.3,13.15,-83.97,-4.42,-79.55,0.78,313.53,393.07,,SW,,15.91,101429.42,100996.32,
025HI,2024-01-16T05:00:00Z,88250.0,16.278,97.9,3.097,218.3,8.221,0.0,14.578,14.439,15.661,15.028,0.0,72.1,58.6,57.3,13.15,-75.2,-4.14,-71.06,0.89,322.22,393.28,,SW,,15.94,101429.42,100996.32,
025HI,2024-01-16T05:05:00Z,88260.0,16.3,98.4,3.349,220.7,7.773,0.0,14.572,14.428,15.672,15.039,0.0,72.1,58.6,57.3,13.14,-58.13,-3.14,-54.99,0.77,339.17,394.16,,SW,,16.04,101440.91,101006.73,
025HI,2024-01-16T05:10:00Z,88270.0,16.328,98.8,3.03,216.0,6.775,0.0,14.561,14.422,15.65,15.028,0.0,72.1,58.6,57.3,13.14,-49.5,-2.69,-46.81,0.71,347.92,394.74,,SW,,16.14,101452.41,101016.87,
025HI,2024-01-16T05:15:00Z,88270.0,16.339,99.0,3.076,222.1,5.721,0.0,14.556,14.45,15.672,15.05,0.0,72.1,58.6,57.3,13.14,-58.57,-2.82,-55.75,0.68,338.99,394.74,,SW,,16.18,101452.41,101016.35,
025HI,2024-01-16T05:20:00Z,88280.0,16.389,99.1,3.73,221.5,6.276,0.0,14.556,14.428,15.672,15.05,0.0,72.1,58.6,57.3,13.14,-54.67,-2.88,-51.79,0.72,343.36,395.15,,SW,,16.25,101463.9,101025.47,
025HI,2024-01-16T05:25:00Z,88280.0,16.461,99.2,3.668,221.0,8.658,0.0,14.556,14.4,15.7,15.061,0.0,72.1,58.6,57.3,13.13,-39.55,-2.4,-37.15,0.67,358.89,396.04,,SW,,16.33,101463.9,101022.12,
025HI,2024-01-16T05:30:00Z,88280.0,16.461,99.2,3.395,228.8,6.775,0.0,14.55,14.5,15.672,15.05,0.0,72.1,58.6,57.3,13.13,-45.96,-2.58,-43.38,0.56,352.49,395.87,,SW,,16.33,101463.9,101022.12,
025HI,2024-01-16T05:35:00Z,88280.0,16.45,99.3,3.431,226.3,6.888,0.0,14.55,14.45,15.65,15.05,0.0,72.1,58.6,57.3,13.13,-60.4,-2.8,-57.61,0.54,,395.61,,SW,,16.34,101463.9,101022.63,
025HI,2024-01-16T05:40:00Z,88290.0,16.4,99.2,3.498,223.2,6.384,0.0,14.561,14.428,15.672,15.05,0.0,72.1,58.6,57.3,13.13,-83.05,-4.03,-79.01,0.68,315.47,394.48,,SW,,16.27,101475.39,101036.4,
025HI,2024-01-16T05:45:00Z,88310.0,16.4,99.1,3.442,219.9,7.943,0.0,14.572,14.478,15.678,15.061,0.0,72.1,58.6,57.3,13.13,-87.02,-4.4,-82.62,0.8,311.33,393.95,,SW,,16.26,101498.38,101059.29,
025HI,2024-01-16T05:50:00Z,88310.0,16.411,99.0,2.84,215.7,6.106,0.0,14.583,14.489,15.65,15.05,0.0,72.1,58.6,57.3,13.13,-84.27,-4.43,-79.84,0.9,313.92,393.76,,SW,,16.25,101498.38,101058.78,
025HI,2024-01-16T05:55:00Z,88320.0,16.422,98.9,3.184,216.9,6.94,0.0,14.589,14.461,15.661,15.05,0.0,72.1,58.6,57.3,13.13,-85.39,-4.39,,0.91,312.71,393.71,,SW,,16.25,101509.87,101069.71,
025HI,2024-01-16T06:00:00Z,88320.0,16.4,98.8,2.737,215.7,6.22,0.0,14.589,14.522,15.672,15.039,0.0,72.1,58.6,57.3,13.12,-85.12,-4.61,-80.51,0.91,312.83,393.33,,SW,,16.21,101509.87,101070.74,
025HI,2024-01-16T06:05:00Z,88320.0,16.339,98.7,2.819,213.2,6.22,0.0,14.594,14.511,15.672,15.05,0.0,72.1,58.6,57.3,13.12,-85.21,-4.67,-80.54,0.9,312.46,393.0,,SSW,,16.13,101509.87,101073.58,
025HI,2024-01-16T06:10:00Z,88320.0,16.328,98.7,2.752,215.6,6.605,0.0,14.6,14.511,15.639,15.072,0.0,72.1,58.6,57.3,13.12,-84.16,-4.65,-79.51,0.97,313.6,393.11,,SW,,16.12,101509.87,101074.09,
025HI,2024-01-16T06:15:00Z,88320.0,16.35,98.6,2.865,211.6,5.942,0.0,14.6,14.539,15.672,15.039,0.0,72.1,58.6,57.3,13.12,-82.9,-4.66,-78.25,0.99,314.75,393.0,,SSW,,16.13,101509.87,101073.07,
025HI,2024-01-16T06:20:00Z,88330.0,16.389,98.5,2.444,213.3,5.777,0.0,14.6,14.489,15.628,15.072,0.0,72.1,58.6,57.3,13.12,-81.01,-4.68,-76.33,1.11,316.79,393.13,,SSW,,16.15,101521.37,101082.7,
025HI,2024-01-16T06:25:00Z,88330.0,16.472,98.4,2.706,211.6,5.721,0.0,14.6,14.511,15.639,15.072,0.0,72.1,58.6,57.3,13.12,-79.82,-4.59,-75.23,1.16,318.31,393.55,,SSW,,16.22,101521.37,101078.83,
025HI,2024-01-16T06:30:00Z,88340.0,16.572,98.2,2.588,215.2,5.0,0.0,14.594,14.528,15.661,15.061,0.0,72.1,58.6,57.3,13.12,-77.24,-4.62,-72.63,1.14,321.27,393.89,,SW,,16.28,101532.86,101085.63,
025HI,2024-01-16T06:35:00Z,88340.0,16.539,98.0,2.063,207.3,6.106,0.0,14.594,14.539,15.639,15.061,0.0,72.1,58.6,57.3,13.11,-74.67,-4.67,-70.01,0.97,323.47,393.48,,SSW,,16.22,101532.86,101087.17,
025HI,2024-01-16T06:40:00Z,88350.0,16.578,97.9,1.996,208.2,4.445,0.0,14.594,14.528,15.65,15.078,0.0,72.1,58.6,57.3,13.11,-75.84,-4.71,-71.13,1.05,322.38,393.51,,SSW,,16.24,101544.35,101096.8,
025HI,2024-01-16T06:45:00Z,88340.0,16.561,97.9,2.284,217.1,5.278,0.0,14.594,14.528,15.678,15.072,0.0,72.1,58.6,57.3,13.1,-73.92,-4.49,-69.43,0.96,324.21,393.64,,SW,,16.22,101532.86,101086.14,
025HI,2024-01-16T06:50:00Z,88340.0,16.539,97.9,2.125,217.3,5.278,0.0,14.6,14.528,15.661,15.072,0.0,72.1,58.6,57.3,13.1,-81.03,-4.87,-76.16,0.94,316.89,393.05,,SW,,16.2,101532.86,101087.17,
025HI,2024-01-16T06:55:00Z,88340.0,16.45,98.0,2.109,216.7,3.941,0.0,14.6,14.539,15.7,15.061,0.0,72.1,58.6,57.3,13.09,-81.3,-4.88,-76.42,0.9,316.23,392.65,,SW,,16.13,101532.86,101091.31,
025HI,2024-01-16T07:00:00Z,88350.0,16.428,98.2,2.238,210.7,4.275,0.0,14.606,14.561,15.65,15.061,0.0,72.1,58.6,57.3,13.1,-77.73,-4.57,-73.17,0.98,319.73,392.89,,SSW,,16.14,101544.35,101103.77,
025HI,2024-01-16T07:05:00Z,88350.0,16.389,98.4,2.114,218.4,3.941,0.0,14.606,14.522,15.678,15.072,0.0,72.1,58.6,57.3,13.09,-72.27,-4.23,-68.03,0.89,324.77,392.8,,SW,,16.13,101544.35,101105.59,
025HI,2024-01-16T07:10:00Z,88350.0,16.372,98.8,2.526,211.6,5.443,0.0,14.6,14.561,15.65,15.078,0.0,72.1,58.6,57.3,13.1,-37.2,-2.65,-34.54,0.72,359.68,394.23,,SSW,,16.18,101544.35,101106.37,
025HI,2024-01-16T07:15:00Z,88350.0,16.339,99.3,1.754,201.8,3.776,0.0,14.589,14.55,15.628,15.072,0.0,72.1,58.6,57.3,13.1,-14.15,-1.23,-12.92,0.42,382.53,395.45,,SSW,,16.23,101544.35,101107.9,
025HI,2024-01-16T07:20:00Z,88350.0,16.339,99.7,2.51,218.7,4.944,0.0,14.572,14.539,15.661,15.078,0.0,72.1,58.6,57.3,13.1,-20.86,-1.18,-19.68,0.34,376.12,395.8,,SW,,16.29,101544.35,101107.9,
025HI,2024-01-16T07:25:00Z,88350.0,16.328,100.0,2.089,220.3,4.054,0.0,14.567,14.6,15.639,15.072,0.0,72.1,58.6,57.3,13.1,-15.27,-1.16,-14.11,0.3,381.98,396.09,,SW,,16.33,101544.35,101108.4,
025HI,2024-01-16T07:30:00Z,88340.0,16.339,100.0,2.14,219.4,5.499,0.0,14.567,14.6,15.639,15.078,0.0,72.1,58.6,57.3,13.1,-6.4,-0.64,-5.76,0.23,390.89,396.65,,SW,,16.34,101532.86,101096.45,
025HI,2024-01-16T07:35:00Z,88350.0,16.35,100.0,2.685,222.8,5.998,0.0,14.567,14.589,15.628,15.061,0.0,72.1,58.6,57.3,13.1,-3.08,-0.46,-2.62,0.17,394.39,397.01,,SW,,16.35,101544.35,101107.38,
025HI,2024-01-16T07:40:00Z,88350.0,16.328,100.0,2.5,220.3,5.165,0.0,14.561,14.561,15.639,15.061,0.0,72.1,58.6,57.3,13.1,-10.05,-0.59,-9.46,0.12,387.43,396.89,,SW,,16.33,101544.35,101108.4,
025HI,2024-01-16T07:45:00Z,88350.0,16.3,100.0,2.742,221.7,5.998,0.0,14.567,14.589,15.628,15.072,0.0,72.1,58.6,57.3,13.1,-5.95,-0.56,-5.39,0.1,391.46,396.85,,SW,,16.3,101544.35,101109.71,
025HI,2024-01-16T07:50:00Z,88340.0,16.289,100.0,2.675,222.0,5.052,0.0,14.567,14.6,15.628,15.078,0.0,72.1,58.6,57.3,13.09,-4.76,-0.39,-4.37,0.09,392.65,397.02,,SW,,16.29,101532.86,101098.78,
025HI,2024-01-16T07:55:00Z,88340.0,16.272,100.0,2.711,223.8,6.22,0.0,14.572,14.611,15.639,15.061,0.0,72.1,58.6,57.3,13.08,-4.48,-0.44,-4.04,0.1,392.98,397.02,,SW,,16.27,101532.86,101099.57,
025HI,2024-01-16T08:00:00Z,88340.0,16.261,100.0,3.57,219.2,7.387,0.0,14.572,14.578,15.65,15.072,0.0,72.1,58.6,57.3,13.09,-8.04,-0.55,-7.49,0.12,389.42,396.91,,SW,,16.26,101532.86,101100.08,
025HI,2024-01-16T08:05:00Z,88330.0,16.222,100.0,3.436,216.2,6.662,0.0,14.578,14.628,15.639,15.072,0.0,72.1,58.6,57.3,13.09,-13.38,-0.94,-12.45,0.15,384.07,396.51,,SW,,16.22,101521.37,101090.46,
025HI,2024-01-16T08:10:00Z,88330.0,16.311,100.0,3.581,205.3,6.662,0.0,14.583,14.589,15.65,15.061,0.0,72.1,58.6,57.3,13.09,-4.13,-0.61,-3.52,0.26,393.62,397.14,,SSW,,16.31,101521.37,101086.31,
025HI,2024-01-16T08:15:00Z,88320.0,16.361,100.0,2.804,218.5,6.554,0.0,14.578,14.6,15.639,15.061,0.0,72.1,58.6,57.3,13.09,-6.73,-0.68,-6.04,0.25,391.33,397.37,,SW,,16.36,101509.87,101072.53,
025HI,2024-01-16T08:20:00Z,88320.0,16.411,100.0,3.313,215.0,7.331,0.0,14.578,14.589,15.65,15.072,0.0,72.1,58.6,57.3,13.09,-5.38,-0.73,-4.65,0.27,392.98,397.64,,SW,,16.41,101509.87,101070.21,
025HI,2024-01-16T08:25:00Z,88320.0,16.489,100.0,3.653,215.9,7.218,0.0,14.578,14.6,15.661,15.072,0.0,72.1,58.6,57.3,13.09,-4.77,-0.61,-4.16,0.25,393.85,398.0,,SW,,16.49,101509.87,101066.58,
025HI,2024-01-16T08:30:00Z,88310.0,16.5,100.0,3.092,213.8,6.22,0.0,14.578,14.611,15.628,15.072,0.0,72.1,58.6,57.3,13.08,-4.96,-0.56,-4.4,0.16,393.69,398.09,,SW,,16.5,101498.38,101054.62,
025HI,2024-01-16T08:35:00Z,88310.0,16.511,100.0,3.179,212.5,7.439,0.0,14.578,14.622,15.65,15.061,0.0,72.1,58.6,57.3,13.09,-2.2,-0.36,-1.84,0.12,396.41,398.25,,SSW,,16.51,101498.38,101054.11,
025HI,2024-01-16T08:40:00Z,88300.0,16.489,100.0,3.395,216.7,6.22,0.0,14.583,14.622,15.639,15.078,0.0,72.1,58.6,57.3,13.09,-2.6,-0.4,-2.2,0.07,395.97,398.17,,SW,,16.49,101486.89,101043.69,
025HI,2024-01-16T08:45:00Z,88300.0,16.439,100.0,3.184,215.7,6.832,0.0,14.583,14.622,15.628,15.078,0.0,72.1,58.5,57.3,13.08,-7.74,-0.62,-7.12,0.04,390.68,397.81,,SW,,16.44,101486.89,101046.02,
025HI,2024-01-16T08:50:00Z,88300.0,16.328,100.0,3.118,207.7,7.11,0.0,14.594,14.611,15.65,15.1,0.0,72.1,58.5,57.3,13.07,-2.86,-0.48,-2.38,0.0,394.97,397.35,,SSW,,16.33,101486.89,101051.18,
025HI,2024-01-16T08:55:00Z,88300.0,16.361,100.0,3.298,209.9,6.22,0.0,14.6,14.622,15.639,15.061,0.0,72.1,58.5,57.3,13.08,-5.98,-0.41,-5.57,0.11,391.81,397.38,,SSW,,16.36,101486.89,101049.65,
025HI,2024-01-16T09:00:00Z,88300.0,16.239,100.0,3.375,204.1,6.605,0.0,14.606,14.622,15.639,15.028,0.0,72.1,58.5,57.3,13.08,-5.65,-0.72,-4.93,0.0,391.75,396.68,,SSW,,16.24,101486.89,101055.33,
025HI,2024-01-16T09:05:00Z,88300.0,16.3,100.0,2.948,210.5,7.218,0.0,14.606,14.65,15.628,15.078,0.0,72.1,58.5,57.3,13.08,-2.98,-0.33,-2.66,0.14,394.48,397.14,,SSW,,16.3,101486.89,101052.49,
025HI,2024-01-16T09:10:00Z,88300.0,16.222,100.0,2.546,208.9,5.607,0.0,14.606,14.628,15.622,15.1,0.0,72.1,58.5,57.3,13.08,-2.15,-0.29,-1.86,0.02,395.01,396.87,,SSW,,16.22,101486.89,101056.12,
025HI,2024-01-16T09:15:00Z,88300.0,16.122,100.0,3.025,211.8,5.942,0.0,14.611,14.628,15.639,15.072,0.0,72.1,58.5,57.3,13.08,-4.24,-0.47,-3.77,0.0,392.52,396.29,,SSW,,16.12,101486.89,101060.78,
025HI,2024-01-16T09:20:00Z,88300.0,16.072,100.0,3.205,215.6,6.333,0.0,14.617,14.622,15.65,15.078,0.0,72.1,58.5,57.3,13.08,-0.84,-0.22,-0.63,0.02,395.52,396.14,,SW,,16.07,101486.89,101063.12,
025HI,2024-01-16T09:25:00Z,88290.0,16.122,100.0,3.179,218.1,6.497,0.0,14.617,14.628,15.628,15.061,0.0,72.1,58.5,57.3,13.08,-0.63,-0.2,-0.43,0.09,395.99,396.42,,SW,,16.12,101475.39,101049.34,
025HI,2024-01-16T09:30:00Z,88290.0,16.2,100.0,3.061,221.9,6.719,0.0,14.617,14.628,15.628,15.089,0.0,72.1,58.5,57.3,13.08,-1.04,-0.18,-0.87,0.13,396.04,396.91,,SW,,16.2,101475.39,101045.7,
025HI,2024-01-16T09:35:00Z,88290.0,16.189,100.0,3.061,220.4,7.11,0.0,14.617,14.672,15.622,15.072,0.0,72.1,58.5,57.3,13.07,-0.7,-0.17,-0.53,0.04,396.38,396.91,,SW,,16.19,101475.39,101046.22,
025HI,2024-01-16T09:40:00Z,88290.0,16.172,100.0,3.848,219.4,7.994,0.0,14.617,14.65,15.622,15.072,0.0,72.1,58.5,57.3,13.07,-3.88,-0.28,-3.6,0.03,393.23,396.83,,SW,,16.17,101475.39,101047.01,
025HI,2024-01-16T09:45:00Z,88300.0,16.161,100.0,3.256,223.1,6.719,0.0,14.622,14.672,15.65,15.072,0.0,72.1,58.5,57.3,13.07,-0.38,-0.17,-0.21,0.07,396.48,396.69,,SW,,16.16,101486.89,101058.97,
025HI,2024-01-16T09:50:00Z,88290.0,16.239,100.0,3.318,214.8,8.272,0.0,14.622,14.65,15.628,15.072,0.0,72.1,58.5,57.3,13.07,-0.21,-0.12,-0.09,0.09,397.11,397.2,,SW,,16.24,101475.39,101043.89,
025HI,2024-01-16T09:55:00Z,88280.0,16.261,100.0,3.915,223.0,7.218,0.0,14.622,14.65,15.628,15.072,0.0,72.1,58.5,57.3,13.07,-0.4,-0.1,-0.3,0.07,397.09,397.39,,SW,,16.26,101463.9,101031.42,
