# STATION: 026HI
# STATION NAME: Kaala
# LATITUDE: 21.5069
# LONGITUDE: -158.1451
# ELEVATION [ft]: 3950.0
# STATE: HI
Station_ID,Date_Time,pressure_set_1,air_temp_set_1,relative_humidity_set_1,wind_speed_set_1,wind_direction_set_1,wind_gust_set_1,solar_radiation_set_1,soil_temp_set_1,soil_temp_set_2,soil_temp_set_3,soil_temp_set_4,precip_accum_five_minute_set_1,soil_moisture_set_1,soil_moisture_set_2,volt_set_1,net_radiation_set_1,net_radiation_sw_set_1,net_radiation_lw_set_1,outgoing_radiation_sw_set_1,incoming_radiation_lw_set_1,outgoing_radiation_lw_set_1,wind_chill_set_1d,wind_cardinal_direction_set_1d,heat_index_set_1d,dew_point_temperature_set_1d,altimeter_set_1d,sea_level_pressure_set_1d,wet_bulb_temperature_set_1d
,,Pascals,Celsius,%,m/s,Degrees,m/s,W/m**2,Celsius,Celsius,Celsius,Celsius,Millimeters,%,%,volts,W/m**2,W/m**2,W/m**2,W/m**2,W/m**2,W/m**2,Celsius,code,Celsius,Celsius,Pascals,Pascals,Celsius
026HI,2024-01-15T10:05:00Z,87820.0,13.172,61.57,0.334,274.5,0.941,0.0,,,,,0.0,71.3,,13.04,-85.37,-6.7,-78.67,3.5,276.94,355.61,,W,,5.89,101502.97,101189.79,
026HI,2024-01-15T10:10:00Z,87820.0,13.05,62.49,0.278,273.0,1.111,0.0,,,,,0.0,71.3,,13.05,-85.3,-7.09,-78.22,3.38,276.92,355.14,,W,,5.99,101502.97,101195.81,
026HI,2024-01-15T10:15:00Z,87820.0,13.078,62.42,0.499,242.5,0.941,0.0,,,,,0.0,71.3,,13.05,-84.13,-6.33,-77.8,2.73,277.15,354.95,,WSW,,6.0,101502.97,101194.43,
026HI,2024-01-15T10:20:00Z,87820.0,13.15,61.19,0.597,238.7,1.276,0.0,,,,,0.0,71.3,,13.05,-84.09,-6.04,-78.05,2.64,277.36,355.41,,WSW,,5.78,101502.97,101190.88,
026HI,2024-01-15T10:25:00Z,87810.0,13.178,61.47,0.818,230.1,1.831,0.0,,,,,0.0,71.3,,13.05,-85.42,-6.27,-79.15,2.67,277.19,356.34,,SW,,5.87,101491.41,101177.97,
026HI,2024-01-15T10:30:00Z,87810.0,13.272,61.71,0.731,235.6,1.497,0.0,,,,,0.0,71.3,,13.05,-86.13,-6.38,-79.75,2.67,277.39,357.14,,SW,,6.01,101491.41,101173.32,
026HI,2024-01-15T10:35:00Z,87810.0,13.311,61.59,0.612,244.1,1.224,0.0,,,,,0.0,71.3,,13.05,-85.72,-6.57,-79.15,2.44,277.36,356.51,,WSW,,6.02,101491.41,101171.39,
026HI,2024-01-15T10:40:00Z,87810.0,13.172,61.72,0.473,266.3,1.111,0.0,,,,,0.0,71.3,,13.05,-85.15,-6.74,-78.4,2.1,277.02,355.43,,W,,5.92,101491.41,101178.26,
026HI,2024-01-15T10:45:00Z,87810.0,13.05,62.62,0.535,265.3,1.389,0.0,,,,,0.0,71.3,,13.04,-83.91,-6.59,-77.32,2.14,277.3,354.62,,W,,6.02,101491.41,101184.29,
026HI,2024-01-15T10:50:00Z,87800.0,13.1,62.14,0.736,240.0,1.667,0.0,,,,,0.0,71.3,,13.04,-85.74,-6.51,-79.23,2.77,277.51,356.73,,WSW,,5.95,101479.85,101170.3,
026HI,2024-01-15T10:55:00Z,87800.0,13.122,61.55,0.592,246.4,1.831,0.0,,,,,0.0,71.3,,13.04,-86.37,-6.62,-79.75,2.65,277.2,356.95,,WSW,,5.83,101479.85,101169.22,
026HI,2024-01-15T11:00:00Z,87800.0,12.978,61.09,0.401,248.0,0.89,0.0,,,,,0.0,71.3,,13.04,-85.96,-6.71,-79.25,2.4,277.32,356.57,,WSW,,5.59,101479.85,101176.35,
026HI,2024-01-15T11:05:00Z,87800.0,13.072,59.8,0.262,251.9,0.833,0.0,,,,,0.0,71.3,,13.04,-85.88,-6.68,-79.21,2.79,277.49,,,WSW,,5.37,101479.85,101171.71,
026HI,2024-01-15T11:10:00Z,87800.0,13.078,60.72,0.417,266.1,1.61,0.0,,,,,0.0,71.3,,13.04,-85.54,-6.79,-78.74,2.84,277.18,355.92,,W,,5.6,101479.85,101171.4,
026HI,2024-01-15T11:15:00Z,87790.0,13.028,61.77,0.53,260.8,1.276,0.0,,,,,0.0,71.3,,13.04,-85.82,-6.73,-79.09,2.74,276.8,355.89,,W,,5.8,101468.3,101162.34,
026HI,2024-01-15T11:20:00Z,87790.0,12.989,61.76,0.576,256.7,1.775,0.0,,,,,0.0,71.3,,13.02,-85.92,-6.65,-79.27,2.72,276.66,355.93,,WSW,,5.76,101468.3,101164.27,
026HI,2024-01-15T11:25:00Z,87790.0,12.839,61.57,0.355,271.6,1.168,0.0,,,,,0.0,71.3,,13.04,-87.3,-6.99,-80.31,2.84,276.15,356.46,,W,,5.57,101468.3,101171.7,
026HI,2024-01-15T11:30:00Z,87790.0,12.661,61.66,0.298,287.0,1.332,0.0,,,,,0.0,71.3,,13.03,-86.64,-7.37,-79.27,2.65,276.21,355.49,,WNW,,5.42,101468.3,101180.53,
026HI,2024-01-15T11:35:00Z,87790.0,12.55,60.67,0.53,289.4,1.276,0.0,,,,,0.0,71.3,,13.03,-85.34,-6.98,-78.36,2.51,275.96,354.32,,WNW,,5.08,101468.3,101186.05,
026HI,2024-01-15T11:40:00Z,87790.0,12.4,59.94,0.324,329.2,0.941,0.0,,,,,0.0,71.3,,13.03,-84.84,-7.08,-77.75,2.74,276.93,354.68,,NNW,,4.77,101468.3,101193.51,
026HI,2024-01-15T11:45:00Z,87780.0,12.739,59.99,0.422,287.2,1.224,0.0,,,,,0.0,71.3,,13.03,-86.52,-7.21,-79.31,3.74,275.87,355.17,,WNW,,5.1,101456.74,101165.16,
026HI,2024-01-15T11:50:00Z,87790.0,12.528,62.12,0.113,284.0,0.777,0.0,,,,,0.0,71.3,,13.03,-85.25,-7.32,-77.93,2.53,275.15,353.07,,WNW,,5.41,101468.3,101187.13,
026HI,2024-01-15T11:55:00Z,87780.0,12.222,64.22,0.139,270.7,0.664,0.0,,,,,0.0,71.3,,13.02,-83.43,-7.04,-76.38,2.16,275.24,351.62,,W,,5.6,101456.74,101190.79,
026HI,2024-01-15T12:00:00Z,87770.0,12.261,64.02,0.586,242.1,1.831,0.0,,,,,0.0,71.3,,13.03,-84.25,-6.56,-77.7,2.6,274.7,352.4,,WSW,,5.59,101445.18,101177.33,
026HI,2024-01-15T12:05:00Z,87770.0,12.5,65.33,0.823,239.1,1.775,0.0,,,,,0.0,71.3,,13.02,-86.01,-6.32,-79.69,3.22,274.83,354.52,,WSW,,6.11,101445.18,101165.43,
026HI,2024-01-15T12:10:00Z,87770.0,12.522,67.31,0.653,251.8,1.723,0.0,,,,,0.0,71.3,,13.02,-85.96,-6.56,-79.4,2.87,275.06,354.46,,WSW,,6.57,101445.18,101164.31,
026HI,2024-01-15T12:15:00Z,87770.0,12.578,67.48,0.787,242.0,1.667,0.0,,,,,0.0,71.3,,13.02,-86.66,-6.59,-80.07,2.76,275.63,355.7,,WSW,,6.66,101445.18,101161.53,
026HI,2024-01-15T12:20:00Z,87770.0,12.7,66.43,0.761,273.2,1.446,0.0,,,,,0.0,71.3,,13.02,-87.43,-6.71,-80.73,3.25,275.61,356.34,,W,,6.55,101445.18,101155.49,
026HI,2024-01-15T12:25:00Z,87760.0,12.761,64.95,0.689,266.8,1.775,0.0,,,,,0.0,71.3,,13.02,-87.67,-7.01,-80.66,3.3,275.91,356.57,,W,,6.28,101433.62,101140.96,
026HI,2024-01-15T12:30:00Z,87760.0,12.972,65.95,0.617,274.6,1.723,0.0,,,,,0.0,71.3,,13.01,-87.46,-6.81,-80.65,3.34,276.41,357.05,,W,,6.7,101433.62,101130.49,
026HI,2024-01-15T12:35:00Z,87760.0,13.122,65.79,0.741,266.5,2.053,0.0,,,,,0.0,71.3,,13.02,-88.05,-7.02,-81.04,3.4,276.29,357.33,,W,,6.81,101433.62,101123.07,
026HI,2024-01-15T12:40:00Z,87750.0,13.128,65.82,0.772,273.3,2.387,0.0,,,,,0.0,71.3,,13.02,-89.27,-6.88,-82.39,3.44,276.48,358.87,,W,,6.82,101422.06,101111.25,
026HI,2024-01-15T12:45:00Z,87750.0,13.078,65.67,0.767,256.3,1.831,0.0,,,,,0.0,71.3,,13.01,-87.44,-6.94,-80.51,2.65,276.96,357.47,,WSW,,6.74,101422.06,101113.73,
026HI,2024-01-15T12:50:00Z,87750.0,13.139,64.82,0.808,247.4,2.608,0.0,,,,,0.0,71.3,,13.01,-87.97,-6.71,-81.25,2.46,276.84,358.1,,WSW,,6.61,101422.06,101110.72,
026HI,2024-01-15T12:55:00Z,87740.0,13.05,65.39,0.715,246.7,1.888,0.0,,,,,0.0,71.3,,13.01,-88.34,-6.92,-81.42,2.45,276.89,358.31,,WSW,,6.65,101410.51,101103.59,
026HI,2024-01-15T13:00:00Z,87740.0,13.078,65.85,0.638,252.1,1.775,0.0,,,,,0.0,71.2,,13.01,-88.02,-7.02,-81.0,2.55,277.12,358.12,,WSW,,6.78,101410.51,101102.2,
026HI,2024-01-15T13:05:00Z,87730.0,13.061,65.61,0.772,253.8,1.723,0.0,,,,,0.0,71.2,,13.0,-87.8,-6.77,-81.03,2.56,277.23,358.26,,WSW,,6.71,101398.95,101091.52,
026HI,2024-01-15T13:10:00Z,87730.0,13.15,63.61,0.715,249.5,1.888,0.0,,,,,0.0,71.2,,13.01,-89.07,-6.85,-82.22,2.69,277.04,359.25,,WSW,,6.34,101398.95,101087.15,
026HI,2024-01-15T13:15:00Z,87730.0,12.889,63.39,0.689,235.4,1.831,0.0,,,,,0.0,71.2,,13.01,-87.91,-6.91,-81.0,1.91,277.37,358.37,,SW,,6.04,101398.95,101100.06,
026HI,2024-01-15T13:20:00Z,87730.0,12.811,64.06,0.607,253.6,1.389,0.0,,,,,0.0,71.2,,13.01,-86.87,-6.73,-80.14,1.9,277.42,357.57,,WSW,,6.12,101398.95,101103.91,
026HI,2024-01-15T13:25:00Z,87730.0,12.75,64.49,0.581,256.5,1.389,0.0,,,,,0.0,71.2,,13.01,-86.22,-6.81,-79.41,2.01,276.99,356.4,,WSW,,6.16,101398.95,101106.93,
026HI,2024-01-15T13:30:00Z,87730.0,12.639,66.4,0.658,260.8,1.61,0.0,,,,,0.0,71.2,,13.0,-85.83,-6.71,-79.12,1.96,276.79,355.91,,W,,6.48,101398.95,101112.41,
026HI,2024-01-15T13:35:00Z,87730.0,12.678,66.47,0.561,258.2,1.224,0.0,,,,,0.0,71.2,,13.01,-85.65,-6.71,-78.95,2.26,276.95,355.9,,WSW,,6.54,101398.95,101110.48,
026HI,2024-01-15T13:40:00Z,87730.0,12.622,65.14,0.633,256.3,1.775,0.0,,,,,0.0,71.2,,13.0,-86.21,-6.78,-79.43,2.42,276.9,356.34,,WSW,,6.19,101398.95,101113.27,
026HI,2024-01-15T13:45:00Z,87730.0,12.578,63.73,0.54,262.0,1.224,0.0,,,,,0.0,71.2,,13.0,-86.54,-6.87,-79.68,2.88,277.22,356.9,,W,,5.83,101398.95,101115.47,
026HI,2024-01-15T13:50:00Z,87730.0,12.522,63.68,0.473,243.0,1.497,0.0,,,,,0.0,71.2,,13.0,-86.15,-6.88,-79.27,2.36,277.0,356.27,,WSW,,5.76,101398.95,101118.25,
026HI,2024-01-15T13:55:00Z,87730.0,12.472,63.5,0.818,231.9,,0.0,,,,,0.0,71.2,,13.0,-86.7,-6.57,-80.13,2.23,276.55,356.68,,SW,,5.67,101398.95,101120.74,
026HI,2024-01-15T14:00:00Z,87730.0,12.5,64.39,1.008,229.2,2.109,0.0,,,,,0.0,71.2,,13.0,-87.35,-6.56,-80.79,2.42,276.77,357.56,,SW,,5.9,101398.95,101119.33,
026HI,2024-01-15T14:05:00Z,87730.0,12.678,65.39,0.88,228.2,2.608,0.0,,,,,0.0,71.2,,13.0,-87.68,-6.49,-81.19,2.64,277.64,358.83,,SW,,6.3,101398.95,101110.49,
026HI,2024-01-15T14:10:00Z,87730.0,12.761,63.71,0.808,229.9,1.888,0.0,,,,,0.0,71.2,,13.0,-87.3,-6.5,-80.81,2.37,278.23,359.04,,SW,,5.99,101398.95,101106.4,
026HI,2024-01-15T14:15:00Z,87730.0,12.672,65.08,0.803,229.9,1.775,0.0,,,,,0.0,71.2,,12.98,-87.06,-6.54,-80.51,1.98,278.44,358.95,,SW,,6.22,101398.95,101110.79,
026HI,2024-01-15T14:20:00Z,87730.0,12.722,66.0,0.875,229.7,1.831,0.0,,,,,0.0,71.2,,12.99,-86.97,-6.54,-80.43,2.19,278.75,359.17,,SW,,6.47,101398.95,101108.3,
026HI,2024-01-15T14:25:00Z,87730.0,12.939,65.4,0.993,222.5,,0.0,,,,,0.0,71.2,,12.99,-87.87,-6.5,-81.37,2.46,278.9,360.27,,SW,,6.55,101398.95,101097.56,
026HI,2024-01-15T14:30:00Z,87730.0,12.822,65.33,0.89,221.2,1.831,0.0,,,,,0.0,71.2,,12.99,-88.33,-6.73,-81.6,1.96,278.41,360.02,,SW,,6.42,101398.95,101103.35,
026HI,2024-01-15T14:35:00Z,87730.0,12.622,65.76,1.101,213.5,2.5,0.0,,,,,0.0,71.2,,12.99,-88.92,-6.57,-82.35,1.72,278.25,360.6,,SSW,,6.32,101398.95,101113.26,
026HI,2024-01-15T14:40:00Z,87720.0,12.65,65.33,1.127,211.5,2.387,0.0,,,,,0.0,71.2,,12.99,-88.62,-6.55,-82.07,1.99,278.58,360.65,,SSW,,6.26,101387.39,101100.35,
026HI,2024-01-15T14:45:00Z,87720.0,12.639,65.97,1.003,219.8,1.945,0.0,,,,,0.0,71.2,,12.99,-87.73,-6.55,-81.18,1.84,278.88,360.06,,SW,,6.39,101387.39,101100.89,
026HI,2024-01-15T14:50:00Z,87730.0,12.711,66.48,0.875,223.1,2.33,0.0,,,,,0.0,71.2,,12.99,-87.96,-6.63,-81.33,1.9,278.51,359.84,,SW,,6.57,101398.95,101108.84,
026HI,2024-01-15T14:55:00Z,87730.0,12.65,66.35,0.983,232.8,2.33,0.0,,,,,0.0,71.2,,12.99,-86.61,-6.43,-80.18,1.79,278.63,358.81,,SW,,6.48,101398.95,101111.87,
026HI,2024-01-15T15:00:00Z,87730.0,12.889,65.6,0.957,230.6,1.723,0.0,,,,,0.0,71.2,,12.99,-87.47,-6.39,-81.08,2.29,278.7,359.77,,SW,,6.54,101398.95,101100.03,
026HI,2024-01-15T15:05:00Z,87730.0,13.089,64.09,0.664,247.7,1.168,0.0,,,,,0.0,71.2,,12.98,-86.69,-6.68,-80.01,2.39,,358.81,,WSW,,6.39,101398.95,101090.16,
026HI,2024-01-15T15:10:00Z,87730.0,13.028,63.86,0.504,253.3,1.497,0.0,,,,,0.0,71.2,,12.98,-85.36,-6.88,-78.48,1.99,278.77,357.25,,WSW,,6.28,101398.95,101093.18,
026HI,2024-01-15T15:15:00Z,87730.0,13.261,62.74,0.772,221.3,1.389,0.0,,,,,0.0,71.2,,12.98,-86.21,-6.36,-79.86,2.29,278.15,358.0,,SW,,6.25,101398.95,101081.68,
026HI,2024-01-15T15:20:00Z,87720.0,13.022,64.95,0.731,231.1,1.332,0.0,,,,,0.0,71.2,,12.98,-86.36,-6.68,-79.68,1.89,278.04,357.72,,SW,,6.52,101387.39,101081.94,
026HI,2024-01-15T15:25:00Z,87720.0,12.911,65.08,0.849,241.1,1.831,0.0,,,,,0.0,71.2,,12.97,-85.54,-6.47,-79.06,1.96,278.26,357.32,,WSW,,6.45,101387.39,101087.43,
026HI,2024-01-15T15:30:00Z,87720.0,12.789,65.11,0.905,233.6,1.667,0.0,,,,,0.0,71.2,,12.98,-85.74,-6.45,-79.29,1.78,277.85,357.14,,SW,,6.34,101387.39,101093.47,
026HI,2024-01-15T15:35:00Z,87720.0,12.761,64.72,1.044,228.6,1.945,0.0,,,,,0.0,71.2,,12.98,-86.04,-6.26,-79.78,1.9,277.91,357.69,,SW,,6.22,101387.39,101094.86,
026HI,2024-01-15T15:40:00Z,87720.0,12.7,64.83,0.967,221.0,1.831,0.0,,,,,0.0,71.2,,12.98,-86.09,-6.39,-79.7,1.73,278.3,358.0,,SW,,6.19,101387.39,101097.88,
026HI,2024-01-15T15:45:00Z,87720.0,12.8,64.16,0.962,221.9,2.222,0.0,,,,,0.0,71.2,,12.97,-86.05,-6.37,-79.68,1.97,279.03,358.71,,SW,,6.13,101387.39,101092.93,
026HI,2024-01-15T15:50:00Z,87720.0,13.139,62.15,0.993,229.6,2.222,0.0,,,,,0.0,71.2,,12.97,-85.88,-6.36,-79.52,2.36,279.47,358.99,,SW,,5.99,101387.39,101076.19,
026HI,2024-01-15T15:55:00Z,87720.0,13.361,59.7,0.952,225.3,1.945,0.0,,,,,0.0,71.2,,12.97,-87.26,-6.34,-80.92,2.54,279.15,360.08,,SW,,5.62,101387.39,101065.26,
026HI,2024-01-15T16:00:00Z,87720.0,13.561,54.98,0.88,223.9,1.945,0.0,,,,,0.0,71.2,,12.96,-88.24,-6.61,-81.63,2.44,278.25,359.88,,SW,,4.61,101387.39,101055.46,
026HI,2024-01-15T16:05:00Z,87730.0,13.778,53.25,0.746,222.4,1.389,0.0,,,,,0.0,71.2,,12.97,-89.18,-6.71,-82.48,2.47,277.63,360.1,,SW,,4.35,101398.95,101056.32,
026HI,2024-01-15T16:10:00Z,87730.0,13.422,56.91,0.772,222.7,1.723,0.0,,,,,0.0,71.2,,12.96,-88.55,-6.77,-81.78,1.47,276.72,358.5,,SW,,4.98,101398.95,101073.8,
026HI,2024-01-15T16:15:00Z,87730.0,13.3,58.74,0.607,214.1,1.389,0.0,,,,,0.0,71.2,,12.97,-90.23,-6.91,-83.31,1.71,276.25,359.56,,SW,,5.32,101398.95,101079.8,
026HI,2024-01-15T16:20:00Z,87730.0,12.9,72.33,0.689,205.4,1.446,0.0,,,,,0.0,71.2,,12.97,-92.43,-7.4,-85.03,1.38,274.71,359.74,,SSW,,7.99,101398.95,101099.41,
026HI,2024-01-15T16:25:00Z,87730.0,11.911,87.2,1.003,206.5,1.888,0.0,,,,,0.0,71.2,,12.97,-92.13,-7.09,-85.04,0.45,275.62,360.66,,SSW,,9.83,101398.95,101148.38,
026HI,2024-01-15T16:30:00Z,87730.0,11.561,91.2,0.777,192.6,2.053,0.0,,,,,0.0,71.2,,12.96,-79.17,-5.57,-73.6,1.09,289.5,363.1,,SSW,,10.16,101398.95,101165.82,
026HI,2024-01-15T16:35:00Z,87720.0,11.378,94.7,0.967,200.2,2.33,0.0,,,,,0.0,71.2,,12.95,-83.37,-5.28,-78.09,1.42,286.15,364.25,,SSW,,10.55,101387.39,101163.41,
026HI,2024-01-15T16:40:00Z,87720.0,11.3,96.0,0.936,198.2,2.608,0.0,,,,,0.0,71.2,,12.96,-67.04,-4.63,-62.41,1.24,302.7,365.11,,SSW,,10.68,101387.39,101167.3,
026HI,2024-01-15T16:45:00Z,87720.0,11.311,97.0,1.121,198.7,3.164,0.0,,,,,0.0,71.2,,12.96,-41.08,-3.0,-38.08,1.17,329.2,367.28,,SSW,,10.85,101387.39,101166.74,
026HI,2024-01-15T16:50:00Z,87720.0,11.611,98.1,1.019,191.8,2.608,0.0,,,,,0.0,71.2,,12.96,-25.54,-1.47,-24.07,1.36,345.75,369.81,,SSW,,11.32,101387.39,101151.71,
026HI,2024-01-15T16:55:00Z,87730.0,11.5,98.1,1.055,200.7,2.608,0.0,,,,,0.0,71.2,,12.95,-51.57,-3.64,-47.93,0.67,321.04,368.97,,SSW,,11.21,101398.95,101168.8,
026HI,2024-01-15T17:00:00Z,87730.0,11.389,98.3,0.556,203.5,2.166,0.0,,,,,0.0,71.2,,12.96,-54.26,-3.29,-50.97,0.74,317.3,368.27,,SSW,,11.13,101398.95,101174.35,
026HI,2024-01-15T17:05:00Z,87720.0,11.189,98.4,0.643,201.5,1.61,0.0,,,,,0.0,71.2,,12.96,-62.27,-4.15,-58.12,0.79,308.39,366.51,,SSW,,10.94,101387.39,101172.84,
026HI,2024-01-15T17:10:00Z,87720.0,11.161,98.7,0.586,201.0,2.33,0.0,,,,,0.0,71.2,,12.96,-45.87,-1.94,-43.92,1.2,322.48,366.4,,SSW,,10.96,101387.39,101174.24,
026HI,2024-01-15T17:15:00Z,87710.0,11.3,99.1,0.432,202.1,2.109,4.95,,,,,0.0,71.2,,12.95,-37.33,3.06,-40.39,1.89,327.31,367.69,,SSW,,11.16,101375.83,101155.73,
026HI,2024-01-15T17:20:00Z,87720.0,11.239,99.2,0.828,190.7,2.886,10.66,,,,,0.0,71.2,,12.96,-39.96,8.3,-48.25,2.37,319.27,367.52,,S,,11.12,101387.39,101170.32,
026HI,2024-01-15T17:25:00Z,87720.0,11.189,99.3,0.746,185.0,2.053,17.47,,,,,0.0,71.2,,12.98,-29.93,14.59,-44.53,2.88,323.18,367.7,,S,,11.08,101387.39,101172.83,
026HI,2024-01-15T17:30:00Z,87720.0,11.411,99.6,1.044,184.5,2.222,25.13,,,,,0.0,71.2,,13.0,-7.68,21.32,-28.99,3.82,340.47,369.46,,S,,11.35,101387.39,101161.7,
026HI,2024-01-15T17:35:00Z,87720.0,11.422,99.8,1.204,187.8,3.056,41.67,,,,,0.0,71.2,,13.04,-7.75,36.77,-44.51,4.9,325.27,369.78,,S,,11.39,101387.39,101161.15,
026HI,2024-01-15T17:40:00Z,87720.0,11.378,99.9,1.132,194.7,,43.75,,,,,0.0,71.2,,13.08,-3.88,39.39,-43.27,4.36,326.62,369.89,,SSW,,11.36,101387.39,101163.35,
026HI,2024-01-15T17:45:00Z,87730.0,11.511,100.0,1.065,184.0,2.444,57.86,,,,,0.0,71.2,,13.11,12.71,51.96,-39.25,5.9,331.43,370.69,,S,,11.51,101398.95,101168.22,
026HI,2024-01-15T17:50:00Z,87730.0,11.528,100.0,1.332,195.4,3.112,58.69,,,,,0.0,71.2,,13.16,18.95,52.81,-33.87,5.87,337.38,371.25,,SSW,,11.53,101398.95,101167.37,
026HI,2024-01-15T17:55:00Z,87730.0,11.639,100.0,1.235,191.9,2.721,79.98,,,,,0.0,71.2,,13.23,43.08,71.69,-28.61,8.29,343.62,372.22,,SSW,,11.64,101398.95,101161.82,
026HI,2024-01-15T18:00:00Z,87730.0,11.8,100.0,1.44,194.5,3.555,77.02,,,,,0.0,71.2,,13.28,50.61,68.92,-18.3,8.11,355.29,373.6,,SSW,,11.8,101398.95,101153.78,
026HI,2024-01-15T18:05:00Z,87730.0,11.839,100.0,1.379,193.2,3.611,83.84,,,,,0.0,71.2,,13.37,58.75,75.3,-16.55,8.54,357.58,374.13,,SSW,,11.84,101398.95,101151.83,
026HI,2024-01-15T18:10:00Z,87730.0,11.928,100.0,1.435,197.6,3.611,111.1,,,,,0.0,71.2,,13.47,82.33,99.9,-17.57,11.19,357.43,375.0,,SSW,,11.93,101398.95,101147.39,
026HI,2024-01-15T18:15:00Z,87730.0,11.972,100.0,1.497,189.8,4.609,107.42,,,,,0.0,71.2,,13.54,79.63,96.8,-17.17,10.62,358.27,375.44,,S,,11.97,101398.95,101145.19,
026HI,2024-01-15T18:20:00Z,87730.0,12.128,100.0,1.713,195.0,4.609,109.97,,,,,0.0,71.2,,13.6,88.53,98.54,-10.01,11.43,366.36,376.37,,SSW,,12.13,101398.95,101137.42,
026HI,2024-01-15T18:25:00Z,87730.0,12.25,100.0,1.801,196.4,4.11,134.43,,,,,0.0,71.2,,13.7,106.87,120.52,-13.65,13.91,363.6,377.25,,SSW,,12.25,101398.95,101131.35,
026HI,2024-01-15T18:30:00Z,87730.0,12.411,100.0,1.718,195.0,4.496,143.01,,,,,0.0,71.2,,13.78,119.27,128.02,-8.75,14.99,369.67,378.42,,SSW,,12.41,101398.95,101123.34,
026HI,2024-01-15T18:35:00Z,87740.0,12.439,100.0,1.867,191.5,4.388,143.19,,,,,0.0,71.2,,13.87,117.13,128.38,-11.25,14.81,367.49,378.74,,SSW,,12.44,101410.51,101133.47,
026HI,2024-01-15T18:40:00Z,87750.0,12.4,100.0,1.965,193.3,4.496,168.89,,,,,0.0,71.2,,13.86,132.81,151.97,-19.16,16.92,359.67,378.83,,SSW,,12.4,101422.06,101146.94,
026HI,2024-01-15T18:45:00Z,87750.0,12.389,100.0,1.651,187.1,4.332,190.78,,,,,0.0,71.2,,13.87,150.71,171.97,-21.26,18.8,357.74,379.0,,S,,12.39,101422.06,101147.48,
026HI,2024-01-15T18:50:00Z,87750.0,12.389,100.0,2.032,196.8,3.889,212.69,,,,,0.0,71.2,,13.87,166.86,192.08,-25.21,20.61,354.33,379.54,,SSW,,12.39,101422.06,101147.48,
026HI,2024-01-15T18:55:00Z,87760.0,12.361,100.0,1.759,193.8,4.167,218.68,,,,,0.0,71.2,,13.86,171.97,197.76,-25.79,20.92,354.11,379.9,,SSW,,12.36,101433.62,101160.4,
026HI,2024-01-15T19:00:00Z,87760.0,12.411,100.0,1.837,193.6,4.666,209.5,,,,,0.0,71.2,,13.86,170.13,189.1,-18.97,20.4,361.5,380.47,,SSW,,12.41,101433.62,101157.92,
026HI,2024-01-15T19:05:00Z,87760.0,12.378,100.0,1.909,187.9,3.442,300.22,,,,,0.0,71.2,,13.86,229.63,273.95,-44.31,26.27,336.62,380.93,,S,,12.38,101433.62,101159.56,
026HI,2024-01-15T19:10:00Z,87750.0,12.45,100.0,1.821,194.1,4.054,256.92,,,,,0.0,71.2,,13.87,199.6,233.96,-34.35,22.97,347.2,381.56,,SSW,,12.45,101422.06,101144.45,
026HI,2024-01-15T19:15:00Z,87760.0,12.522,100.0,2.109,193.5,4.054,234.56,,,,,0.0,71.2,,13.87,184.75,212.88,-28.14,21.68,353.82,381.95,,SSW,,12.52,101433.62,101152.4,
026HI,2024-01-15T19:20:00Z,87760.0,12.578,100.0,1.708,189.8,3.719,283.24,,,,,0.0,71.2,,13.84,227.24,257.0,-29.76,26.23,353.41,383.17,,S,,12.58,101433.62,101149.62,
026HI,2024-01-15T19:25:00Z,87760.0,12.661,100.0,1.945,191.4,4.717,313.34,,,,,0.0,71.2,,13.84,247.05,284.87,-37.82,28.48,346.03,383.85,,SSW,,12.66,101433.62,101145.5,
026HI,2024-01-15T19:30:00Z,87760.0,12.411,100.0,1.986,192.0,4.218,486.32,,,,,0.0,71.2,,13.84,352.23,447.13,-94.9,39.19,288.53,383.43,,SSW,,12.41,101433.62,101157.92,
026HI,2024-01-15T19:35:00Z,87760.0,12.739,100.0,1.852,188.0,4.332,501.8,,,,,0.0,71.2,,13.84,363.34,461.1,-97.76,40.7,287.46,385.22,,S,,12.74,101433.62,101141.63,
026HI,2024-01-15T19:40:00Z,87760.0,13.011,100.0,2.109,191.5,5.33,514.73,,,,,0.0,71.2,,13.84,381.69,472.38,-90.69,42.35,296.04,386.73,,SSW,,13.01,101433.62,101128.15,
026HI,2024-01-15T19:45:00Z,87760.0,13.1,100.0,2.125,189.4,4.167,482.58,,,,,0.0,71.2,,13.82,358.03,442.86,-84.83,39.72,302.56,387.38,,S,,13.1,101433.62,101123.74,
026HI,2024-01-15T19:50:00Z,87760.0,13.4,96.9,1.965,183.0,5.829,546.04,,,,,0.0,71.2,,13.82,400.99,500.5,-99.51,45.54,288.94,388.45,,S,,12.91,101433.62,101108.95,
026HI,2024-01-15T19:55:00Z,87760.0,13.85,89.6,2.135,183.8,5.443,563.74,,,,,0.0,71.2,,13.82,416.93,516.87,-99.95,46.87,289.39,389.34,,S,,12.15,101433.62,101086.87,
026HI,2024-01-15T20:00:00Z,87750.0,14.089,86.0,2.001,181.0,4.553,545.39,,,,,0.0,71.2,,13.79,404.82,500.58,-95.76,44.81,293.79,389.55,,S,,11.76,101422.06,101063.65,
026HI,2024-01-15T20:05:00Z,87750.0,13.85,91.7,2.13,180.9,3.997,580.44,,,,,0.0,71.2,,13.79,435.77,533.34,-97.56,47.1,293.29,390.85,,S,,12.51,101422.06,101075.32,
026HI,2024-01-15T20:10:00Z,87750.0,13.978,90.0,2.15,184.0,5.829,594.28,,,,,0.0,71.2,,13.79,447.71,545.19,-97.47,49.09,294.29,391.77,,S,,12.35,101422.06,101069.05,
026HI,2024-01-15T20:15:00Z,87740.0,14.111,84.2,2.31,185.8,5.607,631.15,,,,,0.0,71.2,,13.79,476.84,578.9,-102.07,52.25,289.76,391.83,,S,,11.46,101410.51,101051.08,
026HI,2024-01-15T20:20:00Z,87730.0,14.639,81.2,1.996,188.0,5.052,649.7,,,,,0.0,71.2,,13.79,491.28,595.01,-103.73,54.69,290.7,394.43,,S,,11.42,101398.95,101013.73,
026HI,2024-01-15T20:25:00Z,87750.0,14.95,81.3,2.089,189.5,4.609,659.5,,,,,0.0,71.1,,13.74,500.44,603.91,-103.48,55.59,292.34,395.82,,S,,11.75,101422.06,101021.57,
026HI,2024-01-15T20:30:00Z,87740.0,14.861,84.1,1.693,184.4,4.887,655.29,,,,,0.0,71.1,,13.77,497.03,600.26,-103.23,55.03,294.83,398.06,,S,,12.18,101410.51,101014.36,
026HI,2024-01-15T20:35:00Z,87740.0,14.978,77.37,2.058,188.1,5.664,691.31,,,,,0.0,71.1,,13.77,526.5,632.88,-106.38,58.44,291.56,397.94,,S,,11.02,101410.51,101008.74,
026HI,2024-01-15T20:40:00Z,87730.0,15.428,74.01,1.909,184.4,4.717,705.79,,,,,0.0,71.1,,13.77,537.4,645.36,-107.95,60.43,292.6,400.55,,S,,10.78,101398.95,100975.37,
026HI,2024-01-15T20:45:00Z,87730.0,15.422,81.6,2.114,187.6,4.717,715.76,,,,,0.0,71.1,,13.77,546.29,654.87,-108.57,60.89,292.69,401.27,,S,,12.26,101398.95,100975.55,
026HI,2024-01-15T20:50:00Z,87720.0,15.161,79.58,2.058,190.7,4.275,727.52,,,,,0.0,71.1,,13.77,557.27,665.48,-108.21,62.04,293.06,401.26,,S,,11.62,101387.39,100976.77,
026HI,2024-01-15T20:55:00Z,87720.0,15.361,71.19,2.567,189.5,5.165,739.86,,,,,0.0,71.1,,13.75,568.93,675.84,-106.91,64.01,293.5,400.41,,S,,10.13,101387.39,100967.15,
026HI,2024-01-15T21:00:00Z,87710.0,15.8,66.38,2.356,185.1,5.108,751.79,,,,,0.0,71.1,,13.75,577.13,685.73,-108.6,66.05,293.88,402.48,,S,,9.5,101375.83,100934.4,
026HI,2024-01-15T21:05:00Z,87690.0,15.689,68.51,1.996,182.7,4.275,761.89,,,,,0.0,71.1,,13.75,586.03,695.29,-109.26,66.6,293.76,403.02,,S,,9.87,101352.71,100916.73,
026HI,2024-01-15T21:10:00Z,87690.0,15.878,67.89,2.577,188.9,6.22,772.69,,,,,0.0,71.1,,13.75,594.94,704.52,-109.58,68.16,293.88,403.46,,S,,9.91,101352.71,100907.59,
026HI,2024-01-15T21:15:00Z,87680.0,15.878,68.27,2.387,182.9,5.0,782.93,,,,,0.0,71.1,,13.74,602.93,713.46,-110.53,69.47,294.29,404.82,,S,,9.99,101341.16,100896.07,
026HI,2024-01-15T21:20:00Z,87670.0,16.222,67.56,2.176,178.1,4.388,791.84,,,,,0.0,71.1,,13.75,608.64,720.92,-112.28,70.92,294.73,407.01,,S,,10.17,101329.6,100867.94,
026HI,2024-01-15T21:25:00Z,87660.0,16.289,68.42,2.392,190.7,5.721,800.78,,,,,0.0,71.1,,13.75,616.1,728.88,-112.78,71.9,294.96,407.74,,S,,10.42,101318.04,100853.19,
026HI,2024-01-15T21:30:00Z,87650.0,16.089,68.77,2.305,189.3,4.774,808.46,,,,,0.0,71.1,,13.75,623.4,735.99,-112.59,72.47,294.75,407.34,,S,,10.31,101306.48,100851.34,
026HI,2024-01-15T21:35:00Z,87640.0,16.022,71.12,2.711,196.8,5.443,817.58,,,,,0.0,71.1,,13.75,631.39,743.49,-112.1,74.09,295.48,407.58,,SSW,,10.75,101294.92,100843.04,
026HI,2024-01-15T21:40:00Z,87640.0,16.139,77.05,2.377,185.4,5.721,827.16,,,,,0.0,71.1,,13.7,639.6,751.41,-111.81,75.76,297.28,409.09,,S,,12.08,101294.92,100837.29,
026HI,2024-01-15T21:45:00Z,87630.0,16.022,83.3,2.197,185.0,4.553,812.18,,,,,0.0,71.0,,13.73,625.66,738.02,-112.36,74.16,298.11,410.47,,S,,13.17,101283.37,100831.35,
026HI,2024-01-15T21:50:00Z,87620.0,16.2,75.92,2.294,183.4,5.165,793.86,,,,,0.0,71.0,,13.73,610.95,720.72,-109.77,73.14,300.71,410.48,,S,,11.92,101271.81,100811.35,
026HI,2024-01-15T21:55:00Z,87620.0,15.978,76.64,2.845,194.0,5.829,842.02,,,,,0.0,71.0,,13.73,650.09,763.73,-113.64,78.29,295.86,409.5,,SSW,,11.84,101271.81,100822.07,
026HI,2024-01-15T22:00:00Z,87600.0,16.15,73.03,2.397,189.5,4.553,847.73,,,,,0.0,71.0,,13.73,653.5,767.99,-114.5,79.73,296.18,410.68,,S,,11.28,101248.69,100790.8,
026HI,2024-01-15T22:05:00Z,87600.0,16.1,75.5,2.922,192.6,6.832,855.96,,,,,0.0,71.0,,13.73,661.14,775.27,-114.12,80.69,296.42,410.54,,SSW,,11.73,101248.69,100793.18,
026HI,2024-01-15T22:10:00Z,87590.0,16.239,74.49,2.33,187.4,6.554,860.43,,,,,0.0,71.0,,13.73,662.9,778.44,-115.55,81.99,296.98,412.53,,S,,11.66,101237.13,100774.98,
026HI,2024-01-15T22:15:00Z,87580.0,16.728,76.86,2.12,188.4,4.054,865.52,,,,,0.0,71.0,,13.72,663.28,781.89,-118.61,83.63,297.51,416.12,,S,,12.62,101225.58,100739.88,
026HI,2024-01-15T22:20:00Z,87570.0,16.422,80.1,2.495,186.9,5.33,842.59,,,,,0.0,71.0,,13.73,648.85,763.1,-114.24,79.49,299.84,414.09,,S,,12.95,101214.02,100743.06,
026HI,2024-01-15T22:25:00Z,87560.0,16.072,80.3,2.742,189.8,6.22,816.02,,,,,0.0,71.0,,13.72,630.62,738.62,-108.0,77.41,304.42,412.42,,S,,12.65,101202.46,100748.43,
026HI,2024-01-15T22:30:00Z,87550.0,16.25,75.68,2.685,189.8,6.055,872.14,,,,,0.0,71.0,,13.73,670.21,787.15,-116.95,84.99,296.05,,,S,,11.92,101190.9,100728.41,
026HI,2024-01-15T22:35:00Z,87540.0,16.478,79.66,2.212,188.1,4.717,833.87,,,,,0.0,71.0,,13.73,644.3,753.37,-109.07,80.51,305.67,414.73,,S,,12.92,101179.34,100705.86,
026HI,2024-01-15T22:40:00Z,87530.0,16.372,81.7,2.619,191.1,5.777,869.94,,,,,0.0,71.0,,13.73,670.69,784.9,-114.21,85.04,300.51,414.72,,S,,13.21,101167.79,100699.43,
026HI,2024-01-15T22:45:00Z,87520.0,16.361,81.2,2.392,188.3,6.163,877.06,,,,,0.0,71.0,,13.73,672.43,790.94,-118.51,86.12,297.41,415.91,,S,,13.1,101156.23,100688.46,
026HI,2024-01-15T22:50:00Z,87510.0,16.45,77.05,2.624,184.0,4.944,874.5,,,,,0.0,71.0,,13.73,669.39,788.24,-118.84,86.26,296.51,415.35,,S,,12.38,101144.67,100672.73,
026HI,2024-01-15T22:55:00Z,87490.0,16.589,75.46,2.649,185.9,5.278,874.79,,,,,0.0,71.0,,13.73,668.98,788.51,-119.53,86.28,296.27,415.8,,S,,12.2,101121.55,100643.06,
026HI,2024-01-15T23:00:00Z,87490.0,16.811,75.21,2.444,193.2,6.276,874.83,,,,,0.0,71.0,,13.72,668.72,788.62,-119.9,86.2,296.79,416.69,,SSW,,12.36,101121.55,100632.4,
026HI,2024-01-15T23:05:00Z,87490.0,16.861,79.4,2.336,199.6,6.22,873.15,,,,,0.0,71.0,,13.73,666.66,787.6,-120.94,85.56,297.26,418.2,,SSW,,13.25,101121.55,100629.94,
026HI,2024-01-15T23:10:00Z,87480.0,16.728,79.33,2.238,207.3,5.222,878.45,,,,,0.0,70.9,,13.73,675.5,793.14,-117.64,85.3,300.23,417.87,,SSW,,13.1,101110.0,100624.82,
026HI,2024-01-15T23:15:00Z,87480.0,16.928,79.58,2.557,201.2,5.777,869.44,,,,,0.0,70.9,,13.73,662.62,784.25,-121.63,85.19,298.3,419.93,,SSW,,13.35,101110.0,100615.22,
026HI,2024-01-15T23:20:00Z,87480.0,16.6,82.9,2.402,195.7,5.33,820.75,,,,,0.0,70.9,,13.73,632.6,741.98,-109.38,78.77,307.7,417.08,,SSW,,13.66,101110.0,100630.92,
026HI,2024-01-15T23:25:00Z,87470.0,16.95,76.51,2.238,198.9,5.222,859.07,,,,,0.0,70.9,,13.73,653.42,774.47,-121.06,84.6,299.04,420.1,,SSW,,12.76,101098.44,100602.71,
026HI,2024-01-15T23:30:00Z,87470.0,17.089,74.1,2.433,202.1,5.777,855.03,,,,,0.0,70.9,,13.71,650.86,771.13,-120.27,83.9,298.54,418.81,,SSW,,12.4,101098.44,100596.09,
026HI,2024-01-15T23:35:00Z,87460.0,17.3,71.53,2.423,201.8,5.942,849.47,,,,,0.0,70.9,,13.73,644.78,765.77,-120.99,83.7,299.53,420.53,,SSW,,12.07,101086.88,100574.53,
026HI,2024-01-15T23:40:00Z,87460.0,17.361,74.8,2.325,197.6,5.052,844.23,,,,,0.0,70.9,,13.73,,761.85,-118.95,82.38,300.68,419.64,,SSW,,12.81,101086.88,100571.56,
026HI,2024-01-15T23:45:00Z,87460.0,16.95,79.83,2.073,208.7,4.609,840.47,,,,,0.0,70.9,,13.71,637.79,758.88,-121.09,81.59,298.9,420.0,,SSW,,13.42,101086.88,100591.16,
026HI,2024-01-15T23:50:00Z,87450.0,16.861,80.1,1.965,198.9,4.553,833.47,,,,,0.0,70.9,,13.73,631.72,752.57,-120.85,80.9,298.83,419.68,,SSW,,13.38,101075.32,100583.92,
026HI,2024-01-15T23:55:00Z,87450.0,16.928,79.17,2.284,198.1,5.108,820.43,,,,,0.0,70.9,,13.73,622.48,740.99,-118.51,79.44,300.73,419.24,,SSW,,13.27,101075.32,100580.72,
026HI,2024-01-16T00:00:00Z,87440.0,16.661,81.6,2.145,198.6,4.944,825.65,,,,,0.0,70.9,,13.73,626.1,745.84,-119.74,79.81,299.13,418.87,,SSW,,13.47,101063.76,100581.99,
026HI,2024-01-16T00:05:00Z,87440.0,16.4,84.7,2.454,198.1,5.443,813.92,,,,,0.0,70.9,,13.73,618.7,735.43,-116.73,78.49,300.44,417.17,,SSW,,13.8,101063.76,100594.49,
026HI,2024-01-16T00:10:00Z,87440.0,16.278,84.4,2.68,200.9,4.666,810.17,,,,,0.0,70.9,,13.67,615.42,731.22,-115.8,78.95,299.63,415.44,,SSW,,13.62,101063.76,100600.37,
026HI,2024-01-16T00:15:00Z,87440.0,16.261,85.1,2.228,205.7,4.275,779.58,,,,,0.0,70.9,,13.68,587.24,703.42,-116.19,76.16,299.3,415.49,,SSW,,13.73,101063.76,100601.18,
026HI,2024-01-16T00:20:00Z,87440.0,16.789,79.31,2.135,201.8,5.108,788.05,,,,,0.0,70.8,,13.67,589.88,709.66,-119.78,78.39,297.27,417.05,,SSW,,13.16,101063.76,100575.88,
026HI,2024-01-16T00:25:00Z,87440.0,16.55,83.7,2.284,204.4,4.887,782.36,,,,,0.0,70.8,,13.73,590.19,705.51,-115.31,76.85,301.03,416.35,,SSW,,13.76,101063.76,100587.29,
026HI,2024-01-16T00:30:00Z,87440.0,16.361,82.0,2.258,197.5,4.944,729.9,,,,,0.0,70.8,,13.73,546.83,659.28,-112.45,70.61,301.85,414.3,,SSW,,13.26,101063.76,100596.41,
026HI,2024-01-16T00:35:00Z,87440.0,16.228,87.1,1.945,197.7,4.054,653.33,,,,,0.0,70.8,,13.73,499.08,590.64,-91.56,62.69,322.64,414.19,,SSW,,14.06,101063.76,100602.74,
026HI,2024-01-16T00:40:00Z,87440.0,15.75,90.4,2.351,206.0,4.887,576.77,,,,,0.0,70.8,,13.73,455.29,521.56,-66.27,55.21,344.32,410.59,,SSW,,14.17,101063.76,100625.76,
026HI,2024-01-16T00:45:00Z,87440.0,15.55,90.5,2.238,201.7,5.165,692.18,,,,,0.0,70.8,,13.72,523.59,625.13,-101.54,67.05,309.46,,,SSW,,13.99,101063.76,100635.44,
026HI,2024-01-16T00:50:00Z,87440.0,15.461,90.9,2.258,201.1,4.944,507.61,,,,,0.0,70.8,,13.73,398.52,459.61,-61.09,48.0,347.19,408.28,,SSW,,13.97,101063.76,100639.74,
026HI,2024-01-16T00:55:00Z,87440.0,15.378,92.2,2.078,199.6,5.0,663.78,,,,,0.0,70.8,,13.73,506.7,598.06,-91.36,65.72,317.65,409.01,,SSW,,14.11,101063.76,100643.75,
026HI,2024-01-16T01:00:00Z,87440.0,15.55,90.6,2.083,196.5,4.054,526.98,,,,,0.0,70.8,,13.73,406.35,475.93,-69.58,51.05,339.17,408.75,,SSW,,14.0,101063.76,100635.44,
026HI,2024-01-16T01:05:00Z,87440.0,15.311,93.7,1.857,200.8,4.445,571.73,,,,,0.0,70.8,,13.73,445.38,515.6,-70.22,56.13,338.35,408.56,,SSW,,14.29,101063.76,100646.97,
026HI,2024-01-16T01:10:00Z,87440.0,15.378,92.5,1.837,196.5,3.663,583.83,,,,,0.0,70.8,,13.73,438.3,527.18,-88.89,56.64,319.24,408.13,,SSW,,14.16,101063.76,100643.74,
026HI,2024-01-16T01:15:00Z,87450.0,15.478,91.7,1.62,208.5,4.275,435.22,,,,,0.0,70.8,,13.73,337.44,393.47,-56.02,41.75,351.41,407.43,,SSW,,14.12,101075.32,100650.42,
026HI,2024-01-16T01:20:00Z,87450.0,15.822,91.3,1.574,216.0,3.719,525.21,,,,,0.0,70.8,,13.73,390.28,473.23,-82.95,51.98,326.92,409.88,,SW,,14.39,101075.32,100633.78,
026HI,2024-01-16T01:25:00Z,87450.0,15.25,93.4,1.801,201.8,3.719,353.0,,,,,0.0,70.8,,13.73,289.22,319.2,-29.98,33.79,374.56,404.54,,SSW,,14.18,101075.32,100661.45,
026HI,2024-01-16T01:30:00Z,87450.0,14.789,95.7,1.749,213.5,5.278,370.31,,,,,0.0,70.8,,13.73,297.82,334.17,-36.35,36.14,366.9,403.25,,SSW,,14.1,101075.32,100683.83,
026HI,2024-01-16T01:35:00Z,87450.0,14.589,96.1,1.975,209.4,4.717,263.59,,,,,0.0,70.8,,13.73,211.38,238.57,-27.2,25.01,372.97,400.17,,SSW,,13.97,101075.32,100693.57,
026HI,2024-01-16T01:40:00Z,87450.0,14.528,97.0,2.253,208.9,4.275,313.89,,,,,0.0,70.7,,13.72,253.53,282.51,-28.98,31.38,370.32,399.3,,SSW,,14.05,101075.32,100696.53,
026HI,2024-01-16T01:45:00Z,87450.0,14.528,97.8,1.327,210.1,2.943,216.19,,,,,0.0,70.7,,13.73,179.49,195.0,-15.51,21.19,383.27,398.78,,SSW,,14.18,101075.32,100696.52,
026HI,2024-01-16T01:50:00Z,87450.0,14.45,98.0,1.687,210.8,4.553,268.24,,,,,0.0,70.7,,13.73,218.53,240.7,-22.17,27.54,376.0,398.18,,SSW,,14.13,101075.32,100700.33,
026HI,2024-01-16T01:55:00Z,87450.0,14.3,98.1,1.651,206.9,4.496,191.82,,,,,0.0,70.7,,13.72,155.07,173.39,-18.32,18.43,378.32,396.64,,SSW,,14.0,101075.32,100707.65,
026HI,2024-01-16T02:00:00Z,87450.0,14.061,98.2,2.49,205.4,5.052,212.86,,,,,0.0,70.7,,13.73,172.39,191.61,-19.22,21.25,374.95,394.17,,SSW,,13.78,101075.32,100719.34,
026HI,2024-01-16T02:05:00Z,87450.0,13.972,98.7,2.546,204.2,5.499,226.3,,,,,0.0,70.7,,13.73,182.71,202.41,-19.7,23.89,373.2,392.9,,SSW,,13.77,101075.32,100723.69,
026HI,2024-01-16T02:10:00Z,87450.0,13.911,99.0,2.202,208.7,5.885,167.56,,,,,0.0,70.7,,13.73,133.82,150.77,-16.94,16.79,375.57,392.52,,SSW,,13.75,101075.32,100726.68,
026HI,2024-01-16T02:15:00Z,87450.0,13.761,99.1,2.444,201.8,5.165,197.49,,,,,0.0,70.7,,13.75,162.59,176.53,-13.94,20.96,377.71,391.64,,SSW,,13.62,101075.32,100734.03,
026HI,2024-01-16T02:20:00Z,87450.0,13.75,99.3,2.572,204.7,5.222,143.6,,,,,0.0,70.7,,13.76,118.63,128.59,-9.96,15.01,380.74,390.7,,SSW,,13.64,101075.32,100734.57,
026HI,2024-01-16T02:25:00Z,87460.0,13.85,99.7,2.536,206.7,5.222,90.69,,,,,0.0,70.7,,13.8,75.81,81.52,-5.71,9.17,383.74,389.45,,SSW,,13.8,101086.88,100741.18,
026HI,2024-01-16T02:30:00Z,87460.0,13.822,99.8,2.562,205.5,5.664,119.15,,,,,0.0,70.7,,13.79,98.92,105.99,-7.07,13.16,382.06,389.13,,SSW,,13.79,101086.88,100742.55,
026HI,2024-01-16T02:35:00Z,87460.0,13.711,99.8,2.15,204.1,4.332,79.32,,,,,0.0,70.7,,13.7,65.8,71.62,-5.81,7.7,382.58,388.39,,SSW,,13.68,101086.88,100748.0,
026HI,2024-01-16T02:40:00Z,87460.0,13.622,100.0,2.793,202.2,5.443,105.77,,,,,0.0,70.7,,13.77,87.81,94.45,-6.65,11.32,380.99,387.64,,SSW,,13.62,101086.88,100752.37,
026HI,2024-01-16T02:45:00Z,87460.0,13.639,100.0,2.341,203.5,6.163,118.9,,,,,0.0,70.7,,13.8,98.55,105.96,-7.41,12.95,380.82,388.23,,SSW,,13.64,101086.88,100751.53,
026HI,2024-01-16T02:50:00Z,87470.0,13.539,100.0,2.701,204.3,5.829,102.19,,,,,0.0,70.7,,13.76,79.37,91.6,-12.23,10.59,375.28,387.51,,SSW,,13.54,101098.44,100767.96,
026HI,2024-01-16T02:55:00Z,87480.0,13.472,100.0,2.814,201.8,6.106,80.96,,,,,0.0,70.7,,13.63,52.02,73.21,-21.18,7.75,364.99,386.17,,SSW,,13.47,101110.0,100782.78,
026HI,2024-01-16T03:00:00Z,87480.0,13.5,100.0,2.665,198.3,5.551,49.66,,,,,0.0,70.7,,13.58,38.9,44.94,-6.04,4.73,379.76,385.8,,SSW,,13.5,101110.0,100781.4,
026HI,2024-01-16T03:05:00Z,87480.0,13.628,100.0,2.402,196.8,5.222,63.97,,,,,0.0,70.6,,13.67,50.1,57.17,-7.07,6.8,379.18,386.25,,SSW,,13.63,101110.0,100775.11,
026HI,2024-01-16T03:10:00Z,87490.0,13.511,100.0,2.315,204.4,6.22,60.44,,,,,0.0,70.6,,13.57,47.21,54.4,-7.18,6.04,378.89,386.07,,SSW,,13.51,101121.55,100792.38,
026HI,2024-01-16T03:15:00Z,87490.0,13.489,100.0,2.366,209.1,5.721,48.53,,,,,0.0,70.6,,13.55,39.92,43.55,-3.63,4.99,381.86,385.49,,SSW,,13.49,101121.55,100793.46,
026HI,2024-01-16T03:20:00Z,87500.0,13.528,100.0,2.392,207.8,5.998,26.38,,,,,0.0,70.6,,13.45,19.02,24.1,-5.07,2.28,380.12,385.2,,SSW,,13.53,101133.11,100803.07,
026HI,2024-01-16T03:25:00Z,87510.0,13.6,100.0,2.968,204.0,6.384,28.74,,,,,0.0,70.6,,13.41,23.29,25.88,-2.59,2.86,382.76,385.35,,SSW,,13.6,101144.67,100811.05,
026HI,2024-01-16T03:30:00Z,87500.0,13.45,100.0,2.438,201.0,5.052,25.51,,,,,0.0,70.6,,13.38,19.85,23.4,-3.55,2.11,381.1,384.65,,SSW,,13.45,101133.11,100806.9,
026HI,2024-01-16T03:35:00Z,87500.0,13.389,100.0,2.752,203.8,7.552,18.84,,,,,0.0,70.6,,13.34,14.99,17.29,-2.3,1.55,381.73,384.03,,SSW,,13.39,101133.11,100809.91,
026HI,2024-01-16T03:40:00Z,87500.0,13.622,100.0,2.48,207.9,5.278,21.71,,,,,0.0,70.6,,13.32,16.77,19.37,-2.6,2.34,382.37,384.97,,SSW,,13.62,101133.11,100798.45,
026HI,2024-01-16T03:45:00Z,87510.0,13.678,100.0,2.85,203.9,6.22,14.78,,,,,0.0,70.6,,13.29,11.81,13.31,-1.5,1.46,383.63,385.13,,SSW,,13.68,101144.67,100807.21,
026HI,2024-01-16T03:50:00Z,87510.0,13.539,100.0,2.624,203.8,5.165,13.06,,,,,0.0,70.6,,13.27,9.4,12.07,-2.68,0.99,381.9,384.58,,SSW,,13.54,101144.67,100814.05,
026HI,2024-01-16T03:55:00Z,87510.0,13.528,100.0,2.608,207.5,5.0,10.14,,,,,0.0,70.6,,13.25,7.29,9.23,-1.93,0.91,382.39,384.32,,SSW,,13.53,101144.67,100814.59,
026HI,2024-01-16T04:00:00Z,87520.0,13.622,100.0,2.973,202.1,6.384,8.02,,,,,0.0,70.6,,13.24,5.59,7.03,-1.44,0.99,383.16,384.6,,SSW,,13.62,101156.23,100821.49,
026HI,2024-01-16T04:05:00Z,87520.0,13.55,100.0,2.48,204.2,6.106,4.86,,,,,0.0,70.6,,13.23,3.04,4.44,-1.4,0.42,382.91,384.3,,SSW,,13.55,101156.23,100825.03,
026HI,2024-01-16T04:10:00Z,87520.0,13.511,100.0,2.644,205.1,5.998,3.29,,,,,0.0,70.6,,13.22,1.19,2.99,-1.8,0.31,382.3,384.1,,SSW,,13.51,101156.23,100826.94,
026HI,2024-01-16T04:15:00Z,87530.0,13.561,100.0,2.66,211.4,5.998,1.67,,,,,0.0,70.6,,13.2,0.4,1.34,-0.94,0.33,383.1,384.04,,SSW,,13.56,101167.79,100836.01,
026HI,2024-01-16T04:20:00Z,87530.0,13.522,100.0,2.891,205.4,6.22,0.9,,,,,0.0,70.6,,13.2,-0.71,0.78,-1.49,0.12,382.44,383.93,,SSW,,13.52,101167.79,100837.92,
026HI,2024-01-16T04:25:00Z,87530.0,13.561,100.0,2.696,207.5,5.386,0.41,,,,,0.0,70.6,,13.2,-0.65,0.22,-0.88,0.19,383.1,383.98,,SSW,,13.56,101167.79,100836.01,
026HI,2024-01-16T04:30:00Z,87540.0,13.772,100.0,2.917,200.2,6.719,0.31,,,,,0.0,70.6,,13.19,-0.64,0.0,-0.64,0.31,384.28,384.92,,SSW,,13.77,101179.34,100837.15,
026HI,2024-01-16T04:35:00Z,87550.0,13.889,100.0,2.855,206.1,6.276,0.16,,,,,0.0,70.6,,13.19,-0.67,-0.06,-0.61,0.22,384.94,385.55,,SSW,,13.89,101190.9,100842.93,
026HI,2024-01-16T04:40:00Z,87550.0,13.872,100.0,2.505,207.7,6.163,0.0,,,,,0.0,70.6,,13.19,-0.67,-0.08,-0.6,0.05,384.94,385.54,,SSW,,13.87,101190.9,100843.76,
026HI,2024-01-16T04:45:00Z,87550.0,13.772,100.0,2.809,204.5,6.333,0.0,,,,,0.0,70.6,,13.18,-1.08,-0.06,-1.02,0.0,384.12,385.14,,SSW,,13.77,101190.9,100848.67,
026HI,2024-01-16T04:50:00Z,87560.0,13.922,100.0,2.68,210.9,6.333,0.13,,,,,0.0,70.6,,13.18,-0.66,-0.1,-0.56,0.23,385.03,385.58,,SSW,,13.92,101202.46,100852.83,
026HI,2024-01-16T04:55:00Z,87560.0,13.9,100.0,2.84,208.6,6.94,0.0,,,,,0.0,70.6,,13.18,-0.69,-0.07,-0.62,0.07,385.03,385.64,,SSW,,13.9,101202.46,100853.91,
026HI,2024-01-16T05:00:00Z,87570.0,13.872,100.0,2.181,210.3,5.942,0.0,,,,,0.0,70.6,,13.17,-0.75,-0.07,-0.68,0.05,384.84,385.52,,SSW,,13.87,101214.02,100866.8,
026HI,2024-01-16T05:05:00Z,87570.0,13.839,100.0,2.819,203.5,6.106,0.0,,,,,0.0,70.6,,13.17,-0.66,-0.07,-0.6,0.01,384.74,385.34,,SSW,,13.84,101214.02,100868.42,
026HI,2024-01-16T05:10:00Z,87580.0,13.878,100.0,2.212,207.1,5.942,0.05,,,,,0.0,70.6,,13.17,-0.6,-0.08,-0.52,0.13,384.89,385.42,,SSW,,13.88,101225.58,100878.02,
026HI,2024-01-16T05:15:00Z,87580.0,13.872,100.0,2.665,203.8,5.777,0.0,,,,,0.0,70.6,,13.17,-0.64,-0.07,-0.57,0.05,384.88,385.45,,SSW,,13.87,101225.58,100878.32,
026HI,2024-01-16T05:20:00Z,87580.0,13.872,100.0,2.675,210.7,6.333,0.0,,,,,0.0,70.6,,13.16,-0.52,-0.07,-0.45,0.06,384.99,385.44,,SSW,,13.87,101225.58,100878.32,
026HI,2024-01-16T05:25:00Z,87580.0,13.922,100.0,2.994,210.8,5.998,0.08,,,,,0.0,70.6,,13.16,-0.8,-0.06,-0.74,0.14,384.89,385.63,,SSW,,13.92,101225.58,100875.87,
026HI,2024-01-16T05:30:00Z,87580.0,13.861,100.0,2.932,214.7,6.22,0.0,,,,,0.0,70.6,,13.16,-0.39,-0.09,-0.3,0.0,385.01,385.31,,SW,,13.86,101225.58,100878.86,
026HI,2024-01-16T05:35:00Z,87590.0,13.972,100.0,2.778,205.4,7.552,0.06,,,,,0.0,70.6,,13.16,-0.52,-0.07,-0.45,0.13,385.38,385.83,,SSW,,13.97,101237.13,100884.93,
026HI,2024-01-16T05:40:00Z,87590.0,13.9,100.0,3.071,205.9,6.662,0.0,,,,,0.0,70.6,,13.16,-0.48,-0.06,-0.43,0.0,385.17,385.6,,SSW,,13.9,101237.13,100888.46,
026HI,2024-01-16T05:45:00Z,87590.0,13.939,100.0,3.241,205.9,7.943,0.01,,,,,0.0,70.6,,13.15,-0.56,-0.07,-0.49,0.08,385.26,385.75,,SSW,,13.94,101237.13,100886.55,
026HI,2024-01-16T05:50:00Z,87590.0,13.95,100.0,2.459,209.0,5.777,0.02,,,,,0.0,70.6,,13.15,-0.71,-0.06,-0.65,0.08,385.12,385.78,,SSW,,13.95,101237.13,100886.01,
026HI,2024-01-16T05:55:00Z,87590.0,13.828,100.0,2.871,200.7,6.775,0.0,,,,,0.0,70.6,,13.15,-0.59,-0.05,-0.54,0.0,384.68,385.22,,SSW,,13.83,101237.13,100892.0,
026HI,2024-01-16T06:00:00Z,87600.0,13.622,100.0,2.572,204.7,5.998,0.0,,,,,0.0,70.6,,13.14,-1.9,-0.06,-1.85,0.0,382.5,384.35,,SSW,,13.62,101248.69,100913.65,
026HI,2024-01-16T06:05:00Z,87590.0,13.278,100.0,2.248,207.0,4.774,0.0,,,,,0.0,70.6,,13.15,-2.07,-0.09,-1.98,0.0,380.73,382.71,,SSW,,13.28,101237.13,100919.07,
026HI,2024-01-16T06:10:00Z,87590.0,13.3,100.0,2.377,204.0,5.278,0.0,,,,,0.0,70.6,,13.15,-0.68,-0.09,-0.59,0.02,381.83,382.42,,SSW,,13.3,101237.13,100917.98,
026HI,2024-01-16T06:15:00Z,87590.0,13.711,100.0,2.392,207.4,4.944,0.47,,,,,0.0,70.6,,13.14,-0.33,-0.1,-0.22,0.58,383.87,384.09,,SSW,,13.71,101237.13,100897.75,
026HI,2024-01-16T06:20:00Z,87590.0,13.961,100.0,2.382,201.1,5.165,0.27,,,,,0.0,70.6,,13.14,-0.17,-0.08,-0.09,0.35,385.36,385.45,,SSW,,13.96,101237.13,100885.47,
026HI,2024-01-16T06:25:00Z,87600.0,14.089,100.0,2.073,218.5,5.829,0.17,,,,,0.0,70.6,,13.14,-0.08,-0.07,-0.01,0.24,386.27,386.27,,SW,,14.09,101248.69,100890.71,
026HI,2024-01-16T06:30:00Z,87590.0,14.222,100.0,2.778,206.1,6.996,0.11,,,,,0.0,70.6,,13.14,-0.2,-0.06,-0.14,0.18,386.81,386.95,,SSW,,14.22,101237.13,100872.67,
026HI,2024-01-16T06:35:00Z,87600.0,14.289,100.0,3.046,215.1,6.055,0.06,,,,,0.0,70.6,,13.14,-0.31,-0.06,-0.26,0.11,387.16,387.42,,SW,,14.29,101248.69,100880.91,
026HI,2024-01-16T06:40:00Z,87600.0,14.189,100.0,2.989,207.9,8.391,0.0,,,,,0.254,70.6,,13.14,-0.42,-0.04,-0.38,0.0,386.69,387.07,,SSW,,14.19,101248.69,100885.81,
026HI,2024-01-16T06:45:00Z,87590.0,14.211,100.0,2.253,210.2,5.829,0.01,,,,,0.0,70.6,,13.13,-0.35,-0.06,-0.29,0.06,386.71,387.0,,SSW,,14.21,101237.13,100873.21,
026HI,2024-01-16T06:50:00Z,87600.0,14.228,100.0,2.536,208.6,5.721,0.0,,,,,0.0,70.5,,13.13,-0.24,-0.05,-0.19,0.03,386.95,387.14,,SSW,,14.23,101248.69,100883.9,
026HI,2024-01-16T06:55:00Z,87610.0,14.328,100.0,2.387,208.5,5.777,0.12,,,,,0.0,70.5,,13.13,-0.14,-0.06,-0.08,0.18,387.39,387.47,,SSW,,14.33,101260.25,100890.52,
026HI,2024-01-16T07:00:00Z,87600.0,14.322,100.0,2.207,208.0,4.666,0.01,,,,,0.0,70.5,,13.11,-0.08,-0.04,-0.04,0.04,387.58,387.63,,SSW,,14.32,101248.69,100879.29,
026HI,2024-01-16T07:05:00Z,87610.0,14.45,100.0,2.114,203.8,4.944,0.15,,,,,0.0,70.5,,13.13,-0.13,-0.05,-0.08,0.2,388.07,388.15,,SSW,,14.45,101260.25,100884.55,
026HI,2024-01-16T07:10:00Z,87610.0,14.35,100.0,2.583,209.6,6.276,0.0,,,,,0.0,70.5,,13.13,-0.4,-0.02,-0.38,0.0,387.53,387.91,,SSW,,14.35,101260.25,100889.44,
026HI,2024-01-16T07:15:00Z,87600.0,14.272,100.0,2.721,207.4,6.662,0.0,,,,,0.0,70.5,,13.13,-0.65,-0.06,-0.6,0.0,386.82,387.42,,SSW,,14.27,101248.69,100881.74,
026HI,2024-01-16T07:20:00Z,87600.0,14.328,100.0,2.613,204.1,5.942,0.03,,,,,0.0,70.5,,13.13,-0.23,-0.07,-0.16,0.1,387.39,387.56,,SSW,,14.33,101248.69,100879.0,
026HI,2024-01-16T07:25:00Z,87600.0,14.439,100.0,2.629,207.6,5.721,0.08,,,,,0.0,70.5,,13.13,-0.22,-0.06,-0.16,0.14,387.98,388.14,,SSW,,14.44,101248.69,100873.57,
026HI,2024-01-16T07:30:00Z,87600.0,14.389,100.0,2.603,207.9,6.832,0.0,,,,,0.0,70.5,,13.12,-0.5,-0.04,-0.45,0.0,387.63,388.08,,SSW,,14.39,101248.69,100876.01,
026HI,2024-01-16T07:35:00Z,87590.0,14.372,100.0,2.202,205.9,6.441,0.0,,,,,0.0,70.5,,13.12,-0.38,-0.05,-0.33,0.04,387.57,387.9,,SSW,,14.37,101237.13,100865.33,
026HI,2024-01-16T07:40:00Z,87600.0,14.389,100.0,3.4,203.5,6.832,0.02,,,,,0.0,70.5,,13.12,-0.33,-0.04,-0.29,0.06,387.73,388.02,,SSW,,14.39,101248.69,100876.01,
026HI,2024-01-16T07:45:00Z,87590.0,14.111,100.0,3.071,205.4,6.055,0.0,,,,,0.0,70.5,,13.12,-0.85,-0.02,-0.82,0.0,386.1,386.92,,SSW,,14.11,101237.13,100878.11,
026HI,2024-01-16T07:50:00Z,87590.0,14.139,100.0,2.901,207.0,6.106,0.0,,,,,0.0,70.5,,13.12,-0.32,-0.07,-0.25,0.05,386.36,386.61,,SSW,,14.14,101237.13,100876.74,
026HI,2024-01-16T07:55:00Z,87590.0,14.328,100.0,3.04,206.8,6.94,0.14,,,,,0.0,70.5,,13.12,-0.19,-0.06,-0.13,0.2,387.33,387.46,,SSW,,14.33,101237.13,100867.48,
026HI,2024-01-16T08:00:00Z,87590.0,14.261,100.0,2.819,211.0,6.441,0.0,,,,,0.0,70.5,,13.12,-0.86,-0.03,-0.83,0.0,386.67,387.5,,SSW,,14.26,101237.13,100870.76,
026HI,2024-01-16T08:05:00Z,87580.0,14.189,100.0,2.948,207.1,6.662,0.0,,,,,0.0,70.5,,13.12,-0.5,-0.04,-0.46,0.01,386.49,386.95,,SSW,,14.19,101225.58,100862.77,
026HI,2024-01-16T08:10:00Z,87580.0,13.978,100.0,2.696,207.4,5.551,0.0,,,,,0.0,70.5,,13.12,-1.2,-0.07,-1.13,0.0,385.1,386.23,,SSW,,13.98,101225.58,100873.12,
026HI,2024-01-16T08:15:00Z,87580.0,13.922,100.0,3.133,207.9,6.605,0.0,,,,,0.0,70.6,,13.12,-0.72,-0.08,-0.64,0.0,384.98,385.63,,SSW,,13.92,101225.58,100875.87,
026HI,2024-01-16T08:20:00Z,87570.0,14.05,100.0,3.236,209.9,6.554,0.06,,,,,0.0,70.5,,13.11,-0.51,-0.06,-0.45,0.12,385.78,386.24,,SSW,,14.05,101214.02,100858.07,
026HI,2024-01-16T08:25:00Z,87570.0,14.072,100.0,2.799,208.4,6.497,0.02,,,,,0.0,70.5,,13.11,-0.38,-0.05,-0.34,0.07,385.97,386.31,,SSW,,14.07,101214.02,100856.99,
026HI,2024-01-16T08:30:00Z,87570.0,14.072,100.0,2.922,208.3,6.333,0.0,,,,,0.0,70.6,,13.11,-0.41,-0.05,-0.36,0.01,386.01,386.37,,SSW,,14.07,101214.02,100856.99,
026HI,2024-01-16T08:35:00Z,87560.0,14.089,100.0,3.195,210.6,6.996,0.0,,,,,0.0,70.5,,13.11,-0.35,-0.04,-0.3,0.04,386.04,386.34,,SSW,,14.09,101202.46,100844.64,
026HI,2024-01-16T08:40:00Z,87560.0,14.2,100.0,2.984,217.1,7.11,0.08,,,,,0.0,70.6,,13.11,-0.25,-0.04,-0.22,0.12,386.69,386.91,,SW,,14.2,101202.46,100839.2,
026HI,2024-01-16T08:45:00Z,87560.0,14.172,100.0,3.164,213.3,7.994,0.0,,,,,0.0,70.6,,13.11,-0.43,-0.04,-0.39,0.0,386.5,386.89,,SSW,,14.17,101202.46,100840.57,
026HI,2024-01-16T08:50:00Z,87570.0,14.089,100.0,2.876,212.4,7.274,0.0,,,,,0.0,70.6,,13.11,-1.54,-0.05,-1.49,0.0,385.2,386.69,,SSW,,14.09,101214.02,100856.16,
026HI,2024-01-16T08:55:00Z,87560.0,13.989,100.0,2.742,218.4,5.664,0.0,,,,,0.0,70.5,,13.1,-0.21,-0.03,-0.18,0.0,385.72,385.89,,SW,,13.99,101202.46,100849.54,
026HI,2024-01-16T09:00:00Z,87560.0,14.1,100.0,3.375,216.1,6.662,0.06,,,,,0.0,70.5,,13.09,-0.81,-0.05,-0.76,0.11,385.71,386.48,,SW,,14.1,101202.46,100844.1,
026HI,2024-01-16T09:05:00Z,87560.0,14.05,100.0,2.901,219.0,5.664,0.0,,,,,0.0,70.6,,13.11,-0.08,-0.03,-0.05,0.0,386.07,386.12,,SW,,14.05,101202.46,100846.55,
026HI,2024-01-16T09:10:00Z,87560.0,14.161,100.0,2.634,219.9,7.552,0.0,,,,,0.0,70.5,,13.1,-0.61,-0.05,-0.57,0.05,386.22,386.79,,SW,,14.16,101202.46,100841.11,
026HI,2024-01-16T09:15:00Z,87560.0,13.85,100.0,2.433,218.0,6.276,0.0,,,,,0.0,70.5,,13.1,0.08,0.02,0.06,0.0,385.52,385.46,,SW,,13.85,101202.46,100856.36,
026HI,2024-01-16T09:20:00Z,87560.0,14.411,100.0,2.557,211.5,6.106,0.48,,,,,0.0,70.6,,13.1,0.09,-0.06,0.15,0.54,387.56,387.41,,SSW,,14.41,101202.46,100828.88,
026HI,2024-01-16T09:25:00Z,87570.0,14.45,100.0,2.603,222.4,6.163,0.11,,,,,0.0,70.5,,13.1,-0.23,-0.01,-0.21,0.13,388.02,388.24,,SW,,14.45,101214.02,100838.48,
026HI,2024-01-16T09:30:00Z,87560.0,14.172,100.0,2.665,217.0,5.443,0.0,,,,,0.0,70.5,,13.1,-1.04,-0.02,-1.02,0.0,386.18,387.19,,SW,,14.17,101202.46,100840.57,
026HI,2024-01-16T09:35:00Z,87560.0,14.222,100.0,2.418,212.8,4.944,0.03,,,,,0.0,70.5,,13.1,-0.2,-0.04,-0.16,0.06,386.83,386.99,,SSW,,14.22,101202.46,100838.12,
026HI,2024-01-16T09:40:00Z,87560.0,14.239,100.0,2.161,221.1,5.443,0.0,,,,,0.0,70.6,,13.1,-0.42,-0.04,-0.38,0.03,386.85,387.24,,SW,,14.24,101202.46,100837.29,
026HI,2024-01-16T09:45:00Z,87550.0,14.261,100.0,2.109,219.8,5.386,0.0,,,,,0.0,70.6,,13.1,-0.13,-0.03,-0.1,0.03,387.12,387.22,,SW,,14.26,101190.9,100824.7,
026HI,2024-01-16T09:50:00Z,87560.0,14.322,100.0,1.914,223.3,5.052,0.08,,,,,0.0,70.6,,13.1,-0.19,-0.02,-0.17,0.1,387.38,387.55,,SW,,14.32,101202.46,100833.23,
026HI,2024-01-16T09:55:00Z,87560.0,14.35,100.0,2.32,221.2,5.165,0.04,,,,,0.0,70.6,,13.09,-0.18,-0.02,-0.16,0.06,387.57,387.73,,SW,,14.35,101202.46,100831.86,
