# STATION: 027HI
# STATION NAME: Lalamilo
# LATITUDE: 20.0195
# LONGITUDE: -155.6771
# ELEVATION [ft]: 2631.0
# STATE: HI
Station_ID,Date_Time,pressure_set_1,air_temp_set_1,relative_humidity_set_1,wind_speed_set_1,wind_direction_set_1,wind_gust_set_1,solar_radiation_set_1,soil_temp_set_1,soil_temp_set_2,soil_temp_set_3,soil_temp_set_4,soil_temp_set_5,precip_accum_five_minute_set_1,soil_moisture_set_1,soil_moisture_set_2,soil_moisture_set_3,soil_moisture_set_4,volt_set_1,net_radiation_set_1,net_radiation_sw_set_1,net_radiation_lw_set_1,outgoing_radiation_sw_set_1,incoming_radiation_lw_set_1,outgoing_radiation_lw_set_1,wind_chill_set_1d,wind_cardinal_direction_set_1d,heat_index_set_1d,dew_point_temperature_set_1d,altimeter_set_1d,sea_level_pressure_set_1d,wet_bulb_temperature_set_1d
,,Pascals,Celsius,%,m/s,Degrees,m/s,W/m**2,Celsius,Celsius,Celsius,Celsius,Celsius,Millimeters,%,%,%,%,volts,W/m**2,W/m**2,W/m**2,W/m**2,W/m**2,W/m**2,Celsius,code,Celsius,Celsius,Pascals,Pascals,Celsius
027HI,2024-01-15T10:05:00Z,92220.0,12.139,98.9,0.057,50.68,0.664,0.0,17.361,18.1,19.672,,17.539,0.0,30.1,41.0,39.5,,12.96,-67.03,-4.63,-62.41,0.0,301.07,363.48,,NE,,11.97,101512.21,101426.1,
027HI,2024-01-15T10:10:00Z,92220.0,11.978,98.8,0.684,90.1,1.055,0.0,17.333,18.078,19.672,,17.528,0.0,30.1,41.0,39.5,,12.89,-65.15,-4.45,-60.7,0.0,301.69,362.39,,E,,11.79,101512.21,101431.51,
027HI,2024-01-15T10:15:00Z,92220.0,12.022,99.3,0.633,103.0,0.89,0.0,17.339,18.078,19.678,,17.528,0.0,30.1,41.0,39.5,,12.88,-65.19,-4.31,-60.87,0.08,302.2,363.08,,ESE,,11.91,101512.21,101430.03,
027HI,2024-01-15T10:20:00Z,92230.0,11.878,99.2,0.731,45.69,0.998,0.0,17.3,18.061,19.661,,17.5,0.0,30.1,41.0,39.5,,12.88,-65.72,-4.08,-61.64,0.0,302.26,363.91,,NE,,11.75,101523.21,101445.87,
027HI,2024-01-15T10:25:00Z,92220.0,11.85,99.3,0.165,46.3,0.664,0.0,17.267,18.05,19.678,,17.472,0.0,30.1,41.0,39.5,,12.88,-67.7,-4.57,-63.13,0.0,301.45,364.58,,NE,,11.74,101512.21,101435.81,
027HI,2024-01-15T10:30:00Z,92220.0,11.961,99.6,0.576,103.1,0.998,0.0,17.233,18.028,19.672,,17.461,0.0,30.1,41.0,39.5,,12.87,-67.14,-4.49,-62.65,0.0,301.52,364.18,,ESE,,11.9,101512.21,101432.08,
027HI,2024-01-15T10:35:00Z,92210.0,11.95,99.5,0.37,93.5,0.89,0.0,17.211,18.061,19.672,,17.439,0.0,30.1,41.0,39.5,,12.87,-66.1,-4.47,-61.62,0.0,301.35,362.97,,E,,11.87,101501.2,101421.45,
027HI,2024-01-15T10:40:00Z,92190.0,12.05,99.7,0.905,81.7,1.224,0.0,17.183,18.028,19.65,,17.4,0.0,30.1,41.0,39.5,,12.87,-66.38,-4.14,-62.24,0.0,301.86,364.1,,E,,12.0,101479.18,101396.09,
027HI,2024-01-15T10:45:00Z,92190.0,11.978,99.5,0.844,90.2,1.224,0.0,17.156,18.028,19.678,,17.378,0.0,30.1,41.0,39.5,,12.87,-67.18,-4.21,-62.97,0.0,301.2,364.17,,E,,11.9,101479.18,101398.51,
027HI,2024-01-15T10:50:00Z,92190.0,11.8,99.3,0.494,84.4,0.998,0.0,17.133,18.022,19.672,,17.372,0.0,30.1,41.0,39.5,,12.86,-67.38,-4.3,-63.08,0.0,300.5,363.58,,E,,11.69,101479.18,101404.5,
027HI,2024-01-15T10:55:00Z,92190.0,11.6,99.2,0.252,92.0,0.89,0.0,17.117,18.011,19.65,,17.328,0.0,30.1,41.0,39.5,,12.86,-66.74,-4.68,-62.06,0.0,300.89,362.95,,E,,11.48,101479.18,101411.23,
027HI,2024-01-15T11:00:00Z,92180.0,11.65,99.5,0.813,86.1,1.224,0.0,17.1,17.989,19.661,,17.361,0.0,30.1,41.0,39.5,,12.86,-65.66,-4.19,-61.47,0.0,300.87,362.35,,E,,11.57,101468.18,101398.54,
027HI,2024-01-15T11:05:00Z,92180.0,11.5,99.3,0.828,91.0,1.224,0.0,17.083,18.011,19.678,,17.328,0.0,30.1,41.0,39.5,,12.86,-66.0,-4.12,-61.88,0.0,300.29,362.17,,E,,11.39,101468.18,101403.6,
027HI,2024-01-15T11:10:00Z,92180.0,11.578,99.7,0.844,80.1,1.389,0.0,17.061,17.978,19.661,,17.272,0.0,30.1,41.0,39.5,,12.85,-67.98,-4.03,-63.95,0.0,300.24,364.19,,E,,11.53,101468.18,101400.97,
027HI,2024-01-15T11:15:00Z,92170.0,11.322,99.3,0.34,84.3,0.89,0.0,17.033,17.972,19.689,,17.278,0.0,30.1,41.0,39.5,,12.86,-68.33,-4.64,-63.7,0.0,299.2,362.89,,E,,11.21,101457.17,101398.6,
027HI,2024-01-15T11:20:00Z,92180.0,11.411,99.7,0.818,94.7,1.332,0.0,17.017,17.961,19.678,,17.239,0.0,30.1,41.0,39.5,,12.85,-67.94,-4.25,-63.68,0.0,300.0,363.68,,E,,11.37,101468.18,101406.6,
027HI,2024-01-15T11:25:00Z,92180.0,11.25,99.4,0.159,108.5,0.72,0.0,16.994,17.939,19.661,,17.228,0.0,30.1,41.0,39.5,,12.85,-66.75,-4.38,-62.37,0.0,299.67,362.04,,ESE,,11.16,101468.18,101412.03,
027HI,2024-01-15T11:30:00Z,92170.0,10.978,99.2,0.7,68.28,0.998,0.0,16.978,17.95,19.672,,17.2,0.0,30.1,41.0,39.5,,12.85,-66.09,-4.32,-61.77,0.0,299.23,,,ENE,,10.86,101457.17,101410.23,
027HI,2024-01-15T11:35:00Z,92170.0,10.928,99.4,0.55,110.9,1.332,0.0,16.961,17.928,19.672,,17.189,0.0,30.1,41.0,39.5,,12.84,-66.08,-4.37,-61.71,0.0,299.0,360.71,,ESE,,10.84,101457.17,101411.92,
027HI,2024-01-15T11:40:00Z,92170.0,10.7,99.3,0.453,59.19,1.055,0.0,16.95,17.939,19.672,,17.161,0.0,30.1,41.0,39.5,,12.84,-64.64,-4.4,-60.25,0.0,299.97,360.22,,ENE,,10.59,101457.17,101419.64,
027HI,2024-01-15T11:45:00Z,92180.0,10.839,99.7,0.972,90.5,1.332,0.0,16.928,17.922,19.65,,17.128,0.0,30.0,41.0,39.5,,12.84,-35.24,-2.66,-32.57,0.0,331.11,363.68,,E,,10.79,101468.18,101425.93,
027HI,2024-01-15T11:50:00Z,92170.0,10.939,99.9,0.957,81.7,1.224,0.0,16.889,17.911,19.672,,17.139,0.0,30.0,41.0,39.5,,12.84,-27.54,-1.88,-25.66,0.0,340.3,365.96,,E,,10.92,101457.17,101411.54,
027HI,2024-01-15T11:55:00Z,92180.0,10.922,99.8,0.319,76.31,0.941,0.0,16.856,17.9,19.672,,17.111,0.0,30.0,41.0,39.5,,12.84,3.67,-0.28,3.95,0.0,373.91,369.97,,ENE,,10.89,101468.18,101423.12,
027HI,2024-01-15T12:00:00Z,92180.0,11.189,100.0,1.055,82.1,1.389,0.0,16.817,17.889,19.65,,17.1,0.0,30.0,41.0,39.5,,12.83,4.38,-0.13,4.5,0.0,377.74,373.24,,E,,11.19,101468.18,101414.09,
027HI,2024-01-15T12:05:00Z,92180.0,11.372,100.0,0.72,83.6,0.998,0.0,16.783,17.878,19.661,,17.061,0.0,30.0,40.9,39.5,,12.83,1.64,-0.52,2.16,0.0,376.66,374.49,,E,,11.37,101468.18,101407.91,
027HI,2024-01-15T12:10:00Z,92190.0,11.511,100.0,0.88,113.7,1.276,0.0,16.756,17.878,19.672,,17.039,0.0,30.0,40.9,39.5,,12.83,6.86,-0.31,7.17,0.0,383.23,376.05,,ESE,,11.51,101479.18,101414.22,
027HI,2024-01-15T12:15:00Z,92180.0,11.661,100.0,0.782,92.4,1.61,0.0,16.739,17.878,19.65,,17.022,0.0,30.0,40.9,39.5,,12.83,6.42,-0.45,6.88,0.0,383.84,376.97,,E,,11.66,101468.18,101398.17,
027HI,2024-01-15T12:20:00Z,92170.0,11.811,100.0,0.689,107.2,1.332,0.0,16.728,17.839,19.661,,17.011,0.0,30.0,40.9,39.5,,12.87,5.62,-0.53,6.15,0.0,383.94,377.79,,ESE,,11.81,101457.17,101382.12,
027HI,2024-01-15T12:25:00Z,92170.0,11.872,99.9,0.622,121.8,1.055,0.0,16.689,17.839,19.672,,16.989,0.0,30.0,40.9,39.5,,12.89,4.0,-0.66,4.66,0.0,382.75,378.1,,ESE,,11.86,101457.17,101380.07,
027HI,2024-01-15T12:30:00Z,92160.0,11.9,99.7,0.638,72.99,1.497,0.0,16.689,17.828,19.661,,16.961,0.0,30.0,40.9,39.5,,12.83,4.22,-0.88,5.09,0.0,382.62,377.53,,ENE,,11.85,101446.16,101368.13,
027HI,2024-01-15T12:35:00Z,92160.0,11.989,99.6,0.437,102.9,1.497,0.0,16.722,17.839,19.622,,16.961,0.0,30.0,40.9,39.5,,12.82,3.58,-1.02,4.6,0.0,382.94,378.34,,ESE,,11.93,101446.16,101365.14,
027HI,2024-01-15T12:40:00Z,92150.0,12.05,99.5,0.268,107.7,0.89,0.0,16.717,17.778,19.661,,16.922,0.0,30.0,40.9,39.5,,12.86,3.09,-0.96,4.05,0.0,383.1,379.05,,ESE,,11.97,101435.15,101352.1,
027HI,2024-01-15T12:45:00Z,92150.0,12.139,99.5,0.453,104.1,1.055,0.0,16.683,17.811,19.65,,16.922,0.0,30.0,40.9,39.5,,12.89,1.45,-1.05,2.5,0.0,382.03,379.53,,ESE,,12.06,101435.15,101349.11,
027HI,2024-01-15T12:50:00Z,92140.0,12.261,99.5,0.499,85.5,1.111,0.0,16.683,17.778,19.65,,16.9,0.0,30.0,40.9,39.5,,12.82,1.48,-1.08,2.56,0.0,381.56,378.99,,E,,12.18,101424.15,101334.02,
027HI,2024-01-15T12:55:00Z,92140.0,12.339,99.5,0.0,,0.0,0.0,16.717,17.778,19.661,,16.889,0.0,30.0,40.9,39.5,,12.82,-2.26,-1.14,-1.13,0.0,378.86,379.98,,,,12.26,101424.15,101331.41,
027HI,2024-01-15T13:00:00Z,92130.0,12.422,99.4,0.123,73.13,0.941,0.0,16.711,17.75,19.639,,16.861,0.0,30.0,40.9,39.5,,12.85,-6.33,-1.55,-4.78,0.0,375.69,380.47,,ENE,,12.33,101413.14,101317.63,
027HI,2024-01-15T13:05:00Z,92130.0,12.511,99.3,0.504,80.3,1.667,0.0,16.672,17.772,19.65,,16.839,0.0,30.0,40.9,39.5,,12.88,-6.15,-1.76,-4.39,0.0,376.24,380.63,,E,,12.4,101413.14,101314.65,
027HI,2024-01-15T13:10:00Z,92130.0,12.528,98.9,0.37,90.4,1.276,0.0,16.672,17.761,19.672,,16.839,0.0,30.0,40.9,39.5,,12.81,-4.86,-1.79,-3.07,0.0,376.49,379.56,,E,,12.36,101413.14,101314.09,
027HI,2024-01-15T13:15:00Z,92130.0,12.589,99.0,0.0,,0.0,0.0,16.706,17.761,19.639,,16.839,0.0,30.0,40.9,39.5,,12.81,-6.38,-1.65,-4.73,0.0,375.89,380.62,,,,12.43,101413.14,101312.05,
027HI,2024-01-15T13:20:00Z,92140.0,12.628,99.0,0.0,,0.0,0.0,16.706,17.728,19.65,,16.828,0.0,30.0,40.9,39.5,,12.84,-22.86,-2.23,-20.63,0.0,359.31,379.94,,,,12.47,101424.15,101321.74,
027HI,2024-01-15T13:25:00Z,92130.0,12.65,99.0,0.0,,0.0,0.0,16.672,17.7,19.628,,16.8,0.0,30.0,40.9,39.5,,12.87,-49.15,-3.81,-45.34,0.0,331.73,377.07,,,,12.5,101413.14,101310.01,
027HI,2024-01-15T13:30:00Z,92140.0,12.522,98.7,0.283,146.9,1.111,0.0,16.694,17.739,19.661,,16.789,0.0,30.0,40.9,39.5,,12.81,-27.85,-3.3,-24.55,0.0,350.8,375.35,,SSE,,12.32,101424.15,101325.29,
027HI,2024-01-15T13:35:00Z,92140.0,12.539,99.1,0.581,133.6,1.055,0.0,16.744,17.728,19.639,,16.789,0.0,30.0,40.9,39.5,,12.8,-31.43,-2.8,-28.63,0.0,348.32,376.95,,SE,,12.4,101424.15,101324.72,
027HI,2024-01-15T13:40:00Z,92140.0,12.6,99.2,0.453,100.9,0.941,0.0,16.739,17.711,19.661,,16.772,0.0,30.0,40.9,39.5,,12.8,-35.6,-3.23,-32.36,0.0,344.18,376.55,,E,,12.48,101424.15,101322.68,
027HI,2024-01-15T13:45:00Z,92150.0,12.478,99.0,0.334,118.5,0.833,0.0,16.722,17.678,19.661,,16.778,0.0,30.0,40.9,39.5,,12.83,-32.12,-2.71,-29.41,0.0,347.4,376.81,,ESE,,12.32,101435.15,101337.76,
027HI,2024-01-15T13:50:00Z,92160.0,12.411,99.1,0.782,77.96,1.332,0.0,16.689,17.689,19.65,,16.778,0.0,30.0,40.9,39.5,,12.86,-35.91,-3.14,-32.77,0.0,343.33,376.1,,ENE,,12.27,101446.16,101350.99,
027HI,2024-01-15T13:55:00Z,92160.0,12.4,99.3,0.731,100.3,1.111,0.0,16.689,17.65,19.661,,16.739,0.0,30.0,40.9,39.5,,12.8,-26.45,-2.34,-24.1,0.0,351.78,375.88,,E,,12.29,101446.16,101351.36,
027HI,2024-01-15T14:00:00Z,92160.0,12.439,99.4,0.653,96.2,0.998,0.0,16.717,17.661,19.65,,16.75,0.0,30.0,40.9,39.5,,12.79,-29.01,-2.49,-26.52,0.0,349.74,376.26,,E,,12.35,101446.16,101350.05,
027HI,2024-01-15T14:05:00Z,92160.0,12.561,99.6,0.509,110.4,1.332,0.0,16.706,17.661,19.672,,16.75,0.0,30.0,40.9,39.5,,12.79,-31.15,-2.59,-28.57,0.0,348.14,376.71,,ESE,,12.5,101446.16,101345.97,
027HI,2024-01-15T14:10:00Z,92160.0,12.6,99.5,0.108,79.1,0.664,0.0,16.7,17.678,19.639,,16.678,0.0,30.0,40.9,39.5,,12.79,-28.44,-2.55,-25.89,0.0,351.0,376.89,,E,,12.52,101446.16,101344.67,
027HI,2024-01-15T14:15:00Z,92160.0,12.622,99.4,0.504,104.3,0.833,0.0,16.689,17.628,19.65,,16.7,0.0,30.0,40.9,39.5,,12.78,-27.46,-2.51,-24.95,0.0,352.09,377.04,,ESE,,12.53,101446.16,101343.93,
027HI,2024-01-15T14:20:00Z,92160.0,12.628,99.3,0.067,90.0,0.664,0.0,16.689,17.672,19.628,,16.722,0.0,30.0,40.9,39.5,,12.82,-38.52,-3.1,-35.42,0.0,340.63,376.04,,E,,12.52,101446.16,101343.73,
027HI,2024-01-15T14:25:00Z,92170.0,12.65,99.3,0.376,126.2,0.941,0.0,16.656,17.672,19.661,,16.728,0.0,30.0,40.9,39.5,,12.85,-36.72,-3.07,-33.65,0.0,341.89,375.54,,SE,,12.54,101457.17,101353.99,
027HI,2024-01-15T14:30:00Z,92170.0,12.589,99.2,0.694,89.2,1.168,0.0,16.661,17.628,19.639,,16.689,0.0,30.0,40.9,39.5,,12.78,-31.34,-2.79,-28.54,0.0,346.39,374.93,,E,,12.47,101457.17,101356.03,
027HI,2024-01-15T14:35:00Z,92160.0,12.572,99.2,0.813,98.0,1.111,0.0,16.689,17.628,19.65,,16.7,0.0,30.0,40.9,39.5,,12.77,-30.45,-2.75,-27.71,0.0,348.41,376.12,,E,,12.45,101446.16,101345.61,
027HI,2024-01-15T14:40:00Z,92160.0,12.6,99.2,0.489,106.9,0.941,0.0,16.672,17.611,19.65,,16.639,0.0,30.0,40.9,39.5,,12.77,-24.34,-2.5,-21.84,0.0,354.97,376.81,,ESE,,12.48,101446.16,101344.67,
027HI,2024-01-15T14:45:00Z,92160.0,12.622,99.2,0.741,98.9,1.224,0.0,16.661,17.611,19.639,,16.672,0.0,30.0,40.9,39.5,,12.77,-36.49,-2.88,-33.61,0.0,342.66,376.27,,E,,12.5,101446.16,101343.93,
027HI,2024-01-15T14:50:00Z,92160.0,12.578,98.9,0.998,94.0,1.332,0.0,16.656,17.578,19.639,,16.678,0.0,30.0,40.9,39.5,,12.77,-48.24,-3.69,-44.56,0.0,330.37,374.92,,E,,12.41,101446.16,101345.41,
027HI,2024-01-15T14:55:00Z,92170.0,12.428,98.5,0.468,80.6,0.941,0.0,16.65,17.589,19.639,,16.678,0.0,30.0,40.9,39.5,,12.8,-47.59,-4.13,-43.46,0.0,329.9,373.36,,E,,12.2,101457.17,101361.43,
027HI,2024-01-15T15:00:00Z,92160.0,12.361,98.5,0.808,82.7,0.941,0.0,16.617,17.561,19.65,,16.639,0.0,30.0,40.9,39.5,,12.83,-58.04,-4.42,-53.62,0.0,318.01,371.63,,E,,12.13,101446.16,101352.67,
027HI,2024-01-15T15:05:00Z,92160.0,12.172,98.2,0.911,102.1,1.332,0.0,16.622,17.578,19.65,,16.65,0.0,30.0,40.9,39.5,,12.77,-54.93,-4.5,-50.44,0.0,319.27,369.7,,ESE,,11.89,101446.16,101359.01,
027HI,2024-01-15T15:10:00Z,92170.0,11.811,97.9,0.381,88.4,1.055,0.0,16.656,17.55,19.661,,16.639,0.0,30.0,40.9,39.5,,12.76,-64.12,-5.18,-58.94,0.0,309.41,368.35,,E,,11.49,101457.17,101382.14,
027HI,2024-01-15T15:15:00Z,92170.0,11.478,97.8,0.808,102.5,1.111,0.0,16.656,17.578,19.65,,16.639,0.0,30.0,40.9,39.5,,12.76,-61.23,-5.13,-56.1,0.0,311.17,367.27,,ESE,,11.14,101457.17,101393.35,
027HI,2024-01-15T15:20:00Z,92170.0,11.25,98.1,0.828,77.92,1.332,0.0,16.65,17.55,19.628,,16.628,0.0,30.0,40.9,39.5,,12.76,-52.12,-4.34,-47.78,0.0,319.67,367.45,,ENE,,10.96,101457.17,101401.04,
027HI,2024-01-15T15:25:00Z,92170.0,11.161,98.5,0.952,83.1,1.276,0.0,16.639,17.578,19.639,,16.611,0.0,30.0,40.9,39.5,,12.76,-66.8,-4.69,-62.11,0.0,304.59,366.7,,E,,10.93,101457.17,101404.04,
027HI,2024-01-15T15:30:00Z,92170.0,11.061,98.7,0.859,91.0,1.224,0.0,16.617,17.528,19.65,,16.622,0.0,29.9,40.9,39.5,,12.75,-69.51,-4.85,-64.66,0.0,300.61,365.26,,E,,10.86,101457.17,101407.42,
027HI,2024-01-15T15:35:00Z,92170.0,10.922,98.8,0.875,86.8,1.111,0.0,16.6,17.539,19.65,,16.589,0.0,29.9,40.9,39.5,,12.75,-66.68,-4.64,-62.04,0.0,302.4,364.44,,E,,10.74,101457.17,101412.13,
027HI,2024-01-15T15:40:00Z,92160.0,10.811,99.0,1.121,85.6,1.497,0.0,16.583,17.539,19.639,,16.589,0.0,29.9,40.9,39.5,,12.75,-68.21,-4.5,-63.71,0.0,300.6,364.31,,E,,10.66,101446.16,101404.88,
027HI,2024-01-15T15:45:00Z,92170.0,10.778,99.2,0.941,89.5,1.224,0.0,16.567,17.539,19.65,,16.6,0.0,29.9,40.8,39.5,,12.75,-71.34,-4.71,-66.63,0.0,296.97,363.61,,E,,10.66,101457.17,101417.0,
027HI,2024-01-15T15:50:00Z,92170.0,10.739,99.4,0.905,99.7,1.276,0.0,16.55,17.528,19.661,,16.589,0.0,29.9,40.8,39.5,,12.75,-70.94,-4.56,-66.38,0.0,296.65,363.03,,E,,10.65,101457.17,101418.32,
027HI,2024-01-15T15:55:00Z,92160.0,10.6,99.3,0.89,96.9,1.389,0.0,16.533,17.55,19.639,,16.578,0.0,29.9,40.8,39.5,,12.74,-69.84,-4.52,-65.32,0.0,296.54,361.86,,E,,10.49,101446.16,101412.03,
027HI,2024-01-15T16:00:00Z,92160.0,10.6,99.6,0.952,83.0,1.389,0.0,16.517,17.522,19.65,,16.55,0.0,29.9,40.8,39.5,,12.74,-69.82,-4.42,-65.39,0.0,296.28,361.67,,E,,10.54,101446.16,101412.03,
027HI,2024-01-15T16:05:00Z,92160.0,10.589,99.7,0.89,77.93,1.332,0.0,16.494,17.5,19.622,,16.572,0.0,29.9,40.8,39.5,,12.74,-70.04,-4.51,-65.52,0.0,295.73,361.25,,ENE,,10.54,101446.16,101412.4,
027HI,2024-01-15T16:10:00Z,92160.0,10.55,99.8,1.085,82.3,1.389,0.0,16.478,17.5,19.639,,16.55,0.0,29.9,40.8,39.5,,12.74,-70.81,-4.39,-66.42,0.0,295.32,361.74,,E,,10.52,101446.16,101413.72,
027HI,2024-01-15T16:15:00Z,92160.0,10.589,99.9,1.157,83.8,1.554,0.0,16.456,17.511,19.65,,16.539,0.0,29.9,40.8,39.5,,12.73,-71.29,-4.21,-67.07,0.0,294.99,362.06,,E,,10.57,101446.16,101412.4,
027HI,2024-01-15T16:20:00Z,92160.0,10.65,100.0,1.096,85.7,1.667,0.0,16.428,17.489,19.639,,16.539,0.0,29.9,40.8,39.5,,12.73,-71.84,-4.19,-67.65,0.0,294.46,362.11,,E,,10.65,101446.16,101410.33,
027HI,2024-01-15T16:25:00Z,92160.0,10.589,100.0,0.9,78.06,1.446,0.0,16.406,17.478,19.65,,16.522,0.0,29.9,40.8,39.5,,12.73,-71.06,-4.42,-66.64,0.0,294.23,360.87,,ENE,,10.59,101446.16,101412.4,
027HI,2024-01-15T16:30:00Z,92160.0,10.461,99.9,0.787,83.8,1.055,0.0,16.389,17.439,19.639,,16.489,0.0,29.9,40.8,39.5,,12.73,-70.02,-4.51,-65.51,0.0,294.08,359.59,,E,,10.45,101446.16,101416.74,
027HI,2024-01-15T16:35:00Z,92160.0,10.339,99.9,0.911,87.1,1.168,0.0,16.378,17.461,19.639,,16.478,0.0,29.9,40.8,39.5,,12.73,-69.34,-4.39,-64.95,0.0,293.75,358.7,,E,,10.32,101446.16,101420.89,
027HI,2024-01-15T16:40:00Z,92160.0,10.322,100.0,1.044,84.2,1.332,0.0,16.367,17.472,19.65,,16.45,0.0,29.9,40.8,39.5,,12.73,-69.54,-4.23,-65.31,0.0,293.42,358.73,,E,,10.32,101446.16,101421.47,
027HI,2024-01-15T16:45:00Z,92150.0,10.239,100.0,1.07,84.7,1.446,0.0,16.35,17.439,19.628,,16.428,0.0,29.9,40.8,39.5,,12.73,-70.49,-4.06,-66.42,0.0,292.99,359.41,,E,,10.24,101435.15,101413.28,
027HI,2024-01-15T16:50:00Z,92150.0,10.261,100.0,1.013,90.8,1.497,0.0,16.333,17.439,19.639,,16.428,0.0,29.9,40.8,39.5,,12.72,-70.54,-3.67,-66.87,0.0,292.86,359.74,,E,,10.26,101435.15,101412.53,
027HI,2024-01-15T16:55:00Z,92150.0,10.161,100.0,0.875,104.3,1.168,0.0,16.311,17.428,19.639,,16.439,0.0,29.9,40.8,39.5,,12.72,-68.54,-2.91,-65.64,0.0,293.15,358.79,,ESE,,10.16,101435.15,101415.94,
027HI,2024-01-15T17:00:00Z,92140.0,10.078,100.0,0.89,94.2,1.389,0.0,16.294,17.45,19.65,,16.428,0.0,29.9,40.8,39.5,,12.72,-66.58,-1.26,-65.32,0.0,292.96,358.28,,E,,10.08,101424.15,101407.76,
027HI,2024-01-15T17:05:00Z,92140.0,10.028,100.0,1.111,84.4,1.554,1.21,16.278,17.422,19.639,,16.422,0.0,29.9,40.8,39.5,,12.72,-65.34,0.79,-66.13,0.42,292.84,358.97,,E,,10.03,101424.15,101409.46,
027HI,2024-01-15T17:10:00Z,92140.0,10.011,100.0,0.89,99.9,1.332,3.85,16.261,17.428,19.639,,16.378,0.0,29.9,40.8,39.5,,12.72,-62.76,3.25,-66.01,0.6,292.72,358.73,,E,,10.01,101424.15,101410.04,
027HI,2024-01-15T17:15:00Z,92140.0,9.861,100.0,0.875,87.5,1.168,6.58,16.244,17.439,19.628,,16.389,0.0,29.9,40.8,39.5,,12.72,-59.55,6.11,-65.65,0.47,292.71,358.37,,E,,9.86,101424.15,101415.15,
027HI,2024-01-15T17:20:00Z,92140.0,9.761,100.0,1.07,91.4,1.554,10.48,16.233,17.422,19.628,,16.378,0.0,29.9,40.8,39.5,,12.72,-57.16,9.43,-66.6,1.04,292.32,358.91,,E,,9.76,101424.15,101418.56,
027HI,2024-01-15T17:25:00Z,92140.0,9.728,100.0,0.926,91.6,1.446,14.0,16.211,17.422,19.639,,16.339,0.0,29.9,40.8,39.5,,12.72,-54.56,12.52,-67.08,1.48,292.13,359.21,,E,,9.73,101424.15,101419.69,
027HI,2024-01-15T17:30:00Z,92140.0,9.789,100.0,0.859,88.4,1.055,18.42,16.194,17.4,19.65,,16.361,0.0,29.9,40.8,39.5,,12.72,-49.66,16.54,-66.2,1.88,292.39,358.58,,E,,9.79,101424.15,101417.61,
027HI,2024-01-15T17:35:00Z,92140.0,9.728,100.0,0.875,97.5,1.111,23.86,16.178,17.372,19.639,,16.328,0.0,29.9,40.8,39.5,,12.73,-44.46,21.41,-65.87,2.45,292.65,358.52,,E,,9.73,101424.15,101419.69,
027HI,2024-01-15T17:40:00Z,92150.0,9.728,100.0,0.977,66.8,1.332,42.25,16.156,17.372,19.65,,16.311,0.0,29.9,40.8,39.5,,12.75,-31.18,35.8,-66.98,6.45,292.43,359.42,,ENE,,9.73,101435.15,101430.69,
027HI,2024-01-15T17:45:00Z,92160.0,9.972,100.0,0.962,89.5,1.389,70.39,16.128,17.389,19.622,,16.3,0.0,29.9,40.8,39.5,,12.81,-15.82,53.31,-69.14,17.07,292.63,361.77,,E,,9.97,101446.16,101433.38,
027HI,2024-01-15T17:50:00Z,92160.0,10.15,100.0,0.736,80.4,1.111,96.58,16.061,17.322,19.65,,16.322,0.0,29.9,40.8,39.5,,12.93,-2.08,70.16,-72.24,26.42,292.53,364.77,,E,,10.15,101446.16,101427.32,
027HI,2024-01-15T17:55:00Z,92170.0,10.322,100.0,0.792,79.19,0.998,138.05,16.0,17.322,19.65,,16.278,0.0,29.9,40.8,39.5,,12.96,29.52,104.81,-75.29,33.24,292.02,367.32,,E,,10.32,101457.17,101432.47,
027HI,2024-01-15T18:00:00Z,92180.0,10.711,100.0,0.751,103.4,0.998,188.33,16.017,17.35,19.622,,16.239,0.0,29.9,40.8,39.5,,12.95,73.6,150.44,-76.84,37.89,293.65,370.48,,ESE,,10.71,101468.18,101430.27,
027HI,2024-01-15T18:05:00Z,92190.0,11.328,100.0,0.381,123.7,0.833,240.6,15.994,17.35,19.639,,16.228,0.0,29.9,40.8,39.5,,13.07,118.66,198.92,-80.26,41.68,294.32,374.58,,ESE,,11.33,101479.18,101420.4,
027HI,2024-01-15T18:10:00Z,92200.0,11.811,98.3,0.854,100.5,1.446,287.71,15.944,17.339,19.628,,16.228,0.0,29.9,40.8,39.5,,13.17,160.63,242.28,-81.64,45.44,295.57,377.21,,E,,11.55,101490.19,101415.13,
027HI,2024-01-15T18:15:00Z,92200.0,12.389,94.8,0.936,118.0,1.389,323.28,15.939,17.35,19.65,,16.189,0.0,29.9,40.8,39.5,,13.26,190.61,273.62,-83.0,49.67,296.67,379.67,,ESE,,11.57,101490.19,101395.75,
027HI,2024-01-15T18:20:00Z,92200.0,13.05,92.2,0.797,111.4,1.554,344.19,15.939,17.328,19.622,,16.178,0.0,29.9,40.8,39.5,,13.33,205.19,290.4,-85.21,53.79,297.41,382.62,,ESE,,11.8,101490.19,101373.68,
027HI,2024-01-15T18:25:00Z,92200.0,13.689,90.7,0.669,83.3,1.389,351.95,15.933,17.3,19.622,,16.189,0.0,29.9,40.8,39.5,,13.39,206.82,294.32,-87.5,57.63,298.74,386.24,,E,,12.18,101490.19,101352.44,
027HI,2024-01-15T18:30:00Z,92200.0,14.2,89.4,0.448,86.1,1.111,350.03,15.933,17.322,19.65,,16.172,0.0,29.9,40.8,39.5,,13.45,199.4,289.02,-89.61,61.01,299.44,389.05,,E,,12.46,101490.19,101335.52,
027HI,2024-01-15T18:35:00Z,92200.0,14.661,86.3,0.803,85.0,1.667,344.46,15.939,17.3,19.628,,16.172,0.0,29.9,40.8,39.5,,13.49,189.84,280.24,-90.4,64.23,300.22,390.62,,E,,12.38,101490.19,101320.33,
027HI,2024-01-15T18:40:00Z,92210.0,14.839,85.3,0.756,85.4,1.554,338.69,15.95,17.289,19.639,,16.161,0.0,29.9,40.8,39.5,,13.53,180.04,271.43,-91.39,67.27,301.01,392.4,,E,,12.37,101501.2,101325.46,
027HI,2024-01-15T18:45:00Z,92210.0,15.211,85.0,0.88,86.7,1.497,339.27,15.972,17.278,19.639,,16.161,0.0,29.9,40.8,39.5,,13.56,175.11,268.41,-93.3,70.86,302.0,395.3,,E,,12.68,101501.2,101313.24,
027HI,2024-01-15T18:50:00Z,92200.0,15.578,84.6,0.761,97.9,1.446,345.06,15.989,17.278,19.622,,16.139,0.0,29.9,40.8,39.5,,13.59,175.67,270.91,-95.24,74.15,302.96,398.2,,E,,12.97,101490.19,101290.22,
027HI,2024-01-15T18:55:00Z,92200.0,16.011,84.0,0.669,92.7,1.111,362.84,16.011,17.289,19.639,,16.111,0.0,29.9,40.8,39.5,,13.63,187.97,285.38,-97.41,77.46,303.99,401.4,,E,,13.29,101490.19,101276.07,
027HI,2024-01-15T19:00:00Z,92200.0,16.528,83.4,0.149,99.6,0.777,386.04,16.028,17.272,19.65,,16.15,0.0,29.9,40.8,39.5,,13.66,205.72,305.4,-99.68,80.65,305.36,405.04,,E,,13.68,101490.19,101259.23,
027HI,2024-01-15T19:05:00Z,92200.0,17.139,79.9,0.221,136.5,0.833,405.69,16.05,17.25,19.611,,16.111,0.0,29.9,40.7,39.5,,13.68,220.97,322.15,-101.19,83.53,306.62,407.81,,SE,,13.61,101490.19,101239.44,
027HI,2024-01-15T19:10:00Z,92200.0,17.789,80.6,0.046,148.0,0.499,427.83,16.072,17.222,19.622,,16.061,0.0,29.9,40.7,39.5,,13.71,237.62,341.27,-103.66,86.56,307.74,411.4,,SSE,,14.38,101490.19,101218.43,
027HI,2024-01-15T19:15:00Z,92190.0,18.35,77.76,0.0,,0.0,450.21,16.094,17.25,19.628,,16.078,0.0,29.9,40.7,39.5,,13.75,256.44,361.5,-105.06,88.71,308.44,413.5,,,,14.37,101479.18,101189.44,
027HI,2024-01-15T19:20:00Z,92190.0,18.411,77.04,0.201,271.1,1.111,471.49,16.111,17.222,19.611,,16.089,0.0,29.9,40.7,39.5,,13.71,275.27,381.06,-105.79,90.43,309.55,415.35,,W,,14.29,101479.18,101187.49,
027HI,2024-01-15T19:25:00Z,92190.0,18.072,77.75,0.875,218.4,1.61,492.72,16.139,17.25,19.639,,16.078,0.0,29.9,40.7,39.5,,13.7,294.65,399.93,-105.28,92.79,311.18,416.46,,SW,,14.1,101479.18,101198.37,
027HI,2024-01-15T19:30:00Z,92190.0,18.072,78.72,0.376,296.7,1.276,512.77,16.167,17.211,19.628,,16.111,0.0,29.9,40.7,39.5,,13.71,310.15,416.99,-106.84,95.78,311.7,418.54,,WNW,,14.29,101479.18,101198.36,
027HI,2024-01-15T19:35:00Z,92190.0,18.522,79.83,0.417,230.1,2.279,531.1,16.2,17.211,19.639,,16.078,0.0,29.9,40.7,39.5,,13.71,324.03,432.81,-108.78,98.29,312.58,421.36,,SW,,14.95,101479.18,101183.9,
027HI,2024-01-15T19:40:00Z,92190.0,18.522,78.85,0.792,253.8,3.056,548.47,16.233,17.222,19.628,,16.111,0.0,29.9,40.7,39.5,,13.71,339.8,448.19,-108.39,100.28,313.7,422.09,,WSW,,14.76,101479.18,101183.91,
027HI,2024-01-15T19:45:00Z,92190.0,18.678,78.86,0.658,229.7,2.053,565.2,16.272,17.211,19.611,,16.089,0.0,29.8,40.7,39.5,,13.7,351.47,461.81,-110.34,103.39,314.1,424.45,,SW,,14.91,101479.18,101178.91,
027HI,2024-01-15T19:50:00Z,92190.0,18.789,79.34,0.494,233.1,2.109,581.21,16.311,17.178,19.661,,16.111,0.0,29.8,40.7,39.5,,13.66,363.66,475.38,-111.72,105.82,315.02,426.74,,SW,,15.11,101479.18,101175.35,
027HI,2024-01-15T19:55:00Z,92180.0,19.022,78.67,0.509,253.3,1.723,597.11,16.35,17.211,19.622,,16.122,0.0,29.8,40.7,39.5,,13.69,376.12,489.02,-112.9,108.1,316.02,428.92,,WSW,,15.21,101468.18,101156.94,
027HI,2024-01-15T20:00:00Z,92180.0,19.272,78.83,1.034,232.7,2.829,613.8,16.394,17.178,19.639,,16.122,0.0,29.8,40.7,39.5,,13.69,389.42,502.67,-113.26,111.12,317.52,430.78,,SW,,15.48,101468.18,101148.96,
027HI,2024-01-15T20:05:00Z,92180.0,19.261,78.24,0.813,232.5,2.557,628.37,16.433,17.172,19.65,,16.139,0.0,29.8,40.7,39.5,,13.69,400.82,515.37,-114.55,113.0,317.78,432.32,,SW,,15.35,101468.18,101149.31,
027HI,2024-01-15T20:10:00Z,92180.0,19.378,78.65,1.312,227.5,2.608,642.55,16.472,17.178,19.611,,16.122,0.0,29.8,40.7,39.4,,13.68,411.95,527.22,-115.27,115.33,318.88,434.15,,SW,,15.55,101468.18,101145.58,
027HI,2024-01-15T20:15:00Z,92180.0,19.578,79.02,0.772,232.3,2.829,657.48,16.517,17.189,19.622,,16.15,0.0,29.8,40.7,39.4,,13.68,422.01,539.75,-117.74,117.72,318.83,436.57,,SW,,15.82,101468.18,101139.21,
027HI,2024-01-15T20:20:00Z,92180.0,19.711,77.6,1.348,239.9,3.112,670.74,16.561,17.211,19.639,,16.139,0.0,29.8,40.7,39.4,,13.68,433.99,551.6,-117.61,119.15,319.74,437.35,,WSW,,15.66,101468.18,101134.99,
027HI,2024-01-15T20:25:00Z,92170.0,19.85,77.03,0.658,304.3,2.279,683.85,16.606,17.178,19.611,,16.172,0.0,29.8,40.7,39.4,,13.67,443.18,563.15,-119.97,120.7,319.71,439.67,,NW,,15.68,101457.17,101119.61,
027HI,2024-01-15T20:30:00Z,92160.0,20.022,76.12,0.746,298.7,3.22,696.13,16.656,17.172,19.622,,16.2,0.0,29.8,40.7,39.4,,13.67,452.83,574.35,-121.52,121.78,320.55,442.07,,WNW,,15.66,101446.16,101103.19,
027HI,2024-01-15T20:35:00Z,92160.0,20.022,75.9,1.075,255.5,3.22,708.69,16.706,17.161,19.622,,16.189,0.0,29.8,40.7,39.4,,13.66,464.22,585.53,-121.3,123.16,321.22,442.52,,WSW,,15.62,101446.16,101103.2,
027HI,2024-01-15T20:40:00Z,92150.0,19.872,76.84,1.451,288.2,3.719,719.91,16.756,17.139,19.622,,16.222,0.0,29.8,40.7,39.4,,13.66,473.8,595.43,-121.64,124.47,321.76,443.4,,WNW,,15.66,101435.15,101096.97,
027HI,2024-01-15T20:45:00Z,92150.0,19.761,77.21,1.065,243.2,2.665,731.99,16.806,17.189,19.639,,16.228,0.0,29.8,40.7,39.4,,13.66,482.67,605.61,-122.94,126.38,321.55,444.5,,WSW,,15.63,101435.15,101100.49,
027HI,2024-01-15T20:50:00Z,92150.0,20.1,77.44,0.504,250.6,1.723,741.13,16.856,17.189,19.628,,16.228,0.0,29.8,40.7,39.4,,13.66,487.88,612.74,-124.87,128.39,322.29,447.16,,WSW,,16.01,101435.15,101089.73,
027HI,2024-01-15T20:55:00Z,92140.0,20.161,76.31,1.137,236.5,2.778,752.19,16.894,17.178,19.611,,16.272,0.0,29.8,40.7,39.4,,13.65,498.35,623.01,-124.66,129.18,323.18,447.84,,WSW,,15.84,101424.15,101076.84,
027HI,2024-01-15T21:00:00Z,92130.0,19.961,76.23,1.682,246.7,3.056,762.88,16.939,17.189,19.622,,16.278,0.0,29.8,40.7,39.4,,13.65,507.31,632.29,-124.98,130.59,323.35,448.33,,WSW,,15.63,101413.14,101072.21,
027HI,2024-01-15T21:05:00Z,92120.0,19.961,76.08,0.931,232.3,,769.97,16.994,17.178,19.611,,16.328,0.0,29.8,40.7,39.4,,13.66,511.41,638.05,-126.64,131.92,323.2,449.84,,SW,,15.59,101402.13,101061.25,
027HI,2024-01-15T21:10:00Z,92120.0,20.128,76.95,1.127,271.1,3.776,780.82,17.044,17.211,19.622,,16.35,0.0,29.7,40.7,39.4,,13.66,519.96,647.6,-127.63,133.22,324.07,451.7,,W,,15.94,101402.13,101055.94,
027HI,2024-01-15T21:15:00Z,92110.0,20.15,77.29,1.07,248.1,3.611,789.31,17.1,17.2,19.622,,16.389,0.0,29.7,40.7,39.4,,13.65,525.77,654.37,-128.61,134.94,324.2,452.8,,WSW,,16.03,101391.12,101044.27,
027HI,2024-01-15T21:20:00Z,92100.0,20.278,76.37,1.502,218.8,3.889,797.31,17.156,17.239,19.611,,16.389,0.0,29.7,40.7,39.4,,13.64,532.42,661.32,-128.9,135.99,324.45,453.35,,SW,,15.96,101380.12,101029.26,
027HI,2024-01-15T21:25:00Z,92090.0,20.0,77.0,1.785,225.4,3.442,805.79,17.211,17.228,19.611,,16.428,0.0,29.7,40.7,39.4,,13.65,540.07,668.58,-128.5,137.21,324.06,452.57,,SW,,15.82,101369.11,101027.09,
027HI,2024-01-15T21:30:00Z,92080.0,20.272,76.5,1.183,230.2,3.164,814.14,17.267,17.222,19.639,,16.428,0.0,29.7,40.7,39.4,,13.65,543.68,675.08,-131.4,139.07,324.15,455.55,,SW,,15.98,101358.1,101007.51,
027HI,2024-01-15T21:35:00Z,92070.0,20.311,75.99,1.343,231.3,5.222,820.09,17.328,17.228,19.611,,16.489,0.0,29.7,40.7,39.4,,13.65,548.65,680.34,-131.69,139.75,324.51,456.19,,SW,,15.92,101347.09,100995.31,
027HI,2024-01-15T21:40:00Z,92060.0,20.328,76.48,1.353,241.4,4.553,826.39,17.4,17.222,19.622,,16.522,0.0,29.7,40.7,39.4,,13.65,554.17,686.05,-131.88,140.34,324.85,456.73,,WSW,,16.03,101336.09,100983.8,
027HI,2024-01-15T21:45:00Z,92050.0,20.472,76.62,1.245,245.6,3.498,831.98,17.478,17.25,19.622,,16.55,0.0,29.7,40.7,39.4,,13.65,557.97,690.5,-132.53,141.48,325.41,457.95,,WSW,,16.2,101325.08,100968.28,
027HI,2024-01-15T21:50:00Z,92030.0,20.8,75.84,0.669,256.5,2.279,837.47,17.55,17.239,19.628,,16.572,0.0,29.7,40.7,39.4,,13.64,559.66,695.08,-135.42,142.38,326.46,461.88,,WSW,,16.36,101303.06,100936.01,
027HI,2024-01-15T21:55:00Z,92030.0,21.3,75.68,0.88,236.5,3.112,841.52,17.611,17.25,19.622,,16.611,0.0,29.6,40.6,39.4,,13.65,561.92,698.39,-136.46,143.13,327.77,464.23,,WSW,,16.81,101303.06,100920.29,
027HI,2024-01-15T22:00:00Z,92020.0,21.211,74.34,1.06,260.9,3.611,844.04,17.672,17.239,19.589,,16.672,0.0,29.6,40.6,39.4,,13.64,566.36,701.84,-135.48,142.21,327.58,463.06,,W,,16.44,101292.06,100912.13,
027HI,2024-01-15T22:05:00Z,92010.0,21.161,74.2,1.291,244.1,3.719,847.05,17.728,17.261,19.628,,16.689,0.0,29.6,40.6,39.4,,13.63,569.39,704.72,-135.33,142.33,327.88,463.21,,WSW,,16.36,101281.05,100902.74,
027HI,2024-01-15T22:10:00Z,92000.0,20.928,75.08,1.821,259.9,4.167,849.65,17.778,17.272,19.611,,16.728,0.0,29.6,40.6,39.4,,13.64,573.29,707.18,-133.89,142.47,328.43,462.32,,W,,16.32,101270.04,100899.08,
027HI,2024-01-15T22:15:00Z,91990.0,20.578,75.54,1.811,242.3,3.663,852.79,17.833,17.289,19.622,,16.761,0.0,29.6,40.6,39.4,,13.63,575.62,710.36,-134.74,142.43,327.46,462.2,,WSW,,16.08,101259.03,100899.13,
027HI,2024-01-15T22:20:00Z,91980.0,21.0,76.78,0.586,283.8,3.442,855.08,17.878,17.322,19.639,,16.789,0.0,29.6,40.6,39.4,,13.64,572.6,710.29,-137.68,144.79,328.38,466.06,,WNW,,16.75,101248.02,100874.86,
027HI,2024-01-15T22:25:00Z,91970.0,21.022,73.81,1.389,317.4,3.663,856.21,17.917,17.289,19.628,,16.839,0.0,29.6,40.6,39.4,,13.64,577.96,713.99,-136.04,142.21,328.09,464.13,,NW,,16.15,101237.02,100863.24,
027HI,2024-01-15T22:30:00Z,91960.0,20.861,75.83,1.338,231.0,3.334,856.63,17.967,17.339,19.611,,16.878,0.0,29.6,40.6,39.4,,13.64,577.24,713.72,-136.48,142.91,328.53,465.01,,SW,,16.42,101226.01,100857.31,
027HI,2024-01-15T22:35:00Z,91950.0,21.111,75.33,1.26,246.0,4.218,857.76,18.011,17.328,19.6,,16.922,0.0,29.6,40.6,39.4,,13.64,575.68,713.88,-138.2,143.88,327.99,466.2,,WSW,,16.55,101215.0,100838.49,
027HI,2024-01-15T22:40:00Z,91940.0,21.2,75.27,0.494,281.1,1.775,857.15,18.061,17.361,19.622,,16.961,0.0,29.5,40.6,39.4,,13.64,573.67,713.66,-140.0,143.48,327.82,467.81,,W,,16.63,101203.99,100824.73,
027HI,2024-01-15T22:45:00Z,91940.0,21.4,73.96,1.276,227.6,2.943,855.84,18.117,17.372,19.6,,17.0,0.0,29.5,40.6,39.4,,13.65,574.53,712.63,-138.1,143.21,328.53,466.63,,SW,,16.54,101203.99,100818.48,
027HI,2024-01-15T22:50:00Z,91930.0,21.139,74.86,0.803,250.1,2.166,852.99,18.183,17.378,19.6,,17.072,0.0,29.5,40.6,39.4,,13.65,572.62,710.72,-138.1,142.27,328.23,466.33,,WSW,,16.48,101192.99,100815.69,
027HI,2024-01-15T22:55:00Z,91920.0,21.322,76.24,0.736,238.9,3.997,852.31,18.256,17.35,19.589,,17.072,0.0,29.5,40.6,39.4,,13.63,570.08,709.43,-139.35,142.88,328.58,467.93,,WSW,,16.95,101181.98,100798.96,
027HI,2024-01-15T23:00:00Z,91910.0,21.328,75.53,1.245,235.5,3.663,850.33,18.311,17.428,19.611,,17.128,0.0,29.5,40.6,39.4,,13.63,570.45,707.95,-137.51,142.38,329.44,466.95,,SW,,16.81,101170.97,100787.82,
027HI,2024-01-15T23:05:00Z,91900.0,21.672,76.42,1.348,230.8,4.774,848.04,18.378,17.422,19.611,,17.172,0.0,29.5,40.6,39.4,,13.64,565.96,704.77,-138.8,143.27,329.48,468.29,,SW,,17.32,101159.96,100766.07,
027HI,2024-01-15T23:10:00Z,91900.0,21.322,75.26,1.26,253.3,4.218,843.87,18.444,17.372,19.622,,17.261,0.0,29.5,40.6,39.4,,13.64,565.3,702.23,-136.93,141.64,328.37,465.3,,WSW,,16.74,101159.96,100777.04,
027HI,2024-01-15T23:15:00Z,91880.0,21.172,75.47,1.399,242.0,4.944,840.81,18.522,17.45,19.611,,17.272,0.0,29.5,40.6,39.4,,13.64,562.38,699.75,-137.36,141.06,328.18,465.55,,WSW,,16.64,101137.95,100759.81,
027HI,2024-01-15T23:20:00Z,91880.0,21.35,76.35,1.399,243.5,3.164,836.31,18.594,17.472,19.622,,17.328,0.0,29.5,40.6,39.4,,13.64,557.24,695.02,-137.79,141.28,329.11,466.89,,WSW,,17.0,101137.95,100754.22,
027HI,2024-01-15T23:25:00Z,91870.0,21.389,75.08,0.993,266.3,3.776,831.13,18.661,17.511,19.578,,17.378,0.0,29.4,40.6,39.4,,13.64,553.01,691.44,-138.43,139.68,328.65,467.09,,W,,16.77,101126.94,100742.05,
027HI,2024-01-15T23:30:00Z,91860.0,21.65,75.07,1.446,237.0,4.275,825.89,18.728,17.489,19.622,,17.422,0.0,29.4,40.6,39.4,,13.64,549.5,686.63,-137.14,139.26,329.19,466.33,,WSW,,17.02,101115.93,100722.92,
027HI,2024-01-15T23:35:00Z,91860.0,21.361,75.31,1.95,231.4,4.218,819.06,18.794,17.5,19.589,,17.472,0.0,29.4,40.6,39.4,,13.63,546.31,681.54,-135.23,137.52,328.85,464.08,,SW,,16.79,101115.93,100731.96,
027HI,2024-01-15T23:40:00Z,91860.0,21.239,76.72,1.013,230.1,3.498,812.63,18.861,17.55,19.589,,17.522,0.0,29.4,40.6,39.4,,13.63,539.01,675.18,-136.17,137.44,328.34,464.51,,SW,,16.97,101115.93,100735.76,
027HI,2024-01-15T23:45:00Z,91860.0,21.261,74.94,1.523,301.6,4.218,805.63,18.917,17.522,19.589,,17.561,0.0,29.4,40.6,39.4,,13.63,535.14,670.25,-135.11,135.38,328.23,463.34,,WNW,,16.62,101115.93,100735.1,
027HI,2024-01-15T23:50:00Z,91860.0,21.039,76.56,1.6,232.6,3.555,797.95,18.967,17.561,19.589,,17.6,0.0,29.4,40.6,39.4,,13.63,528.76,663.53,-134.77,134.41,328.41,463.19,,SW,,16.74,101115.93,100742.04,
027HI,2024-01-15T23:55:00Z,91850.0,21.322,76.21,1.26,236.4,3.663,789.28,19.006,17.572,19.622,,17.622,0.0,29.4,40.6,39.4,,13.63,519.53,655.24,-135.71,134.03,328.6,464.31,,WSW,,16.94,101104.93,100722.2,
027HI,2024-01-16T00:00:00Z,91840.0,21.289,76.44,1.266,258.6,3.22,779.83,19.044,17.578,19.622,,17.689,0.0,29.4,40.6,39.4,,13.64,512.73,647.71,-134.98,132.12,328.91,463.89,,WSW,,16.96,101093.92,100712.27,
027HI,2024-01-16T00:05:00Z,91840.0,21.061,76.98,1.62,231.9,4.218,770.97,19.083,17.611,19.611,,17.7,0.0,29.4,40.5,39.4,,13.64,508.31,640.54,-132.23,130.43,328.84,461.07,,SW,,16.85,101093.92,100719.41,
027HI,2024-01-16T00:10:00Z,91840.0,21.05,77.18,0.823,273.9,3.277,760.7,19.122,17.622,19.628,,17.778,0.0,29.3,40.5,39.4,,13.64,497.95,631.21,-133.25,129.49,329.09,462.35,,W,,16.88,101093.92,100719.75,
027HI,2024-01-16T00:15:00Z,91840.0,21.089,76.59,1.286,264.4,3.611,750.19,19.161,17.628,19.622,,17.822,0.0,29.3,40.5,39.4,,13.63,491.53,622.6,-131.07,127.59,329.63,460.7,,W,,16.79,101093.92,100718.53,
027HI,2024-01-16T00:20:00Z,91830.0,21.161,75.83,1.518,237.8,3.776,739.74,19.189,17.65,19.6,,17.872,0.0,29.3,40.5,39.3,,13.63,482.58,613.42,-130.84,126.32,329.45,460.28,,WSW,,16.71,101082.91,100705.32,
027HI,2024-01-16T00:25:00Z,91830.0,21.25,76.32,1.255,232.2,3.611,728.35,19.222,17.672,19.611,,17.872,0.0,29.3,40.6,39.3,,13.63,472.11,603.23,-131.12,125.12,329.47,460.59,,SW,,16.89,101082.91,100702.52,
027HI,2024-01-16T00:30:00Z,91830.0,21.378,76.25,0.885,262.7,2.721,716.33,19.244,17.689,19.589,,17.922,0.0,29.3,40.6,39.3,,13.63,461.64,593.07,-131.42,123.26,329.31,460.73,,W,,17.0,101082.91,100698.52,
027HI,2024-01-16T00:35:00Z,91820.0,21.15,74.95,1.975,233.4,3.776,703.92,19.272,17.7,19.611,,17.989,0.0,29.3,40.6,39.3,,13.63,454.65,583.16,-128.51,120.76,329.52,458.03,,SW,,16.51,101071.9,100694.71,
027HI,2024-01-16T00:40:00Z,91820.0,21.1,74.84,2.3,227.4,4.054,692.71,19.306,17.7,19.578,,18.022,0.0,29.3,40.5,39.3,,13.63,446.3,572.8,-126.5,119.91,329.31,455.81,,SW,,16.44,101071.9,100696.28,
027HI,2024-01-16T00:45:00Z,91820.0,21.111,76.42,1.358,233.5,3.663,680.43,19.339,17.739,19.578,,18.039,0.0,29.3,40.5,39.3,,13.64,433.16,561.42,-128.26,119.01,329.26,457.53,,SW,,16.78,101071.9,100695.91,
027HI,2024-01-16T00:50:00Z,91820.0,21.472,75.7,0.7,269.8,2.222,664.71,19.356,17.761,19.6,,18.089,0.0,29.3,40.5,39.3,,13.62,419.31,547.86,-128.55,116.84,330.19,458.74,,W,,16.98,101071.9,100684.62,
027HI,2024-01-16T00:55:00Z,91810.0,21.75,74.01,0.535,324.4,2.608,650.44,19.367,17.778,19.611,,18.1,0.0,29.3,40.5,39.3,,13.62,407.89,536.23,-128.34,114.21,330.98,459.31,,NW,,16.89,101060.9,100664.99,
027HI,2024-01-16T01:00:00Z,91810.0,21.911,73.76,0.669,268.4,2.665,635.24,19.389,17.789,19.6,,18.161,0.0,29.3,40.5,39.3,,13.62,396.71,523.88,-127.17,111.36,332.22,459.39,,W,,16.99,101060.9,100659.97,
027HI,2024-01-16T01:05:00Z,91810.0,21.722,73.51,1.358,288.4,3.941,620.35,19.422,17.822,19.611,,18.222,0.0,29.3,40.5,39.3,,13.62,388.01,512.45,-124.44,107.91,332.76,457.2,,WNW,,16.76,101060.9,100665.87,
027HI,2024-01-16T01:10:00Z,91810.0,21.922,73.68,0.977,242.9,3.39,605.46,19.456,17.839,19.6,,18.239,0.0,29.3,40.5,39.3,,13.63,373.86,498.34,-124.48,107.12,332.77,457.25,,WSW,,16.99,101060.9,100659.62,
027HI,2024-01-16T01:15:00Z,91810.0,22.1,72.54,1.075,235.1,3.22,590.3,19.478,17.861,19.6,,18.278,0.0,29.3,40.5,39.3,,13.63,361.94,485.39,-123.45,104.91,333.04,456.49,,SW,,16.91,101060.9,100654.09,
027HI,2024-01-16T01:20:00Z,91810.0,22.039,74.21,1.322,231.9,4.887,574.48,19.494,17.878,19.611,,18.361,0.0,29.2,40.5,39.3,,13.63,350.54,471.78,-121.24,102.71,334.08,455.32,,SW,,17.21,101060.9,100655.97,
027HI,2024-01-16T01:25:00Z,91820.0,22.15,72.17,1.034,243.8,3.112,558.7,19.511,17.889,19.589,,18.389,0.0,29.2,40.5,39.3,,13.63,336.91,457.64,-120.72,101.06,334.0,454.72,,WSW,,16.88,101071.9,100663.51,
027HI,2024-01-16T01:30:00Z,91820.0,22.022,72.6,1.492,230.0,4.831,541.11,19.528,17.922,19.6,,18.4,0.0,29.2,40.5,39.3,,13.61,324.98,442.7,-117.72,98.4,334.35,452.07,,SW,,16.85,101071.9,100667.49,
027HI,2024-01-16T01:35:00Z,91820.0,21.911,73.86,1.24,228.9,3.833,524.32,19.544,17.922,19.611,,18.45,0.0,29.2,40.5,39.3,,13.61,311.49,428.75,-117.26,95.57,333.96,451.22,,SW,,17.02,101071.9,100670.93,
027HI,2024-01-16T01:40:00Z,91820.0,22.111,74.92,0.803,229.8,2.943,506.97,19.55,17.961,19.611,,18.428,0.0,29.2,40.5,39.3,,13.61,295.44,413.56,-118.11,93.42,334.52,452.63,,SW,,17.44,101071.9,100664.68,
027HI,2024-01-16T01:45:00Z,91820.0,22.339,74.1,0.983,230.8,4.496,489.07,19.561,17.95,19.589,,18.522,0.0,29.2,40.5,39.3,,13.61,281.75,398.25,-116.5,90.82,335.22,451.72,,SW,,17.48,101071.9,100657.6,
027HI,2024-01-16T01:50:00Z,91820.0,22.15,75.06,0.88,232.3,3.22,470.89,19.578,17.978,19.589,,18.572,0.0,29.2,40.5,39.3,,13.61,269.05,383.67,-114.61,87.22,335.4,450.02,,SW,,17.5,101071.9,100663.47,
027HI,2024-01-16T01:55:00Z,91830.0,22.011,75.33,0.607,226.7,2.943,452.32,19.594,18.011,19.589,,18.578,0.0,29.2,40.5,39.3,,13.61,255.47,368.24,-112.78,84.08,335.22,447.99,,SW,,17.43,101082.91,100678.76,
027HI,2024-01-16T02:00:00Z,91840.0,21.95,76.28,1.24,233.5,4.388,433.72,19.617,18.022,19.6,,18.65,0.0,29.2,40.5,39.3,,13.62,241.42,352.62,-111.2,81.1,336.18,447.37,,SW,,17.57,101093.92,100691.61,
027HI,2024-01-16T02:05:00Z,91850.0,21.628,78.08,0.854,232.5,3.22,414.93,19.639,18.028,19.589,,18.672,0.0,29.2,40.5,39.3,,13.61,228.27,337.36,-109.09,77.57,335.42,444.51,,SW,,17.62,101104.93,100712.6,
027HI,2024-01-16T02:10:00Z,91850.0,21.572,78.79,1.363,229.1,4.167,397.08,19.656,18.05,19.589,,18.672,0.0,29.2,40.5,39.3,,13.62,213.91,321.79,-107.88,75.29,335.62,443.49,,SW,,17.71,101104.93,100714.34,
027HI,2024-01-16T02:15:00Z,91850.0,21.4,77.82,1.857,232.5,4.445,378.46,19.672,18.1,19.589,,18.761,0.0,29.2,40.5,39.3,,13.62,201.2,306.22,-105.02,72.25,335.05,440.07,,SW,,17.35,101104.93,100719.74,
027HI,2024-01-16T02:20:00Z,91860.0,21.161,78.36,1.466,234.1,3.776,359.25,19.694,18.1,19.578,,18.811,0.0,29.2,40.5,39.3,,13.62,186.14,289.48,-103.34,69.77,334.73,438.06,,SW,,17.23,101115.93,100738.19,
027HI,2024-01-16T02:25:00Z,91860.0,21.111,79.48,1.554,233.6,4.167,339.66,19.706,18.128,19.578,,18.839,0.0,29.2,40.5,39.3,,13.62,170.15,272.73,-102.58,66.93,334.33,436.91,,SW,,17.4,101115.93,100739.74,
027HI,2024-01-16T02:30:00Z,91860.0,21.028,80.5,0.89,236.1,3.611,320.05,19.711,18.139,19.6,,18.822,0.0,29.2,40.5,39.3,,13.62,154.27,256.29,-102.02,63.76,333.87,435.89,,SW,,17.53,101115.93,100742.33,
027HI,2024-01-16T02:35:00Z,91870.0,20.811,82.0,0.977,233.4,4.218,299.63,19.711,18.161,19.578,,18.889,0.0,29.2,40.5,39.3,,13.62,139.04,239.5,-100.46,60.13,333.73,434.18,,SW,,17.61,101126.94,100760.1,
027HI,2024-01-16T02:40:00Z,91870.0,20.772,82.1,0.905,230.5,3.112,279.26,19.717,18.161,19.589,,18.922,0.0,29.2,40.5,39.3,,13.62,123.31,222.53,-99.23,56.73,333.28,432.51,,SW,,17.59,101126.94,100761.32,
027HI,2024-01-16T02:45:00Z,91870.0,20.561,82.9,1.157,233.7,3.941,258.89,19.728,18.189,19.578,,18.972,0.0,29.2,40.5,39.3,,13.62,109.31,206.37,-97.05,52.53,332.95,430.01,,SW,,17.54,101126.94,100767.96,
027HI,2024-01-16T02:50:00Z,91870.0,20.272,83.9,1.25,235.3,4.445,239.84,19.739,18.211,19.589,,18.978,0.0,29.1,40.5,39.3,,13.62,94.72,190.42,-95.71,49.41,332.01,427.71,,SW,,17.45,101126.94,100777.06,
027HI,2024-01-16T02:55:00Z,91870.0,20.111,84.6,0.869,230.6,2.721,219.87,19.733,18.2,19.578,,19.0,0.0,29.1,40.5,39.3,,13.63,79.18,173.74,-94.56,46.13,331.57,426.13,,SW,,17.42,101126.94,100782.13,
027HI,2024-01-16T03:00:00Z,91880.0,20.028,84.9,1.106,230.2,,199.57,19.733,18.228,19.6,,19.022,0.0,29.1,40.5,39.3,,13.63,64.2,157.08,-92.88,42.48,331.44,424.32,,SW,,17.39,101137.95,100795.72,
027HI,2024-01-16T03:05:00Z,91880.0,19.9,85.2,0.957,233.5,3.663,180.65,19.728,18.228,19.589,,19.061,0.0,29.1,40.5,39.3,,13.63,50.32,141.74,-91.42,38.92,331.41,422.83,,SW,,17.32,101137.95,100799.77,
027HI,2024-01-16T03:10:00Z,91880.0,19.689,86.1,0.869,238.1,4.218,161.41,19.728,18.25,19.611,,19.072,0.0,29.1,40.5,39.3,,13.63,37.6,127.04,-89.44,34.38,331.05,420.49,,WSW,,17.28,101137.95,100806.44,
027HI,2024-01-16T03:15:00Z,91890.0,19.578,86.4,0.813,237.3,3.164,142.61,19.717,18.272,19.578,,19.078,0.0,29.1,40.5,39.3,,13.63,25.24,112.93,-87.69,29.69,330.66,418.35,,WSW,,17.23,101148.96,100820.93,
027HI,2024-01-16T03:20:00Z,91890.0,19.5,86.7,0.489,259.0,1.831,123.68,19.711,18.3,19.578,,19.1,0.0,29.1,40.5,39.3,,13.6,13.88,99.86,-85.98,23.82,330.37,416.35,,W,,17.21,101148.96,100823.4,
027HI,2024-01-16T03:25:00Z,91900.0,19.228,87.4,0.756,233.9,2.886,105.63,19.7,18.3,19.572,,19.122,0.0,29.1,40.5,39.3,,13.52,6.36,90.0,-83.64,15.63,330.21,413.85,,SW,,17.07,101159.96,100843.01,
027HI,2024-01-16T03:30:00Z,91900.0,18.878,88.6,0.566,234.8,2.5,83.09,19.689,18.322,19.589,,19.172,0.0,29.1,40.5,39.3,,13.4,-7.49,74.04,-81.53,9.05,329.52,411.06,,SW,,16.94,101159.96,100854.14,
027HI,2024-01-16T03:35:00Z,91900.0,18.561,89.7,0.237,243.6,1.888,29.17,19.667,18.361,19.572,,19.15,0.0,29.1,40.5,39.3,,13.33,-56.3,23.39,-79.69,5.78,329.21,408.9,,WSW,,16.82,101159.96,100864.25,
027HI,2024-01-16T03:40:00Z,91910.0,18.361,90.7,0.304,214.7,1.775,20.52,19.633,18.361,19.6,,19.172,0.0,29.1,40.5,39.3,,13.26,-60.66,17.31,-77.98,3.21,329.04,407.02,,SW,,16.8,101170.97,100881.61,
027HI,2024-01-16T03:45:00Z,91910.0,18.139,91.6,0.278,218.5,,15.59,19.622,18.378,19.572,,19.178,0.0,29.1,40.5,39.3,,13.18,-61.63,13.69,-75.32,1.9,330.22,405.54,,SW,,16.74,101170.97,100888.71,
027HI,2024-01-16T03:50:00Z,91920.0,17.922,92.5,0.175,18.99,1.168,11.2,19.572,18.361,19.528,,19.2,0.0,29.1,40.5,39.3,,13.18,-65.4,9.6,-75.0,1.6,329.48,404.48,,NNE,,16.68,101181.98,100906.64,
027HI,2024-01-16T03:55:00Z,91920.0,17.761,93.2,0.077,225.8,0.833,7.36,19.533,18.4,19.578,,19.211,0.0,29.1,40.4,39.3,,13.09,-67.4,5.8,-73.2,1.56,329.7,402.9,,SW,,16.64,101181.98,100911.81,
027HI,2024-01-16T04:00:00Z,91920.0,17.589,93.8,0.278,232.3,1.111,3.93,19.528,18.4,19.578,,19.189,0.0,29.1,40.4,39.3,,13.11,-69.51,2.72,-72.23,1.21,330.64,402.86,,SW,,16.57,101181.98,100917.34,
027HI,2024-01-16T04:05:00Z,91930.0,17.439,94.6,0.705,233.9,2.33,0.95,19.456,18.422,19.572,,19.189,0.0,29.1,40.4,39.3,,13.13,-72.11,0.07,-72.18,0.88,330.26,402.44,,SW,,16.56,101192.99,100933.14,
027HI,2024-01-16T04:10:00Z,91930.0,17.439,95.6,1.327,229.2,3.164,0.0,19.422,18.411,19.589,,19.189,0.0,29.1,40.4,39.3,,13.06,-72.8,-1.69,-71.11,1.13,331.39,402.5,,SW,,16.72,101192.99,100933.13,
027HI,2024-01-16T04:15:00Z,91940.0,17.439,95.7,1.291,231.4,2.608,0.0,19.417,18.45,19.578,,19.211,0.0,29.1,40.4,39.3,,13.05,-73.62,-3.14,-70.48,0.89,332.28,402.77,,SW,,16.74,101203.99,100944.11,
027HI,2024-01-16T04:20:00Z,91950.0,17.422,96.2,1.091,234.2,2.33,0.0,19.378,18.428,19.589,,19.189,0.0,29.1,40.4,39.3,,13.04,-75.17,-4.21,-70.96,0.55,331.56,402.52,,SW,,16.81,101215.0,100955.63,
027HI,2024-01-16T04:25:00Z,91960.0,17.311,96.4,0.993,229.4,2.109,0.0,19.339,18.461,19.578,,19.211,0.0,29.1,40.4,39.3,,13.03,-73.56,-4.77,-68.79,0.18,333.02,401.81,,SW,,16.73,101226.01,100970.19,
027HI,2024-01-16T04:30:00Z,91960.0,17.289,96.8,1.178,221.4,2.33,0.0,19.3,18.461,19.589,,19.189,0.0,29.1,40.4,39.3,,13.03,-74.13,-4.78,-69.35,0.14,332.73,402.08,,SW,,16.77,101226.01,100970.89,
027HI,2024-01-16T04:35:00Z,91960.0,17.272,97.0,0.875,229.6,2.387,0.0,19.272,18.478,19.578,,19.178,0.0,29.1,40.4,39.3,,13.02,-74.02,-4.95,-69.07,0.14,332.76,401.83,,SW,,16.79,101226.01,100971.44,
027HI,2024-01-16T04:40:00Z,91970.0,17.178,96.9,0.01,219.6,0.556,0.0,19.244,18.5,19.572,,19.178,0.0,29.1,40.4,39.3,,13.02,-69.36,-5.38,-63.98,0.0,335.9,399.88,,SW,,16.68,101237.02,100985.46,
027HI,2024-01-16T04:45:00Z,91980.0,17.1,97.1,0.19,223.4,1.389,0.0,19.222,18.5,19.572,,19.172,0.0,29.1,40.4,39.3,,13.06,-54.35,-4.29,-50.06,0.0,350.16,400.22,,SW,,16.63,101248.02,100998.95,
027HI,2024-01-16T04:50:00Z,91990.0,17.128,97.6,0.108,305.8,0.833,0.0,19.167,18.511,19.578,,19.172,0.0,29.1,40.4,39.3,,13.08,-70.67,-4.87,-65.8,0.03,333.73,399.53,,NW,,16.74,101259.03,101009.02,
027HI,2024-01-16T04:55:00Z,91990.0,17.161,97.8,0.185,296.8,1.055,0.0,19.15,18.522,19.572,,19.172,0.0,29.1,40.4,39.3,,13.02,-67.49,-5.04,-62.45,0.36,334.6,397.05,,WNW,,16.81,101259.03,101007.96,
027HI,2024-01-16T05:00:00Z,92000.0,17.111,97.8,0.015,178.0,0.442,0.0,19.167,18.539,19.572,,19.15,0.0,29.1,40.4,39.3,,13.01,-59.94,-4.6,-55.34,0.15,343.05,398.39,,S,,16.76,101270.04,101020.55,
027HI,2024-01-16T05:05:00Z,92010.0,16.928,97.6,0.026,203.8,0.391,0.0,19.144,18.539,19.589,,19.172,0.0,29.1,40.4,39.3,,13.04,-56.19,-4.21,-51.98,0.0,346.16,398.13,,SSW,,16.54,101281.05,101037.46,
027HI,2024-01-16T05:10:00Z,92020.0,16.722,97.5,0.0,,0.0,0.0,19.083,18.522,19.589,,19.15,0.0,29.1,40.4,39.3,,13.07,-64.21,-4.83,-59.37,0.0,336.0,395.37,,,,16.32,101292.06,101055.11,
027HI,2024-01-16T05:15:00Z,92020.0,16.65,97.8,0.149,315.7,1.111,0.0,19.072,18.539,19.578,,19.161,0.0,29.1,40.4,39.3,,13.0,-68.14,-5.24,-62.9,0.0,330.99,393.89,,NW,,16.3,101292.06,101057.44,
027HI,2024-01-16T05:20:00Z,92030.0,16.928,98.7,0.391,317.5,1.389,0.0,19.089,18.539,19.578,,19.122,0.0,29.1,40.4,39.3,,13.0,-66.69,-4.57,-62.12,0.86,334.3,396.41,,NW,,16.72,101303.06,101059.41,
027HI,2024-01-16T05:25:00Z,92040.0,16.972,98.7,0.473,318.8,1.168,0.0,19.061,18.561,19.561,,19.111,0.0,29.1,40.4,39.3,,12.99,-64.14,-4.28,-59.86,0.7,337.0,396.85,,NW,,16.76,101314.07,101068.96,
027HI,2024-01-16T05:30:00Z,92040.0,16.922,98.6,0.087,161.9,1.276,0.0,19.039,18.55,19.561,,19.1,0.0,29.1,40.4,39.3,,12.99,-65.37,-4.3,-61.07,0.08,334.92,395.99,,SSE,,16.7,101314.07,101070.58,
027HI,2024-01-16T05:35:00Z,92040.0,16.572,98.1,0.581,176.3,1.389,0.0,19.017,18.572,19.572,,19.089,0.0,29.1,40.4,39.3,,13.02,-66.03,-4.07,-61.96,0.0,333.59,395.56,,S,,16.27,101314.07,101081.94,
027HI,2024-01-16T05:40:00Z,92050.0,16.472,98.5,0.18,162.4,0.833,0.0,18.967,18.578,19.589,,19.078,0.0,29.1,40.4,39.3,,13.05,-67.44,-4.57,-62.88,0.0,329.98,392.85,,SSE,,16.23,101325.08,101096.16,
027HI,2024-01-16T05:45:00Z,92050.0,16.261,98.4,0.108,171.5,0.612,0.0,18.961,18.578,19.589,,19.089,0.0,29.1,40.4,39.3,,12.99,-65.05,-4.7,-60.35,0.0,330.1,390.45,,S,,16.01,101325.08,101103.02,
027HI,2024-01-16T05:50:00Z,92050.0,16.172,98.6,0.021,222.0,0.391,0.0,18.983,18.578,19.589,,19.039,0.0,29.1,40.4,39.3,,12.98,-63.7,-4.58,-59.11,0.0,330.77,389.88,,SW,,15.95,101325.08,101105.92,
027HI,2024-01-16T05:55:00Z,92050.0,16.078,98.7,0.0,,0.0,0.0,18.972,18.589,19.572,,19.028,0.0,29.1,40.4,39.3,,12.98,-62.69,-4.71,-57.98,0.0,331.46,389.45,,,,15.87,101325.08,101108.98,
027HI,2024-01-16T06:00:00Z,92060.0,15.989,98.7,0.0,,0.0,0.0,18.956,18.578,19.578,,19.028,0.0,29.0,40.4,39.3,,13.02,-61.62,-4.61,-57.01,0.0,331.67,388.68,,,,15.78,101336.09,101122.87,
027HI,2024-01-16T06:05:00Z,92060.0,15.978,99.0,0.17,208.4,0.89,0.0,18.906,18.578,19.572,,19.011,0.0,29.0,40.4,39.3,,13.04,-61.49,-4.05,-57.44,0.0,330.74,388.17,,SSW,,15.82,101336.09,101123.22,
027HI,2024-01-16T06:10:00Z,92060.0,16.089,99.3,0.077,213.4,0.556,0.0,18.889,18.578,19.561,,19.0,0.0,29.0,40.4,39.3,,12.98,-60.68,-3.89,-56.79,0.02,331.1,387.9,,SSW,,15.98,101336.09,101119.6,
027HI,2024-01-16T06:15:00Z,92060.0,15.9,99.1,0.051,203.3,0.664,0.0,18.894,18.6,19.572,,18.989,0.0,29.0,40.4,39.3,,12.97,-60.33,-3.97,-56.36,0.0,331.51,387.87,,SSW,,15.76,101336.09,101125.76,
027HI,2024-01-16T06:20:00Z,92060.0,15.889,99.3,0.015,230.8,0.391,0.0,18.867,18.589,19.572,,18.972,0.0,29.0,40.4,39.3,,12.97,-60.55,-3.99,-56.56,0.0,331.87,388.43,,SW,,15.78,101336.09,101126.12,
027HI,2024-01-16T06:25:00Z,92070.0,15.8,99.2,0.077,225.4,0.664,0.0,18.833,18.589,19.578,,18.961,0.0,29.0,40.4,39.3,,12.97,-59.99,-4.13,-55.86,0.0,333.0,388.86,,SW,,15.67,101347.09,101140.01,
027HI,2024-01-16T06:30:00Z,92070.0,15.95,99.5,0.062,191.9,0.833,0.0,18.806,18.589,19.572,,18.928,0.0,29.0,40.4,39.3,,12.97,-60.97,-3.88,-57.09,0.0,332.03,389.12,,SSW,,15.87,101347.09,101135.11,
027HI,2024-01-16T06:35:00Z,92070.0,15.95,99.5,0.067,224.6,0.941,0.0,18.783,18.589,19.561,,18.928,0.0,29.0,40.4,39.3,,12.96,-60.38,-4.05,-56.34,0.0,332.43,388.76,,SW,,15.87,101347.09,101135.11,
027HI,2024-01-16T06:40:00Z,92070.0,15.861,99.3,0.077,164.0,1.168,0.0,18.761,18.578,19.589,,18.9,0.0,29.0,40.4,39.3,,13.0,-60.28,-4.33,-55.95,0.0,332.38,388.33,,SSE,,15.75,101347.09,101138.02,
027HI,2024-01-16T06:45:00Z,92080.0,16.072,99.6,0.478,193.2,1.055,0.0,18.706,18.6,19.561,,18.828,0.0,29.0,40.4,39.3,,13.03,-63.16,-3.85,-59.31,0.0,331.86,391.17,,SSW,,16.01,101358.1,101142.12,
027HI,2024-01-16T06:50:00Z,92080.0,16.161,99.6,0.077,203.9,0.612,0.0,18.683,18.578,19.561,,18.878,0.0,29.0,40.4,39.3,,12.96,-61.13,-4.18,-56.96,0.05,331.45,388.4,,SSW,,16.1,101358.1,101139.22,
027HI,2024-01-16T06:55:00Z,92080.0,16.011,99.1,0.0,,0.0,0.0,18.694,18.6,19.578,,18.872,0.0,29.0,40.4,39.3,,12.96,-59.68,-4.32,-55.36,0.0,331.64,386.99,,,,15.87,101358.1,101144.11,
027HI,2024-01-16T07:00:00Z,92080.0,15.922,99.1,0.0,,0.0,0.0,18.678,18.589,19.561,,18.811,0.0,29.0,40.4,39.3,,12.95,-56.89,-3.67,-53.23,0.0,333.78,387.01,,,,15.78,101358.1,101147.02,
027HI,2024-01-16T07:05:00Z,92080.0,15.978,99.4,0.0,,0.0,0.0,18.656,18.622,19.561,,18.822,0.0,29.0,40.4,39.3,,12.95,-56.18,-3.55,-52.63,0.0,334.29,386.91,,,,15.88,101358.1,101145.19,
027HI,2024-01-16T07:10:00Z,92090.0,15.728,98.9,0.108,195.3,0.612,0.0,18.644,18.589,19.589,,18.8,0.0,29.0,40.4,39.3,,12.99,-57.47,-3.9,-53.57,0.0,332.63,386.2,,SSW,,15.55,101369.11,101164.34,
027HI,2024-01-16T07:15:00Z,92090.0,15.822,99.3,0.051,199.7,0.556,0.0,18.594,18.589,19.578,,18.761,0.0,29.0,40.4,39.3,,13.02,-60.41,-3.94,-56.46,0.0,329.92,386.38,,SSW,,15.71,101369.11,101161.26,
027HI,2024-01-16T07:20:00Z,92090.0,15.578,98.9,0.0,,0.0,0.0,18.583,18.6,19.539,,18.75,0.0,29.0,40.4,39.3,,12.95,-59.54,-4.7,-54.84,0.0,329.05,383.88,,,,15.4,101369.11,101169.24,
027HI,2024-01-16T07:25:00Z,92090.0,15.511,99.0,0.17,323.1,1.055,0.0,18.606,18.611,19.561,,18.772,0.0,29.0,40.4,39.3,,12.95,-59.76,-4.51,-55.24,0.0,329.6,384.85,,NW,,15.35,101369.11,101171.43,
027HI,2024-01-16T07:30:00Z,92090.0,15.711,99.5,0.0,,0.0,0.0,18.578,18.589,19.55,,18.728,0.0,29.0,40.4,39.3,,12.94,-59.74,-4.13,-55.61,0.02,329.48,385.09,,,,15.63,101369.11,101164.89,
027HI,2024-01-16T07:35:00Z,92090.0,15.472,99.0,0.015,310.7,0.499,0.0,18.556,18.6,19.572,,18.661,0.0,29.0,40.4,39.3,,12.98,-59.47,-4.37,-55.1,0.0,329.4,384.5,,NW,,15.31,101369.11,101172.71,
027HI,2024-01-16T07:40:00Z,92090.0,15.572,99.5,0.0,,0.0,0.0,18.5,18.589,19.572,,18.689,0.0,29.0,40.4,39.3,,13.01,-60.34,-4.23,-56.11,0.0,328.36,384.47,,,,15.49,101369.11,101169.43,
027HI,2024-01-16T07:45:00Z,92090.0,15.578,99.5,0.021,177.5,0.391,0.0,18.483,18.578,19.561,,18.678,0.0,29.0,40.4,39.3,,12.94,-60.45,-3.95,-56.5,0.55,328.5,385.0,,S,,15.5,101369.11,101169.24,
027HI,2024-01-16T07:50:00Z,92090.0,15.611,99.6,0.113,199.9,0.612,0.0,18.494,18.572,19.561,,18.65,0.0,29.0,40.4,39.3,,12.94,-59.92,-4.11,-55.81,0.16,328.87,384.68,,SSW,,15.55,101369.11,101168.16,
027HI,2024-01-16T07:55:00Z,92090.0,15.561,99.6,0.17,191.6,0.777,0.0,18.467,18.578,19.572,,18.628,0.0,29.0,40.4,39.3,,12.93,-60.6,-3.99,-56.6,0.0,328.56,385.17,,SSW,,15.5,101369.11,101169.79,
027HI,2024-01-16T08:00:00Z,92090.0,15.578,99.8,0.062,203.6,0.442,0.0,18.439,18.589,19.578,,18.628,0.0,29.0,40.4,39.3,,12.93,-60.93,-4.07,-56.86,0.0,328.43,385.29,,SSW,,15.55,101369.11,101169.23,
027HI,2024-01-16T08:05:00Z,92080.0,15.378,99.5,0.201,195.3,0.941,0.0,18.422,18.572,19.539,,18.578,0.0,29.0,40.4,39.3,,12.93,-59.37,-4.3,-55.07,0.0,329.19,384.26,,SSW,,15.3,101358.1,101164.8,
027HI,2024-01-16T08:10:00Z,92080.0,15.511,99.9,0.077,202.6,0.72,0.0,18.406,18.55,19.561,,18.578,0.0,29.0,40.4,39.3,,12.93,-55.18,-3.58,-51.59,0.0,334.14,385.73,,SSW,,15.5,101358.1,101160.44,
027HI,2024-01-16T08:15:00Z,92080.0,15.3,99.7,0.0,,0.0,0.0,18.383,18.578,19.572,,18.572,0.0,29.0,40.4,39.3,,12.97,-57.51,-4.44,-53.07,0.0,330.83,383.9,,,,15.25,101358.1,101167.35,
027HI,2024-01-16T08:20:00Z,92080.0,15.261,99.7,0.0,,0.0,0.0,18.339,18.561,19.561,,18.539,0.0,29.0,40.4,39.3,,13.0,-60.91,-4.31,-56.6,0.0,327.15,383.75,,,,15.21,101358.1,101168.63,
027HI,2024-01-16T08:25:00Z,92080.0,15.639,100.0,0.0,,0.0,0.0,18.333,18.561,19.55,,18.511,0.0,29.0,40.3,39.3,,12.93,-60.41,-3.95,-56.46,0.64,326.86,383.32,,,,15.64,101358.1,101156.25,
027HI,2024-01-16T08:30:00Z,92080.0,15.639,100.0,0.01,331.4,0.278,0.0,18.344,18.55,19.561,,18.478,0.0,29.0,40.3,39.3,,12.92,-60.31,-4.31,-55.99,0.87,327.17,383.16,,NNW,,15.64,101358.1,101156.25,
027HI,2024-01-16T08:35:00Z,92070.0,15.689,100.0,0.026,206.1,0.612,0.0,18.322,18.539,19.55,,18.478,0.0,28.9,40.3,39.3,,12.92,-60.11,-4.03,-56.08,0.48,328.27,384.35,,SSW,,15.69,101347.09,101143.63,
027HI,2024-01-16T08:40:00Z,92070.0,15.628,100.0,0.026,231.8,0.612,0.0,18.3,18.572,19.572,,18.461,0.0,28.9,40.3,39.3,,12.92,-46.49,-3.15,-43.34,0.0,341.78,385.12,,SW,,15.63,101347.09,101145.62,
027HI,2024-01-16T08:45:00Z,92060.0,15.861,100.0,0.082,315.9,0.664,0.0,18.272,18.539,19.55,,18.45,0.0,28.9,40.3,39.3,,12.91,-43.37,-3.19,-40.18,0.53,347.27,387.44,,NW,,15.86,101336.09,101127.03,
027HI,2024-01-16T08:50:00Z,92060.0,16.289,100.0,0.977,317.5,1.61,0.0,18.228,18.522,19.55,,18.4,0.0,28.9,40.3,39.3,,12.92,-20.57,-1.53,-19.03,1.01,376.11,395.14,,NW,,16.29,101336.09,101113.08,
027HI,2024-01-16T08:55:00Z,92060.0,16.639,100.0,0.741,319.0,2.222,0.0,18.178,18.522,19.539,,18.422,0.0,28.9,40.3,39.3,,12.91,-8.55,-0.65,-7.9,0.57,391.34,399.24,,NW,,16.64,101336.09,101101.71,
027HI,2024-01-16T09:00:00Z,92060.0,16.722,100.0,0.36,326.8,1.332,0.0,18.139,18.522,19.55,,18.378,0.0,28.9,40.3,39.3,,12.91,-3.36,-0.29,-3.08,0.0,397.55,400.62,,NNW,,16.72,101336.09,101099.01,
027HI,2024-01-16T09:05:00Z,92060.0,16.878,100.0,0.309,313.6,1.168,0.0,18.117,18.511,19.55,,18.372,0.0,28.9,40.3,39.3,,12.91,-1.32,-0.23,-1.09,0.0,400.91,,,NW,,16.88,101336.09,101093.96,
027HI,2024-01-16T09:10:00Z,92060.0,16.928,100.0,0.417,278.8,1.111,0.0,18.106,18.528,19.572,,18.378,0.0,28.9,40.3,39.3,,12.91,-0.78,-0.12,-0.66,0.0,402.25,402.91,,W,,16.93,101336.09,101092.34,
027HI,2024-01-16T09:15:00Z,92060.0,17.078,100.0,0.01,287.5,0.499,0.0,18.1,18.511,19.55,,18.322,0.0,28.9,40.3,39.3,,12.91,-2.21,-0.2,-2.01,0.0,401.29,403.3,,WNW,,17.08,101336.09,101087.48,
027HI,2024-01-16T09:20:00Z,92050.0,17.078,100.0,0.062,308.2,0.833,0.0,18.1,18.5,19.55,,18.339,0.0,28.9,40.3,39.3,,12.91,-13.72,-0.71,-13.02,0.0,390.16,403.18,,NW,,17.08,101325.08,101076.5,
027HI,2024-01-16T09:25:00Z,92060.0,16.978,100.0,0.01,191.1,0.391,0.0,18.106,18.489,19.578,,18.3,0.0,28.9,40.3,39.3,,12.94,-13.54,-0.95,-12.6,0.0,389.88,402.48,,S,,16.98,101336.09,101090.72,
027HI,2024-01-16T09:30:00Z,92050.0,16.872,100.0,0.216,313.0,1.168,0.0,18.083,18.489,19.55,,18.328,0.0,28.9,40.3,39.3,,12.97,-44.47,-2.28,-42.19,0.0,357.69,399.89,,NW,,16.87,101325.08,101083.17,
027HI,2024-01-16T09:35:00Z,92060.0,16.789,100.0,0.098,322.5,0.777,0.0,18.106,18.5,19.572,,18.278,0.0,28.9,40.3,39.3,,12.91,-49.26,-3.1,-46.16,0.0,350.98,397.14,,NW,,16.79,101336.09,101096.84,
027HI,2024-01-16T09:40:00Z,92060.0,16.639,100.0,0.468,318.4,1.497,0.0,18.156,18.478,19.539,,18.239,0.0,28.9,40.3,39.3,,12.9,-33.46,-2.53,-30.94,0.0,366.42,397.35,,NW,,16.64,101336.09,101101.71,
027HI,2024-01-16T09:45:00Z,92060.0,16.739,100.0,0.01,282.3,0.777,0.0,18.161,18.478,19.561,,18.228,0.0,28.9,40.3,39.3,,12.9,-21.72,-1.55,-20.17,0.0,378.97,399.14,,WNW,,16.74,101336.09,101098.46,
027HI,2024-01-16T09:50:00Z,92060.0,16.661,100.0,0.031,202.9,0.612,0.0,18.15,18.478,19.55,,18.228,0.0,28.9,40.3,39.3,,12.94,-26.98,-1.71,-25.28,0.0,373.21,398.48,,SSW,,16.66,101336.09,101100.99,
027HI,2024-01-16T09:55:00Z,92060.0,16.589,100.0,0.015,237.6,0.612,0.0,18.122,18.461,19.55,,18.222,0.0,28.9,40.3,39.3,,12.96,-22.28,-1.55,-20.73,0.0,377.58,398.31,,WSW,,16.59,101336.09,101103.33,
