# STATION: 029HI
# STATION NAME: Keahuolu
# LATITUDE: 19.6687
# LONGITUDE: -155.9575
# ELEVATION [ft]: 1761.0
# STATE: HI
Station_ID,Date_Time,pressure_set_1,air_temp_set_1,relative_humidity_set_1,wind_speed_set_1,wind_direction_set_1,wind_gust_set_1,solar_radiation_set_1,soil_temp_set_1,soil_temp_set_2,soil_temp_set_3,soil_temp_set_4,precip_accum_five_minute_set_1,soil_moisture_set_1,soil_moisture_set_2,soil_moisture_set_3,volt_set_1,net_radiation_set_1,net_radiation_sw_set_1,net_radiation_lw_set_1,outgoing_radiation_sw_set_1,incoming_radiation_lw_set_1,outgoing_radiation_lw_set_1,wind_chill_set_1d,wind_cardinal_direction_set_1d,heat_index_set_1d,dew_point_temperature_set_1d,altimeter_set_1d,sea_level_pressure_set_1d,wet_bulb_temperature_set_1d
,,Pascals,Celsius,%,m/s,Degrees,m/s,W/m**2,Celsius,Celsius,Celsius,Celsius,Millimeters,%,%,%,volts,W/m**2,W/m**2,W/m**2,W/m**2,W/m**2,W/m**2,Celsius,code,Celsius,Celsius,Pascals,Pascals,Celsius
029HI,2024-01-15T10:05:00Z,95080.0,15.639,94.9,0.864,46.38,1.667,0.0,19.789,20.461,20.839,19.55,0.0,18.6,21.0,20.3,12.92,-58.1,-3.87,-54.23,0.0,341.11,395.35,,NE,,14.82,101370.38,101273.85,
029HI,2024-01-15T10:10:00Z,95080.0,15.511,95.5,0.756,50.25,1.332,0.0,19.767,20.439,20.822,19.478,0.0,18.6,21.0,20.3,12.86,-65.25,-4.32,-60.93,0.03,332.89,393.82,,NE,,14.79,101370.38,101276.67,
029HI,2024-01-15T10:15:00Z,95080.0,15.378,95.6,1.065,52.31,1.831,0.0,19.767,20.422,20.839,19.45,0.0,18.6,21.0,20.3,12.9,-57.31,-4.11,,0.0,341.22,394.42,,NE,,14.67,101370.38,101279.6,
029HI,2024-01-15T10:20:00Z,95080.0,15.45,94.9,1.188,58.63,1.888,0.0,19.711,20.4,20.839,19.428,0.0,18.6,21.0,20.3,12.92,-61.98,-3.86,-58.12,0.21,335.33,393.45,,ENE,,14.63,101370.38,101278.02,
029HI,2024-01-15T10:25:00Z,95080.0,15.128,96.5,1.157,53.17,1.888,0.0,19.683,20.361,20.839,19.372,0.0,18.6,20.9,20.3,12.86,-69.54,-4.51,-65.03,0.0,326.77,391.81,,NE,,14.57,101370.38,101285.12,
029HI,2024-01-15T10:30:00Z,95080.0,14.9,97.2,1.209,55.95,1.667,0.0,19.689,20.35,20.839,19.328,0.0,18.6,21.0,20.3,12.85,-69.51,-4.55,-64.96,0.0,326.92,391.88,,NE,,14.46,101370.38,101290.16,
029HI,2024-01-15T10:35:00Z,95080.0,14.789,97.2,1.245,56.11,1.831,0.0,19.65,20.339,20.822,19.339,0.0,18.6,20.9,20.3,12.85,-69.99,-4.55,-65.44,0.0,326.12,391.57,,NE,,14.34,101370.38,101292.62,
029HI,2024-01-15T10:40:00Z,95080.0,14.639,97.7,1.121,57.94,1.831,0.0,19.617,20.311,20.828,19.311,0.0,18.6,20.9,20.3,12.89,-71.11,-4.68,-66.43,0.0,324.56,390.98,,ENE,,14.28,101370.38,101295.95,
029HI,2024-01-15T10:45:00Z,95070.0,14.55,97.8,1.188,53.58,1.945,0.0,19.544,20.289,20.839,19.272,0.0,18.6,21.0,20.3,12.9,-71.79,-4.63,-67.16,0.0,322.48,389.63,,NE,,14.2,101359.72,101287.27,
029HI,2024-01-15T10:50:00Z,95070.0,14.528,97.3,1.127,43.79,2.166,0.0,19.511,20.272,20.828,19.239,0.0,18.6,21.0,20.3,12.85,-70.7,-4.75,-65.96,0.3,322.67,388.62,,NE,,14.1,101359.72,101287.76,
029HI,2024-01-15T10:55:00Z,95060.0,14.561,96.7,1.194,46.39,1.831,0.0,19.506,20.228,20.861,19.211,0.0,18.6,21.0,20.3,12.84,-70.51,-4.65,-65.86,0.45,323.38,389.24,,NE,,14.04,101349.06,101276.38,
029HI,2024-01-15T11:00:00Z,95060.0,14.45,97.3,1.168,49.63,1.723,0.0,19.456,20.211,20.85,19.161,0.0,18.6,20.9,20.3,12.84,-70.0,-4.53,-65.47,0.03,323.63,389.1,,NE,,14.02,101349.06,101278.84,
029HI,2024-01-15T11:05:00Z,95060.0,14.322,97.9,1.255,51.66,1.945,0.0,19.411,20.222,20.839,19.111,0.0,18.6,20.9,20.3,12.83,-69.9,-4.43,-65.47,0.0,323.47,388.94,,NE,,13.99,101349.06,101281.68,
029HI,2024-01-15T11:10:00Z,95050.0,14.35,97.2,1.25,49.57,2.222,0.0,19.372,20.178,20.839,19.078,0.0,18.6,20.9,20.3,12.88,-70.06,-4.48,-65.58,0.25,323.29,388.87,,NE,,13.91,101338.4,101270.41,
029HI,2024-01-15T11:15:00Z,95040.0,14.372,96.5,1.147,49.41,1.775,0.0,19.3,20.161,20.839,19.05,0.0,18.6,20.9,20.3,12.9,-70.96,-4.54,-66.42,0.35,321.28,387.7,,NE,,13.82,101327.74,101259.27,
029HI,2024-01-15T11:20:00Z,95040.0,14.322,96.6,1.26,54.54,1.945,0.0,19.267,20.161,20.861,19.011,0.0,18.6,21.0,20.3,12.84,-69.94,-4.6,-65.35,0.23,321.65,387.0,,NE,,13.78,101327.74,101260.38,
029HI,2024-01-15T11:25:00Z,95030.0,14.361,95.8,1.168,56.76,2.222,0.0,19.256,20.128,20.861,18.972,0.0,18.6,20.9,20.3,12.83,-70.05,-4.36,-65.69,0.51,322.22,387.9,,ENE,,13.69,101317.08,101248.86,
029HI,2024-01-15T11:30:00Z,95030.0,14.411,95.7,1.296,51.16,2.387,0.0,19.211,20.111,20.861,18.939,0.0,18.6,20.9,20.3,12.87,-69.56,-4.38,-65.18,0.26,322.64,387.82,,NE,,13.73,101317.08,101247.75,
029HI,2024-01-15T11:35:00Z,95030.0,14.278,96.6,1.379,44.24,2.053,0.0,19.139,20.078,20.911,18.889,0.0,18.6,20.9,20.3,12.9,-70.01,-4.38,-65.63,0.14,321.11,386.74,,NE,,13.74,101317.08,101250.7,
029HI,2024-01-15T11:40:00Z,95030.0,14.278,96.5,1.379,47.91,2.33,0.0,19.106,20.039,20.839,18.828,0.0,18.6,20.9,20.3,12.83,-68.98,-4.5,-64.49,0.52,321.83,386.32,,NE,,13.72,101317.08,101250.7,
029HI,2024-01-15T11:45:00Z,95030.0,14.278,96.4,1.379,48.95,2.053,0.0,19.1,20.061,20.85,18.828,0.0,18.6,20.9,20.3,12.82,-68.1,-4.3,-63.8,0.45,323.07,386.87,,NE,,13.71,101317.08,101250.7,
029HI,2024-01-15T11:50:00Z,95030.0,14.278,95.9,1.379,55.1,2.166,0.0,19.056,20.011,20.861,18.739,0.0,18.6,20.9,20.3,12.86,-67.81,-4.08,-63.73,0.34,323.61,387.35,,NE,,13.63,101317.08,101250.71,
029HI,2024-01-15T11:55:00Z,95030.0,14.128,97.2,1.415,58.24,2.222,0.0,18.983,20.0,20.872,18.728,0.0,18.6,20.9,20.3,12.89,-68.73,-4.27,-64.46,0.0,321.69,386.15,,ENE,,13.69,101317.08,101254.04,
029HI,2024-01-15T12:00:00Z,95030.0,14.089,97.2,1.554,53.32,2.166,0.0,18.95,19.939,20.922,18.678,0.0,18.6,20.9,20.3,12.83,-67.83,-4.21,-63.62,0.32,321.98,385.59,,NE,,13.65,101317.08,101254.9,
029HI,2024-01-15T12:05:00Z,95020.0,13.95,97.7,1.512,56.84,2.166,0.0,18.95,19.928,20.911,18.672,0.0,18.6,20.9,20.3,12.82,-67.97,-4.26,-63.72,0.0,322.36,386.08,,ENE,,13.59,101306.41,101247.34,
029HI,2024-01-15T12:10:00Z,95020.0,13.828,98.2,1.574,60.14,2.279,0.0,18.911,19.922,20.85,18.628,0.0,18.6,20.9,20.3,12.82,-67.57,-4.11,-63.46,0.0,322.55,386.0,,ENE,,13.55,101306.41,101250.06,
029HI,2024-01-15T12:15:00Z,95000.0,13.7,98.4,1.615,54.23,2.33,0.0,18.872,19.922,20.85,18.589,0.0,18.6,20.9,20.3,12.82,-67.27,-4.12,-63.15,0.0,322.62,385.77,,NE,,13.45,101285.09,101231.6,
029HI,2024-01-15T12:20:00Z,94990.0,13.672,98.2,1.559,60.26,2.109,0.0,18.839,19.9,20.878,18.561,0.0,18.6,20.9,20.3,12.81,-67.56,-4.07,-63.49,0.0,321.9,385.4,,ENE,,13.39,101274.43,101221.57,
029HI,2024-01-15T12:25:00Z,94990.0,13.561,98.4,1.538,59.9,2.222,0.0,18.806,19.85,20.9,18.489,0.0,18.6,20.9,20.3,12.81,-67.56,-4.16,-63.39,0.0,321.69,385.08,,ENE,,13.31,101274.43,101224.05,
029HI,2024-01-15T12:30:00Z,94980.0,13.511,98.3,1.657,56.9,2.222,0.0,18.772,19.828,20.889,18.461,0.0,18.6,20.9,20.3,12.81,-67.22,-4.12,-63.11,0.0,321.74,384.85,,ENE,,13.25,101263.77,101214.51,
029HI,2024-01-15T12:35:00Z,94980.0,13.461,98.7,1.538,56.43,2.279,0.0,18.733,19.811,20.878,18.422,0.0,18.6,20.9,20.3,12.81,-66.99,-4.12,-62.88,0.0,321.64,384.51,,ENE,,13.26,101263.77,101215.63,
029HI,2024-01-15T12:40:00Z,94980.0,13.389,99.0,1.605,56.48,2.166,0.0,18.7,19.789,20.878,18.4,0.0,18.6,20.9,20.3,12.81,-66.77,-4.09,-62.68,0.0,321.62,384.31,,ENE,,13.23,101263.77,101217.24,
029HI,2024-01-15T12:45:00Z,94980.0,13.322,99.1,1.595,60.81,2.109,0.0,18.667,19.772,20.872,18.361,0.0,18.6,20.9,20.3,12.8,-67.06,-4.09,-62.97,0.0,321.13,384.1,,ENE,,13.18,101263.77,101218.73,
029HI,2024-01-15T12:50:00Z,94980.0,13.339,99.0,1.667,59.37,2.222,0.0,18.628,19.761,20.928,18.328,0.0,18.6,20.9,20.3,12.8,-66.83,-4.06,-62.77,0.0,321.29,384.06,,ENE,,13.18,101263.77,101218.35,
029HI,2024-01-15T12:55:00Z,94980.0,13.389,98.7,1.657,58.65,2.387,0.0,18.594,19.739,20.889,18.272,0.0,18.6,20.9,20.3,12.8,-66.47,-4.04,-62.43,0.0,321.56,383.99,,ENE,,13.19,101263.77,101217.24,
029HI,2024-01-15T13:00:00Z,94980.0,13.35,99.1,1.657,64.09,2.279,0.0,18.561,19.722,20.839,18.228,0.0,18.6,20.9,20.3,12.8,-66.21,-3.98,-62.24,0.0,321.55,383.78,,ENE,,13.21,101263.77,101218.11,
029HI,2024-01-15T13:05:00Z,94980.0,13.311,99.0,1.61,58.96,2.279,0.0,18.528,19.672,20.9,18.189,0.0,18.6,20.9,20.3,12.79,-65.92,-4.05,-61.87,0.0,321.74,383.61,,ENE,,13.16,101263.77,101218.98,
029HI,2024-01-15T13:10:00Z,94980.0,13.25,99.0,1.682,61.31,2.222,0.0,18.494,19.65,20.861,18.178,0.0,18.6,20.9,20.3,12.79,-65.88,-4.02,-61.86,0.0,321.56,383.42,,ENE,,13.09,101263.77,101220.35,
029HI,2024-01-15T13:15:00Z,94970.0,13.239,98.9,1.795,56.52,2.387,0.0,18.461,19.6,20.878,18.128,0.0,18.6,20.9,20.3,12.79,-65.75,-3.97,-61.78,0.0,321.54,383.33,,ENE,,13.07,101253.11,101209.94,
029HI,2024-01-15T13:20:00Z,94970.0,13.239,98.7,1.636,59.52,2.109,0.0,18.428,19.611,20.911,18.1,0.0,18.6,20.9,20.3,12.79,-65.65,-3.95,-61.7,0.0,321.36,383.06,,ENE,,13.04,101253.11,101209.94,
029HI,2024-01-15T13:25:00Z,94970.0,13.211,98.9,1.682,56.31,2.166,0.0,18.394,19.589,20.878,18.05,0.0,18.6,20.9,20.3,12.79,-65.42,-3.96,-61.46,0.0,321.51,382.97,,ENE,,13.04,101253.11,101210.56,
029HI,2024-01-15T13:30:00Z,94980.0,13.172,99.0,1.605,61.0,2.166,0.0,18.361,19.572,20.872,18.022,0.0,18.6,20.9,20.3,12.78,-65.31,-3.94,-61.37,0.0,321.34,382.7,,ENE,,13.02,101263.77,101222.09,
029HI,2024-01-15T13:35:00Z,94980.0,13.122,99.4,1.759,60.99,2.279,0.0,18.333,19.55,20.878,17.989,0.0,18.6,20.9,20.3,12.78,-65.32,-3.86,-61.45,0.0,321.21,382.67,,ENE,,13.03,101263.77,101223.21,
029HI,2024-01-15T13:40:00Z,94970.0,13.161,99.4,1.708,59.19,2.444,0.0,18.294,19.511,20.9,17.95,0.0,18.6,20.9,20.3,12.78,-65.22,-3.88,-61.35,0.0,321.28,382.63,,ENE,,13.07,101253.11,101211.68,
029HI,2024-01-15T13:45:00Z,94970.0,13.139,99.2,1.718,58.45,2.33,0.0,18.261,19.5,20.889,17.878,0.0,18.6,20.9,20.3,12.78,-65.27,-3.91,-61.37,0.0,321.13,382.5,,ENE,,13.01,101253.11,101212.17,
029HI,2024-01-15T13:50:00Z,94980.0,13.089,99.4,1.749,60.96,2.279,0.0,18.228,19.472,20.9,17.872,0.0,18.6,20.9,20.3,12.77,-65.02,-3.89,-61.13,0.0,321.23,382.35,,ENE,,13.0,101263.77,101223.95,
029HI,2024-01-15T13:55:00Z,94980.0,13.05,99.4,1.718,60.01,2.33,0.0,18.2,19.472,20.9,17.828,0.0,18.6,20.9,20.3,12.77,-64.97,-3.89,-61.08,0.0,321.12,382.2,,ENE,,12.96,101263.77,101224.83,
029HI,2024-01-15T14:00:00Z,94980.0,12.989,99.4,1.677,60.46,2.279,0.0,18.167,19.422,20.9,17.811,0.0,18.6,20.9,20.3,12.77,-64.71,-3.86,-60.85,0.0,321.09,381.94,,ENE,,12.9,101263.77,101226.19,
029HI,2024-01-15T14:05:00Z,94980.0,12.928,99.6,1.77,60.28,2.33,0.0,18.139,19.389,20.9,17.761,0.0,18.6,20.9,20.3,12.77,-64.66,-3.8,-60.87,0.0,320.99,381.86,,ENE,,12.87,101263.77,101227.56,
029HI,2024-01-15T14:10:00Z,94980.0,12.872,99.6,1.816,63.46,2.279,0.0,18.111,19.378,20.911,17.739,0.0,18.6,20.9,20.3,12.76,-64.92,-3.81,-61.11,0.0,320.5,381.61,,ENE,,12.81,101263.77,101228.82,
029HI,2024-01-15T14:15:00Z,94990.0,12.872,99.9,1.795,63.2,2.387,0.0,18.078,19.361,20.9,17.7,0.0,18.6,20.9,20.3,12.76,-64.64,-3.69,-60.95,0.0,320.5,381.45,,ENE,,12.86,101274.43,101239.47,
029HI,2024-01-15T14:20:00Z,94990.0,12.85,100.0,1.729,62.13,2.166,0.0,18.05,19.328,20.928,17.689,0.0,18.6,20.9,20.3,12.76,-64.3,-3.7,-60.61,0.0,320.68,381.29,,ENE,,12.85,101274.43,101239.97,
029HI,2024-01-15T14:25:00Z,94990.0,12.822,100.0,1.801,62.32,2.33,0.0,18.022,19.3,20.9,17.65,0.0,18.6,20.9,20.3,12.76,-64.25,-3.7,-60.55,0.0,320.64,381.2,,ENE,,12.82,101274.43,101240.6,
029HI,2024-01-15T14:30:00Z,95000.0,12.828,100.0,1.677,59.54,2.222,0.0,17.989,19.289,20.922,17.611,0.0,18.6,20.9,20.3,12.75,-64.22,-3.81,-60.4,0.0,320.65,381.05,,ENE,,12.83,101285.09,101251.12,
029HI,2024-01-15T14:35:00Z,95000.0,12.8,99.9,1.718,60.65,2.279,0.0,17.961,19.272,20.9,17.578,0.0,18.6,20.9,20.3,12.75,-63.54,-3.8,-59.74,0.0,321.27,381.01,,ENE,,12.78,101285.09,101251.75,
029HI,2024-01-15T14:40:00Z,95000.0,12.772,100.0,1.615,58.32,2.279,0.0,17.933,19.239,20.889,17.539,0.0,18.6,20.9,20.3,12.75,-62.05,-3.73,-58.32,0.0,322.54,380.87,,ENE,,12.77,101285.09,101252.38,
029HI,2024-01-15T14:45:00Z,95010.0,12.75,100.0,1.667,59.69,2.444,0.0,17.906,19.222,20.9,17.511,0.0,18.6,20.9,20.3,12.75,-59.18,-3.54,-55.63,0.0,325.29,380.93,,ENE,,12.75,101295.75,101263.53,
029HI,2024-01-15T14:50:00Z,95010.0,12.75,100.0,1.703,61.93,2.222,0.0,17.872,19.189,20.922,17.472,0.0,18.6,20.8,20.3,12.74,-50.44,-3.11,-47.33,0.0,334.1,381.42,,ENE,,12.75,101295.75,101263.53,
029HI,2024-01-15T14:55:00Z,95010.0,12.822,100.0,1.729,60.01,2.387,0.0,17.844,19.161,20.928,17.5,0.0,18.6,20.8,20.3,12.74,-46.81,-2.93,-43.89,0.0,338.04,381.92,,ENE,,12.82,101295.75,101261.91,
029HI,2024-01-15T15:00:00Z,95000.0,12.861,100.0,1.734,64.89,2.444,0.0,17.817,19.161,20.911,17.422,0.0,18.6,20.8,20.3,12.73,-60.41,-3.43,-56.97,0.0,324.56,381.54,,ENE,,12.86,101285.09,101250.38,
029HI,2024-01-15T15:05:00Z,95000.0,12.9,100.0,1.662,64.75,2.279,0.0,17.789,19.128,20.9,17.411,0.0,18.6,20.8,20.3,12.73,-63.9,-3.78,-60.12,0.0,320.9,381.02,,ENE,,12.9,101285.09,101249.5,
029HI,2024-01-15T15:10:00Z,95000.0,12.922,99.9,1.574,63.33,2.166,0.0,17.767,19.128,20.911,17.361,0.0,18.6,20.8,20.3,12.73,-63.86,-3.81,-60.05,0.0,320.81,380.86,,ENE,,12.91,101285.09,101249.01,
029HI,2024-01-15T15:15:00Z,95000.0,12.922,99.9,1.451,59.35,2.279,,17.739,19.061,20.9,17.322,0.0,18.6,20.8,20.3,12.73,-63.53,-3.84,-59.68,0.0,321.05,380.73,,ENE,,12.91,101285.09,101249.01,
029HI,2024-01-15T15:20:00Z,95010.0,12.9,100.0,1.482,58.67,2.33,0.0,17.717,19.061,20.928,17.261,0.0,18.6,20.8,20.3,12.73,-63.31,-3.86,-59.44,0.0,321.1,380.55,,ENE,,12.9,101295.75,101260.16,
029HI,2024-01-15T15:25:00Z,95000.0,12.872,100.0,1.374,61.43,2.279,0.0,17.689,19.039,20.911,17.239,0.0,18.6,20.8,20.3,12.72,-63.54,-3.84,-59.69,0.0,320.71,380.4,,ENE,,12.87,101285.09,101250.13,
029HI,2024-01-15T15:30:00Z,95010.0,12.922,100.0,1.482,57.89,2.33,0.0,17.661,19.0,20.911,17.25,0.0,18.6,20.8,20.3,12.72,-62.45,-3.78,-58.67,0.0,321.8,380.48,,ENE,,12.92,101295.75,101259.67,
029HI,2024-01-15T15:35:00Z,95010.0,12.972,100.0,1.569,58.33,2.053,0.0,17.633,18.978,20.911,17.211,0.0,18.6,20.8,20.3,12.72,-58.74,-3.65,-55.08,0.02,325.73,380.81,,ENE,,12.97,101295.75,101258.54,
029HI,2024-01-15T15:40:00Z,95010.0,12.911,100.0,1.574,61.38,2.109,0.0,17.606,18.961,20.889,17.228,0.0,18.6,20.8,20.3,12.72,-62.6,-3.81,-58.8,0.0,321.84,380.63,,ENE,,12.91,101295.75,101259.91,
029HI,2024-01-15T15:45:00Z,95010.0,12.95,100.0,1.657,62.3,2.387,0.0,17.578,18.9,20.911,17.2,0.0,18.6,20.8,20.2,12.71,-62.94,-3.82,-59.12,0.0,321.58,380.7,,ENE,,12.95,101295.75,101259.04,
029HI,2024-01-15T15:50:00Z,95000.0,12.922,100.0,1.657,62.77,2.279,0.0,17.556,18.922,20.889,17.1,0.0,18.6,20.8,20.2,12.71,-63.4,-3.88,-59.52,0.0,321.01,380.53,,ENE,,12.92,101285.09,101249.01,
029HI,2024-01-15T15:55:00Z,94990.0,13.022,99.9,1.693,63.18,2.444,0.0,17.528,18.922,20.9,17.089,0.0,18.6,20.8,20.2,12.71,-63.99,-3.97,-60.02,0.05,,380.62,,ENE,,13.01,101274.43,101236.11,
029HI,2024-01-15T16:00:00Z,94990.0,12.939,99.8,1.595,61.86,2.33,0.0,17.506,18.872,20.861,17.078,0.0,18.6,20.8,20.2,12.71,-64.55,-4.12,-60.42,0.0,319.87,380.29,,ENE,,12.91,101274.43,101237.97,
029HI,2024-01-15T16:05:00Z,95000.0,12.911,99.8,1.59,60.8,2.33,0.0,17.478,18.872,20.9,17.061,0.0,18.6,20.8,20.2,12.7,-64.67,-4.15,-60.53,0.0,319.62,380.15,,ENE,,12.88,101285.09,101249.26,
029HI,2024-01-15T16:10:00Z,95000.0,12.861,99.9,1.708,62.49,2.33,0.0,17.456,18.828,20.9,17.028,0.0,18.6,20.8,20.2,12.7,-63.9,-4.02,-59.88,0.0,320.18,380.07,,ENE,,12.85,101285.09,101250.38,
029HI,2024-01-15T16:15:00Z,95000.0,12.828,99.9,1.749,62.52,2.387,0.0,17.433,18.85,20.922,17.011,0.0,18.6,20.8,20.2,12.7,-63.33,-3.87,-59.46,0.0,320.49,379.95,,ENE,,12.81,101285.09,101251.12,
029HI,2024-01-15T16:20:00Z,95000.0,12.822,100.0,1.708,62.68,2.33,0.0,17.406,18.778,20.922,16.978,0.0,18.6,20.8,20.2,12.69,-63.27,-3.82,-59.44,0.0,320.46,379.91,,ENE,,12.82,101285.09,101251.25,
029HI,2024-01-15T16:25:00Z,95000.0,12.9,100.0,1.749,64.0,2.5,0.0,17.383,18.778,20.9,16.95,0.0,18.6,20.8,20.2,12.69,-63.75,-3.79,-59.95,0.0,319.95,379.91,,ENE,,12.9,101285.09,101249.5,
029HI,2024-01-15T16:30:00Z,95000.0,12.872,100.0,1.698,62.84,2.387,0.0,17.356,18.789,20.889,16.911,0.0,18.6,20.8,20.2,12.69,-63.53,-3.84,-59.69,0.0,320.08,379.78,,ENE,,12.87,101285.09,101250.13,
029HI,2024-01-15T16:35:00Z,95000.0,12.839,100.0,1.775,64.8,2.33,0.0,17.333,18.739,20.889,16.889,0.0,18.6,20.8,20.2,12.69,-63.67,-3.73,-59.93,0.0,319.79,379.72,,ENE,,12.84,101285.09,101250.87,
029HI,2024-01-15T16:40:00Z,94990.0,12.822,100.0,1.801,64.85,2.279,0.0,17.306,18.722,20.872,16.861,0.0,18.6,20.8,20.2,12.69,-64.36,-3.88,-60.48,0.0,319.1,379.59,,ENE,,12.82,101274.43,101240.6,
029HI,2024-01-15T16:45:00Z,94990.0,12.75,100.0,1.78,61.31,2.444,0.0,17.283,18.689,20.911,16.85,0.0,18.6,20.8,20.2,12.68,-64.62,-3.93,-60.69,0.0,318.65,379.34,,ENE,,12.75,101274.43,101242.21,
029HI,2024-01-15T16:50:00Z,94990.0,12.7,99.6,1.801,61.49,2.387,0.0,17.261,18.689,20.889,16.8,0.0,18.6,20.8,20.2,12.68,-64.62,-3.75,-60.87,0.0,318.26,379.13,,ENE,,12.64,101274.43,101243.34,
029HI,2024-01-15T16:55:00Z,94990.0,12.611,99.4,1.826,60.72,2.5,0.0,17.239,18.65,20.911,16.789,0.0,18.6,20.8,20.2,12.68,-63.66,-2.79,-60.88,0.0,317.94,378.81,,ENE,,12.52,101274.43,101245.34,
029HI,2024-01-15T17:00:00Z,94990.0,12.572,99.6,1.837,58.74,2.5,0.0,17.217,18.628,20.889,16.778,0.0,18.6,20.8,20.2,12.68,-62.5,-1.47,-61.02,0.0,317.69,378.72,,ENE,,12.51,101274.43,101246.22,
029HI,2024-01-15T17:05:00Z,94990.0,12.611,99.4,1.873,60.39,2.444,0.59,17.194,18.639,20.889,16.739,0.0,18.6,20.8,20.2,12.68,-60.86,0.33,-61.2,0.26,317.61,378.8,,ENE,,12.52,101274.43,101245.34,
029HI,2024-01-15T17:10:00Z,94990.0,12.6,99.6,1.862,59.24,2.557,3.14,17.172,18.561,20.9,16.722,0.0,18.6,20.8,20.2,12.67,-58.37,2.74,-61.11,0.4,317.79,378.9,,ENE,,12.54,101274.43,101245.59,
029HI,2024-01-15T17:15:00Z,94990.0,12.622,99.5,1.795,58.14,2.557,5.66,17.144,18.578,20.911,16.7,0.0,18.6,20.8,20.2,12.67,-56.01,5.19,-61.2,0.47,317.71,378.91,,ENE,,12.54,101274.43,101245.09,
029HI,2024-01-15T17:20:00Z,94990.0,12.672,99.7,1.734,60.22,2.387,8.56,17.117,18.572,20.9,16.672,0.0,18.6,20.8,20.2,12.67,-53.32,7.9,-61.21,0.67,317.96,379.17,,ENE,,12.63,101274.43,101243.97,
029HI,2024-01-15T17:25:00Z,94990.0,12.639,99.6,1.816,59.99,2.665,11.55,17.094,18.539,20.889,16.639,0.0,18.6,20.8,20.2,12.67,-50.57,10.88,-61.45,0.67,317.92,379.37,,ENE,,12.58,101274.43,101244.71,
029HI,2024-01-15T17:30:00Z,94990.0,12.678,99.8,1.831,62.32,2.5,14.75,17.072,18.511,20.878,16.611,0.0,18.6,20.8,20.2,12.67,-47.88,13.87,-61.75,0.88,317.89,379.64,,ENE,,12.65,101274.43,101243.83,
029HI,2024-01-15T17:35:00Z,94990.0,12.811,99.7,1.729,64.37,2.665,17.6,17.056,18.539,20.878,16.578,0.0,18.6,20.8,20.2,12.67,-45.83,16.29,-62.12,1.32,318.01,380.13,,ENE,,12.76,101274.43,101240.84,
029HI,2024-01-15T17:40:00Z,95000.0,12.878,99.3,1.816,61.34,2.665,19.55,17.033,18.489,20.889,16.561,0.0,18.6,20.8,20.2,12.67,-43.97,18.3,-62.27,1.25,318.19,380.46,,ENE,,12.77,101285.09,101250.0,
029HI,2024-01-15T17:45:00Z,95000.0,12.978,98.4,1.811,57.64,2.444,21.67,17.017,18.461,20.878,16.539,0.0,18.6,20.8,20.2,12.67,-42.29,20.17,-62.46,1.49,318.17,380.64,,ENE,,12.73,101285.09,101247.76,
029HI,2024-01-15T17:50:00Z,95000.0,12.939,98.7,1.79,57.45,2.608,23.5,17.0,18.461,20.878,16.528,0.0,18.6,20.8,20.2,12.67,-40.39,22.21,-62.6,1.29,318.25,380.86,,ENE,,12.74,101285.09,101248.63,
029HI,2024-01-15T17:55:00Z,95000.0,12.972,98.6,1.826,59.21,2.557,25.56,16.983,18.428,20.872,16.5,0.0,18.6,20.8,20.2,12.68,-38.3,24.07,-62.37,1.5,318.73,381.1,,ENE,,12.75,101285.09,101247.89,
029HI,2024-01-15T18:00:00Z,95000.0,13.011,98.8,1.78,58.18,2.5,27.7,16.967,18.389,20.9,16.478,0.0,18.6,20.8,20.2,12.67,-36.17,26.02,-62.19,1.68,319.14,381.33,,ENE,,12.82,101285.09,101247.02,
029HI,2024-01-15T18:05:00Z,95010.0,13.078,99.0,1.765,61.77,2.557,34.71,16.956,18.378,20.878,16.45,0.0,18.6,20.8,20.2,12.68,-29.09,32.87,-61.96,1.84,319.68,381.64,,ENE,,12.92,101295.75,101256.17,
029HI,2024-01-15T18:10:00Z,95020.0,13.072,99.5,1.765,66.13,2.608,35.14,16.944,18.361,20.878,16.461,0.0,18.6,20.8,20.2,12.67,-28.72,33.14,-61.86,2.0,320.18,382.04,,ENE,,12.99,101306.41,101266.96,
029HI,2024-01-15T18:15:00Z,95020.0,13.189,99.7,1.718,65.97,2.5,34.61,16.928,18.361,20.889,16.439,0.0,18.6,20.8,20.2,12.67,-29.82,31.69,-61.51,2.91,321.08,382.59,,ENE,,13.14,101306.41,101264.34,
029HI,2024-01-15T18:20:00Z,95030.0,13.25,100.0,1.831,67.06,2.33,43.95,16.917,18.311,20.872,16.4,0.0,18.6,20.8,20.2,12.69,-20.65,40.99,-61.64,2.96,321.51,383.15,,ENE,,13.25,101317.08,101273.63,
029HI,2024-01-15T18:25:00Z,95030.0,13.389,100.0,1.744,67.43,2.444,99.79,16.906,18.339,20.878,16.389,0.0,18.6,20.7,20.2,12.72,34.65,96.09,-61.44,3.71,322.15,383.59,,ENE,,13.39,101317.08,101270.51,
029HI,2024-01-15T18:30:00Z,95030.0,13.561,100.0,1.718,68.44,2.387,68.46,16.894,18.272,20.878,16.4,0.0,18.6,20.7,20.2,12.76,-0.17,62.35,-62.52,6.11,322.23,384.75,,ENE,,13.56,101317.08,101266.67,
029HI,2024-01-15T18:35:00Z,95030.0,13.839,100.0,1.456,67.5,2.387,71.55,16.856,18.278,20.872,16.361,0.0,18.6,20.7,20.2,12.78,-0.44,63.52,-63.95,8.03,321.1,385.05,,ENE,,13.84,101317.08,101260.46,
029HI,2024-01-15T18:40:00Z,95030.0,14.0,100.0,1.425,66.72,2.166,40.6,16.856,18.25,20.861,16.361,0.0,18.6,20.7,20.2,12.69,-31.74,32.56,-64.3,8.04,321.56,385.85,,ENE,,14.0,101317.08,101256.87,
029HI,2024-01-15T18:45:00Z,95040.0,14.15,100.0,1.245,66.84,2.166,41.01,16.894,18.25,20.878,16.328,0.0,18.6,20.7,20.2,12.67,-32.36,32.83,-65.18,8.18,322.1,387.29,,ENE,,14.15,101327.74,101264.19,
029HI,2024-01-15T18:50:00Z,95040.0,14.328,100.0,1.132,66.42,1.831,51.89,16.889,18.222,20.872,16.311,0.0,18.6,20.7,20.2,12.68,-22.98,42.74,-65.72,9.15,322.59,388.32,,ENE,,14.33,101327.74,101260.23,
029HI,2024-01-15T18:55:00Z,95040.0,14.539,100.0,1.194,68.22,2.053,148.39,16.883,18.211,20.872,16.3,0.0,18.6,20.7,20.2,12.74,72.42,137.83,-65.41,10.56,323.91,389.32,,ENE,,14.54,101327.74,101255.54,
029HI,2024-01-15T19:00:00Z,95040.0,14.872,99.9,0.89,68.31,1.61,113.74,16.85,18.211,20.861,16.322,0.0,18.6,20.7,20.2,12.85,33.61,101.03,-67.43,12.71,322.64,390.07,,ENE,,14.86,101327.74,101248.16,
029HI,2024-01-15T19:05:00Z,95050.0,15.189,99.9,0.622,63.92,1.446,113.24,16.844,18.178,20.85,16.3,0.0,18.6,20.7,20.2,12.74,30.6,98.74,-68.14,14.49,323.53,391.67,,ENE,,15.17,101338.4,101251.8,
029HI,2024-01-15T19:10:00Z,95050.0,15.728,98.6,0.592,84.9,1.389,96.94,16.872,18.139,20.85,16.289,0.0,18.6,20.7,20.1,12.74,10.81,80.26,-69.45,16.68,324.99,394.44,,E,,15.51,101338.4,101239.91,
029HI,2024-01-15T19:15:00Z,95050.0,16.35,96.2,0.592,82.1,1.945,121.49,16.844,18.139,20.861,16.278,0.0,18.6,20.7,20.1,13.0,32.83,104.14,-71.31,17.36,324.38,395.68,,E,,15.74,101338.4,101226.26,
029HI,2024-01-15T19:20:00Z,95050.0,16.789,96.0,0.319,78.19,1.168,133.04,16.822,18.128,20.861,16.278,0.0,18.6,20.7,20.1,13.14,41.25,112.96,-71.7,20.08,324.28,395.98,,ENE,,16.14,101338.4,101216.66,
029HI,2024-01-15T19:25:00Z,95050.0,17.039,94.9,0.499,104.8,1.888,142.81,16.867,18.128,20.861,16.289,0.0,18.6,20.7,20.1,13.24,47.06,119.06,-72.0,23.75,326.27,398.28,,ESE,,16.21,101338.4,101211.21,
029HI,2024-01-15T19:30:00Z,95050.0,17.578,92.8,0.458,82.7,1.389,503.56,16.872,18.1,20.85,16.289,0.0,18.6,20.7,20.1,13.53,404.34,476.1,-71.76,27.46,329.42,401.18,,E,,16.39,101338.4,101199.48,
029HI,2024-01-15T19:35:00Z,95050.0,18.111,91.1,0.309,113.7,1.667,525.24,16.856,18.078,20.889,16.311,0.0,18.6,20.7,20.1,13.66,413.31,488.65,-75.33,36.59,330.07,405.4,,ESE,,16.62,101338.4,101187.94,
029HI,2024-01-15T19:40:00Z,95050.0,18.5,90.7,0.268,87.3,1.168,541.82,16.889,18.061,20.839,16.3,0.0,18.6,20.7,20.1,13.72,416.15,496.68,-80.53,45.15,331.13,411.66,,E,,16.94,101338.4,101179.53,
029HI,2024-01-15T19:45:00Z,95050.0,19.078,87.7,0.442,208.3,1.945,559.14,16.95,18.061,20.839,16.311,0.0,18.6,20.7,20.1,13.76,,507.8,-85.8,51.34,332.61,418.41,,SSW,,16.98,101338.4,101167.09,
029HI,2024-01-15T19:50:00Z,95050.0,19.65,85.9,0.412,167.5,1.723,574.09,17.039,18.078,20.85,16.328,0.0,18.6,20.7,20.1,13.74,430.02,519.27,-89.25,54.81,333.61,422.86,,SSE,,17.21,101338.4,101154.83,
029HI,2024-01-15T19:55:00Z,95040.0,19.9,84.5,0.478,224.8,1.61,588.56,17.156,18.05,20.839,16.35,0.0,18.7,20.7,20.2,13.67,439.4,531.68,-92.27,56.89,334.6,426.87,,SW,,17.19,101327.74,101138.85,
029HI,2024-01-15T20:00:00Z,95040.0,20.239,83.7,0.535,214.0,1.831,603.56,17.289,18.028,20.85,16.372,0.0,18.7,20.7,20.1,13.68,449.56,544.19,-94.63,59.37,335.36,429.99,,SW,,17.37,101327.74,101131.62,
029HI,2024-01-15T20:05:00Z,95040.0,20.522,84.2,0.37,252.2,2.166,619.08,17.433,18.028,20.861,16.411,0.0,18.6,20.7,20.2,13.68,460.65,557.93,-97.28,61.14,336.09,433.37,,WSW,,17.75,101327.74,101125.58,
029HI,2024-01-15T20:10:00Z,95040.0,20.739,81.9,0.381,236.8,1.554,633.9,17.578,17.978,20.839,16.489,0.0,18.7,20.7,20.2,13.68,471.29,570.69,-99.4,63.21,336.86,436.26,,WSW,,17.52,101327.74,101120.99,
029HI,2024-01-15T20:15:00Z,95030.0,21.039,81.6,0.268,219.3,1.446,646.68,17.722,18.039,20.828,16.572,0.0,18.6,20.7,20.1,13.66,479.75,581.99,-102.24,64.69,337.2,439.44,,SW,,17.75,101317.08,101103.98,
029HI,2024-01-15T20:20:00Z,95030.0,21.028,79.16,0.941,247.0,2.053,661.4,17.861,17.978,20.822,16.672,0.0,18.6,20.7,20.1,13.65,492.81,595.75,-102.95,65.65,338.38,441.33,,WSW,,17.26,101317.08,101104.23,
029HI,2024-01-15T20:25:00Z,95020.0,21.122,79.44,0.381,157.6,1.61,674.32,18.006,18.0,20.811,16.739,0.0,18.7,20.7,20.1,13.64,500.15,605.77,-105.62,68.55,338.14,443.76,,SSE,,17.41,101306.41,101091.6,
029HI,2024-01-15T20:30:00Z,95010.0,21.278,79.67,0.602,217.7,1.945,687.47,18.144,18.0,20.811,16.861,0.0,18.7,20.7,20.1,13.62,509.67,617.52,-107.85,69.95,338.66,446.51,,SW,,17.6,101295.75,101077.65,
029HI,2024-01-15T20:35:00Z,95010.0,21.239,79.21,0.772,240.3,2.33,700.5,18.294,18.0,20.828,16.978,0.0,18.7,20.7,20.1,13.63,519.56,629.0,-109.44,71.5,339.26,448.7,,WSW,,17.47,101295.75,101078.48,
029HI,2024-01-15T20:40:00Z,95010.0,21.428,79.95,0.489,236.4,1.667,710.75,18.444,18.011,20.85,17.078,0.0,18.7,20.7,20.1,13.63,525.44,637.94,-112.49,72.81,339.42,451.92,,WSW,,17.81,101295.75,101074.48,
029HI,2024-01-15T20:45:00Z,95010.0,21.4,78.62,0.988,237.0,2.886,724.05,18.594,17.989,20.828,17.261,0.0,18.7,20.7,20.1,13.63,535.99,649.98,-113.99,74.06,339.43,453.42,,WSW,,17.51,101295.75,101075.08,
029HI,2024-01-15T20:50:00Z,95000.0,21.278,78.54,0.972,216.1,2.053,736.03,18.761,18.028,20.822,17.4,0.0,18.7,20.7,20.1,13.61,543.59,659.69,-116.1,76.34,338.87,454.97,,SW,,17.38,101285.09,101067.02,
029HI,2024-01-15T20:55:00Z,94990.0,21.578,78.66,0.417,244.3,2.387,748.82,18.922,18.028,20.778,17.511,0.0,18.7,20.7,20.1,13.62,551.19,670.35,-119.16,78.47,339.54,458.7,,WSW,,17.69,101274.43,101050.04,
029HI,2024-01-15T21:00:00Z,94980.0,21.928,77.28,0.797,241.3,2.444,762.32,19.078,18.028,20.822,17.672,0.0,18.7,20.7,20.1,13.61,560.36,682.22,-121.86,80.1,339.35,461.21,,WSW,,17.75,101263.77,101032.03,
029HI,2024-01-15T21:05:00Z,94970.0,21.861,76.8,0.813,238.0,2.166,769.63,19.244,18.061,20.811,17.811,0.0,18.6,20.7,20.1,13.6,564.59,689.06,-124.48,80.57,338.54,463.01,,WSW,,17.59,101253.11,101022.81,
029HI,2024-01-15T21:10:00Z,94960.0,21.95,76.06,0.797,254.4,2.222,780.9,19.417,18.061,20.839,17.989,0.0,18.6,20.7,20.1,13.61,571.93,698.79,-126.87,82.11,338.5,465.36,,WSW,,17.52,101242.44,101010.31,
029HI,2024-01-15T21:15:00Z,94950.0,22.15,76.47,0.88,240.1,2.279,789.31,19.583,18.089,20.811,18.139,0.0,18.6,20.7,20.1,13.6,576.46,705.5,-129.04,83.81,338.41,467.45,,WSW,,17.8,101231.78,100995.46,
029HI,2024-01-15T21:20:00Z,94950.0,21.911,76.63,0.777,260.6,2.166,795.97,19.761,18.139,20.8,18.339,0.0,18.6,20.7,20.1,13.59,582.66,712.18,-129.52,83.79,338.47,467.99,,W,,17.6,101231.78,101000.49,
029HI,2024-01-15T21:25:00Z,94940.0,22.172,77.05,0.926,223.1,2.109,805.89,19.944,18.15,20.811,18.489,0.0,18.6,20.7,20.1,13.59,588.3,719.57,-131.27,86.32,339.18,470.46,,SW,,17.94,101221.12,100984.35,
029HI,2024-01-15T21:30:00Z,94930.0,22.139,77.16,1.111,250.7,3.663,815.95,20.122,18.189,20.8,18.639,0.0,18.6,20.7,20.1,13.59,595.43,728.6,-133.17,87.35,338.71,471.87,,WSW,,17.93,101210.46,100974.41,
029HI,2024-01-15T21:35:00Z,94920.0,22.222,76.21,1.466,241.7,3.39,822.71,20.3,18.239,20.778,18.811,0.0,18.6,20.7,20.1,13.59,599.66,734.04,-134.38,88.67,338.32,472.7,,WSW,,17.81,101199.8,100962.04,
029HI,2024-01-15T21:40:00Z,94910.0,22.1,75.69,1.559,252.6,3.056,827.26,20.472,18.261,20.8,18.978,0.0,18.6,20.7,20.1,13.59,601.48,737.86,-136.38,89.4,338.0,474.38,,WSW,,17.59,101189.14,100953.97,
029HI,2024-01-15T21:45:00Z,94900.0,21.961,76.15,1.029,243.9,2.557,834.84,20.644,18.278,20.8,19.178,0.0,18.6,20.7,20.1,13.59,606.51,744.36,-137.84,90.48,338.27,476.11,,WSW,,17.55,101178.48,100946.25,
029HI,2024-01-15T21:50:00Z,94890.0,22.511,75.52,0.808,244.1,3.164,842.04,20.811,18.3,20.789,19.328,0.0,18.6,20.7,20.1,13.59,607.99,748.82,-140.83,93.22,338.56,479.4,,WSW,,17.95,101167.81,100924.07,
029HI,2024-01-15T21:55:00Z,94880.0,22.561,75.08,0.957,234.2,2.943,846.42,20.989,18.389,20.772,19.472,0.0,18.6,20.7,20.1,13.59,611.59,753.75,-142.16,92.67,338.59,480.75,,SW,,17.9,101157.15,100912.39,
029HI,2024-01-15T22:00:00Z,94870.0,22.422,74.17,1.415,248.1,3.39,849.68,21.172,18.4,20.8,19.622,0.0,18.6,20.7,20.1,13.58,615.72,757.51,-141.79,92.17,339.13,480.93,,WSW,,17.58,101146.49,100904.67,
029HI,2024-01-15T22:05:00Z,94860.0,22.639,73.29,0.947,265.7,2.608,851.95,21.35,18.478,20.772,19.75,0.0,18.6,20.7,20.1,13.58,614.91,758.46,-143.54,93.5,338.95,482.49,,W,,17.6,101135.83,100889.5,
029HI,2024-01-15T22:10:00Z,94860.0,22.761,71.76,0.7,242.7,3.112,851.59,21.522,18.522,20.772,19.928,0.0,18.6,20.7,20.1,13.58,614.04,757.82,-143.78,93.77,339.04,482.82,,WSW,,17.38,101135.83,100886.96,
029HI,2024-01-15T22:15:00Z,94850.0,22.572,73.63,1.476,245.3,4.275,856.38,21.7,18.572,20.778,20.072,0.0,18.6,20.7,20.1,13.57,618.76,762.43,-143.68,93.94,340.74,484.42,,WSW,,17.6,101125.17,100880.26,
029HI,2024-01-15T22:20:00Z,94840.0,23.022,72.09,0.643,248.7,1.945,857.38,21.878,18.639,20.772,20.222,0.0,18.6,20.7,20.1,13.58,615.09,761.65,-146.56,95.73,339.8,486.36,,WSW,,17.7,101114.51,100860.23,
029HI,2024-01-15T22:25:00Z,94830.0,22.789,71.85,1.394,252.8,3.833,857.59,22.044,18.7,20.75,20.411,0.0,18.6,20.6,20.1,13.58,617.98,762.96,-144.98,94.62,341.35,486.33,,WSW,,17.42,101103.84,100854.47,
029HI,2024-01-15T22:30:00Z,94810.0,22.528,73.13,1.512,244.9,,860.87,22.217,18.778,20.772,20.539,0.0,18.6,20.7,20.1,13.58,619.35,765.36,-146.01,95.51,340.75,486.76,,WSW,,17.45,101082.52,100838.65,
029HI,2024-01-15T22:35:00Z,94800.0,23.05,72.97,1.163,234.7,3.39,862.37,22.378,18.811,20.75,20.722,0.0,18.6,20.7,20.1,13.57,616.85,765.1,-148.25,97.27,340.95,489.19,,SW,,17.92,101071.86,100817.1,
029HI,2024-01-15T22:40:00Z,94790.0,23.061,72.65,0.797,229.6,2.444,859.93,22.533,18.878,20.75,20.861,0.0,18.6,20.7,20.1,13.58,613.54,762.98,-149.44,96.95,340.76,490.2,,SW,,17.86,101061.2,100806.24,
029HI,2024-01-15T22:45:00Z,94770.0,23.011,72.93,0.761,239.1,2.608,858.58,22.694,18.95,20.761,21.028,0.0,18.5,20.7,20.1,13.58,612.08,761.82,-149.75,96.75,341.12,490.87,,WSW,,17.88,101039.87,100786.01,
029HI,2024-01-15T22:50:00Z,94760.0,23.222,72.94,0.612,159.7,2.109,857.94,22.85,19.028,20.75,21.222,0.0,18.5,20.7,20.1,13.58,609.64,761.08,-151.43,96.87,340.83,492.26,,SSE,,18.08,101029.21,100770.98,
029HI,2024-01-15T22:55:00Z,94750.0,23.422,73.57,0.679,231.2,1.831,855.53,23.011,19.061,20.772,21.411,0.0,18.5,20.7,20.1,13.58,605.72,758.57,-152.85,96.97,341.85,494.7,,SW,,18.41,101018.55,100756.17,
029HI,2024-01-15T23:00:00Z,94750.0,23.672,72.8,0.751,248.3,2.387,851.62,23.172,19.172,20.722,21.578,0.0,18.5,20.7,20.1,13.58,602.73,755.56,-152.84,96.06,343.12,495.96,,WSW,,18.49,101018.55,100750.99,
029HI,2024-01-15T23:05:00Z,94740.0,23.872,72.25,1.003,248.4,2.387,848.63,23.328,19.239,20.739,21.761,0.0,18.5,20.7,20.1,13.58,600.58,752.8,-152.22,95.83,343.84,496.06,,WSW,,18.56,101007.89,100736.21,
029HI,2024-01-15T23:10:00Z,94730.0,23.389,74.09,1.456,244.0,3.39,844.71,23.483,19.3,20.75,21.911,0.0,18.5,20.7,20.1,13.58,598.17,750.1,-151.94,94.61,343.48,495.42,,WSW,,18.49,100997.23,100735.59,
029HI,2024-01-15T23:15:00Z,94720.0,23.361,74.23,1.26,251.2,3.112,841.21,23.639,19.4,20.739,22.05,0.0,18.5,20.7,20.1,13.59,593.14,745.47,-152.34,95.73,343.33,495.67,,WSW,,18.5,100986.57,100725.53,
029HI,2024-01-15T23:20:00Z,94720.0,23.622,72.71,1.291,249.8,3.056,836.6,23.789,19.472,20.722,22.261,0.0,18.5,20.7,20.1,13.57,588.66,740.75,-152.09,95.84,344.38,496.47,,WSW,,18.42,100986.57,100720.12,
029HI,2024-01-15T23:25:00Z,94710.0,23.939,73.44,0.941,233.4,2.387,829.62,23.933,19.55,20.728,22.461,0.0,18.5,20.7,20.1,13.57,580.74,733.38,-152.63,96.24,346.31,498.94,,SW,,18.88,100975.91,100702.91,
029HI,2024-01-15T23:30:00Z,94700.0,24.089,72.44,0.89,248.5,2.557,820.41,24.072,19.622,20.711,22.611,0.0,18.5,20.7,20.1,13.57,575.44,726.16,-150.72,94.25,347.69,498.41,,WSW,,18.81,100965.24,100689.18,
029HI,2024-01-15T23:35:00Z,94690.0,23.7,73.67,1.837,244.4,3.498,814.11,24.217,19.7,20.722,22.8,0.0,18.5,20.6,20.1,13.57,572.36,721.32,-148.97,92.79,348.28,497.25,,WSW,,18.7,100954.58,100686.6,
029HI,2024-01-15T23:40:00Z,94690.0,23.422,74.76,1.729,249.8,3.277,806.07,24.356,19.761,20.722,22.978,0.0,18.4,20.6,20.1,13.58,566.47,714.35,-147.88,91.72,347.71,495.59,,WSW,,18.67,100954.58,100692.36,
029HI,2024-01-15T23:45:00Z,94690.0,23.55,75.82,1.266,245.4,3.056,798.93,24.478,19.839,20.7,23.178,0.0,18.4,20.6,20.1,13.58,557.78,705.83,-148.05,93.1,348.61,496.65,,WSW,,19.02,100954.58,100689.69,
029HI,2024-01-15T23:50:00Z,94680.0,23.639,75.64,1.019,241.5,2.886,789.81,24.594,19.939,20.728,23.35,0.0,18.4,20.6,20.1,13.58,550.51,697.74,-147.23,92.07,349.66,496.89,,WSW,,19.07,100943.92,100677.21,
029HI,2024-01-15T23:55:00Z,94680.0,24.139,74.47,0.653,203.6,2.222,782.91,24.7,20.011,20.722,23.5,0.0,18.4,20.6,20.1,13.57,540.59,689.42,-148.83,93.49,350.55,499.38,,SSW,,19.3,100943.92,100666.86,
029HI,2024-01-16T00:00:00Z,94670.0,24.878,70.07,0.412,192.4,1.945,773.37,24.8,20.111,20.689,23.628,0.0,18.4,20.6,20.1,13.56,530.84,680.54,-149.69,92.83,351.82,501.52,,SSW,,19.03,100933.26,100641.03,
029HI,2024-01-16T00:05:00Z,94670.0,24.811,69.85,0.684,169.9,2.608,761.28,24.906,20.172,20.689,23.822,0.0,18.4,20.6,20.1,13.56,523.05,670.84,-147.79,90.44,353.06,500.85,,S,,18.92,100933.26,100642.41,
029HI,2024-01-16T00:10:00Z,94660.0,25.35,71.67,0.731,235.0,1.945,751.18,25.022,20.278,20.7,23.961,0.0,18.4,20.6,20.1,13.56,512.82,661.47,-148.65,89.7,354.94,503.6,,SW,,19.85,100922.6,100620.68,
029HI,2024-01-16T00:15:00Z,94660.0,25.272,70.56,1.296,247.6,3.442,739.39,25.139,20.35,20.672,24.072,0.0,18.4,20.6,20.1,13.56,506.32,652.76,-146.44,86.62,355.23,501.67,,WSW,,19.52,100922.6,100622.29,
029HI,2024-01-16T00:20:00Z,94660.0,24.922,72.0,1.019,248.0,2.665,729.72,25.25,20.439,20.672,24.228,0.0,18.3,20.6,20.1,13.56,496.47,643.49,-147.02,86.24,354.49,501.51,,WSW,,19.51,100922.6,100629.47,
029HI,2024-01-16T00:25:00Z,94650.0,25.122,69.73,1.019,235.5,2.665,717.99,25.35,20.528,20.689,24.389,0.0,18.3,20.6,20.1,13.56,486.68,632.0,-145.32,85.99,355.58,500.9,,SW,,19.19,100911.94,100614.75,
029HI,2024-01-16T00:30:00Z,94650.0,25.361,65.84,1.266,243.9,4.11,706.71,25.45,20.6,20.678,24.522,0.0,18.3,20.6,20.1,13.54,477.35,621.31,-143.95,85.4,357.33,501.29,,WSW,,18.5,100911.94,100609.89,
029HI,2024-01-16T00:35:00Z,94650.0,25.472,66.5,0.71,232.9,2.665,693.45,25.544,20.689,20.661,24.628,0.0,18.3,20.6,20.1,13.54,465.5,609.04,-143.54,84.41,357.31,500.85,,SW,,18.76,100911.94,100607.61,
029HI,2024-01-16T00:40:00Z,94650.0,25.578,68.07,1.188,253.9,2.778,680.46,25.633,20.739,20.672,24.778,0.0,18.3,20.6,20.1,13.54,455.17,598.04,-142.87,82.41,358.23,501.1,,WSW,,19.24,100911.94,100605.42,
029HI,2024-01-16T00:45:00Z,94650.0,25.1,68.93,1.893,253.5,3.776,666.27,25.733,20.85,20.678,24.9,0.0,18.3,20.6,20.1,13.54,446.79,586.3,-139.51,79.97,358.8,498.31,,WSW,,18.98,100911.94,100615.21,
029HI,2024-01-16T00:50:00Z,94640.0,24.711,70.65,1.584,250.7,2.608,651.85,25.833,20.939,20.7,25.011,0.0,18.3,20.6,20.1,13.54,435.24,572.67,-137.44,79.18,359.61,497.04,,WSW,,19.01,100901.27,100612.57,
029HI,2024-01-16T00:55:00Z,94640.0,24.961,70.79,1.188,244.5,2.5,637.65,25.911,20.978,20.672,25.128,0.0,18.3,20.6,20.1,13.54,422.03,558.84,-136.81,78.81,360.09,496.9,,WSW,,19.28,100901.27,100607.42,
029HI,2024-01-16T01:00:00Z,94640.0,25.111,70.58,0.813,246.0,2.778,622.39,25.983,21.089,20.661,25.222,0.0,18.3,20.6,20.1,13.54,409.16,544.61,-135.45,77.78,361.01,496.46,,WSW,,19.37,100901.27,100604.34,
029HI,2024-01-16T01:05:00Z,94640.0,25.1,70.97,1.358,250.2,2.665,606.8,26.05,21.189,20.661,25.339,0.0,18.2,20.6,20.1,13.54,397.43,531.25,-133.81,75.55,362.06,495.87,,WSW,,19.45,100901.27,100604.56,
029HI,2024-01-16T01:10:00Z,94650.0,24.9,72.46,0.741,262.1,2.109,591.84,26.128,21.239,20.65,25.422,0.0,18.2,20.6,20.1,13.54,384.73,517.66,-132.94,74.17,362.74,495.67,,W,,19.6,100911.94,100619.29,
029HI,2024-01-16T01:15:00Z,94650.0,24.978,72.33,1.137,225.0,3.555,575.62,26.206,21.322,20.661,25.561,0.0,18.2,20.6,20.1,13.53,370.79,502.31,-131.52,73.31,362.67,494.19,,SW,,19.64,100911.94,100617.68,
029HI,2024-01-16T01:20:00Z,94650.0,24.661,74.52,0.617,231.5,1.775,558.21,26.283,21.428,20.65,25.622,0.0,18.2,20.6,20.1,13.53,356.72,487.01,-130.29,71.2,362.31,492.6,,SW,,19.82,100911.94,100624.19,
029HI,2024-01-16T01:25:00Z,94650.0,24.872,74.05,0.412,219.5,1.723,542.17,26.367,21.461,20.661,25.728,0.0,18.2,20.6,20.1,13.53,341.75,471.76,-130.01,70.41,362.17,492.18,,SW,,19.92,100911.94,100619.85,
029HI,2024-01-16T01:30:00Z,94660.0,24.778,74.2,0.705,238.7,1.945,526.85,26.439,21.561,20.628,25.728,0.0,18.2,20.6,20.1,13.53,328.87,458.57,-129.7,68.28,361.61,491.3,,WSW,,19.86,100922.6,100632.41,
029HI,2024-01-16T01:35:00Z,94660.0,24.428,74.09,1.075,249.5,2.279,509.24,26.511,21.678,20.639,25.861,0.0,18.1,20.6,20.1,13.53,316.11,443.69,-127.58,65.55,360.62,488.21,,WSW,,19.5,100922.6,100639.63,
029HI,2024-01-16T01:40:00Z,94660.0,24.178,74.7,1.111,246.7,3.22,493.03,26.583,21.689,20.628,25.889,0.0,18.1,20.6,20.1,13.53,301.14,428.21,-127.07,64.82,359.86,486.93,,WSW,,19.39,100922.6,100644.79,
029HI,2024-01-16T01:45:00Z,94670.0,23.722,76.19,1.055,248.5,2.608,475.27,26.65,21.8,20.628,25.978,0.0,18.1,20.6,20.1,13.52,288.47,412.72,-124.25,62.55,359.28,483.53,,WSW,,19.27,100933.26,100664.85,
029HI,2024-01-16T01:50:00Z,94670.0,23.889,76.83,0.463,212.0,1.888,458.82,26.694,21.889,20.639,26.022,0.0,18.1,20.6,20.1,13.54,271.43,395.47,-124.04,63.36,358.95,482.99,,SSW,,19.56,100933.26,100661.38,
029HI,2024-01-16T01:55:00Z,94670.0,23.878,77.05,0.741,175.2,2.778,440.59,26.733,21.928,20.639,26.078,0.0,18.1,20.6,20.1,13.54,255.2,378.27,-123.07,62.32,358.97,482.03,,S,,19.6,100933.26,100661.61,
029HI,2024-01-16T02:00:00Z,94680.0,23.911,77.61,0.37,239.4,1.497,422.05,26.778,22.011,20.622,26.128,0.0,18.1,20.6,20.1,13.53,240.48,362.01,-121.53,60.05,359.02,480.55,,WSW,,19.75,100943.92,100671.55,
029HI,2024-01-16T02:05:00Z,94690.0,23.9,77.9,0.648,251.9,1.667,403.01,26.822,22.111,20.628,26.172,0.0,18.1,20.6,20.1,13.54,225.2,345.31,-120.11,57.7,359.61,479.71,,WSW,,19.8,100954.58,100682.41,
029HI,2024-01-16T02:10:00Z,94690.0,23.978,78.43,0.89,249.1,2.608,385.36,26.861,22.161,20.622,26.211,0.0,18.1,20.6,20.1,13.54,211.09,329.19,-118.1,56.17,360.25,478.35,,WSW,,19.98,100954.58,100680.79,
029HI,2024-01-16T02:15:00Z,94700.0,23.411,80.3,1.389,251.2,3.334,366.59,26.889,22.239,20.622,26.222,0.0,18.0,20.6,20.1,13.54,199.47,313.71,-114.24,52.88,359.97,474.22,,WSW,,19.81,100965.24,100703.17,
029HI,2024-01-16T02:20:00Z,94700.0,23.35,81.5,1.06,242.8,2.721,348.87,26.922,22.272,20.622,26.25,0.0,18.0,20.6,20.1,13.54,181.29,295.78,-114.48,53.1,358.7,473.19,,WSW,,19.99,100965.24,100704.43,
029HI,2024-01-16T02:25:00Z,94710.0,23.039,82.3,0.761,251.0,2.222,328.51,26.933,22.361,20.611,26.278,0.0,18.0,20.6,20.1,13.54,165.76,278.27,-112.51,50.24,357.59,470.1,,WSW,,19.85,100975.91,100721.53,
029HI,2024-01-16T02:30:00Z,94710.0,23.1,83.2,0.427,233.1,1.775,308.86,26.939,22.378,20.639,26.272,0.0,18.0,20.6,20.1,13.54,148.23,259.59,-111.37,49.27,357.74,469.1,,SW,,20.08,100975.91,100720.25,
029HI,2024-01-16T02:35:00Z,94720.0,23.072,84.0,0.648,203.7,2.279,289.56,26.928,22.472,20.628,26.272,0.0,18.0,20.6,20.0,13.54,131.74,242.06,-110.32,47.5,357.87,468.2,,SSW,,20.21,100986.57,100731.46,
029HI,2024-01-16T02:40:00Z,94720.0,23.139,84.1,0.808,252.7,3.164,275.61,26.922,22.539,20.611,26.228,0.0,18.0,20.6,20.0,13.54,123.54,230.02,-106.47,45.59,359.4,465.88,,WSW,,20.29,100986.57,100730.06,
029HI,2024-01-16T02:45:00Z,94720.0,22.8,85.2,1.266,242.2,3.277,253.08,26.922,22.6,20.6,26.272,0.0,18.0,20.6,20.0,13.54,106.78,211.3,-104.51,41.79,358.46,462.98,,WSW,,20.17,100986.57,100737.13,
029HI,2024-01-16T02:50:00Z,94730.0,22.578,86.5,0.89,242.6,2.387,259.37,26.928,22.639,20.628,26.25,0.0,18.0,20.5,20.0,13.54,121.73,216.04,-94.31,43.33,366.95,461.26,,WSW,,20.2,100997.23,100752.39,
029HI,2024-01-16T02:55:00Z,94730.0,22.689,87.2,1.132,252.1,2.943,268.55,26.9,22.689,20.622,26.239,0.0,18.0,20.5,20.0,13.54,160.9,225.77,-64.86,42.78,398.8,463.67,,WSW,,20.44,100997.23,100750.06,
029HI,2024-01-16T03:00:00Z,94730.0,22.339,88.7,1.003,244.6,2.778,185.72,26.861,22.739,20.6,26.239,0.0,18.0,20.5,20.0,13.47,106.44,161.96,-55.52,23.76,403.93,459.45,,WSW,,20.37,100997.23,100757.38,
029HI,2024-01-16T03:05:00Z,94730.0,21.972,90.4,0.725,229.5,,104.16,26.833,22.811,20.628,26.172,0.0,17.9,20.5,20.0,13.4,51.58,93.8,-42.22,10.37,411.49,453.7,,SW,,20.32,100997.23,100765.06,
029HI,2024-01-16T03:10:00Z,94730.0,21.661,91.6,0.792,237.9,2.608,90.42,26.778,22.828,20.578,26.2,0.0,17.9,20.5,20.0,13.38,44.33,81.25,-36.92,9.17,413.22,450.15,,WSW,,20.23,100997.23,100771.59,
029HI,2024-01-16T03:15:00Z,94740.0,21.428,92.8,0.489,181.1,2.053,73.37,26.7,22.928,20.6,26.128,0.0,17.9,20.5,20.0,13.33,35.61,65.66,-30.06,7.71,418.3,448.36,,S,,20.21,101007.89,100787.13,
029HI,2024-01-16T03:20:00Z,94740.0,21.339,93.4,0.36,167.7,1.446,51.53,26.606,22.939,20.611,26.111,0.0,17.9,20.5,20.0,13.24,19.11,46.21,-27.1,5.32,419.13,446.23,,SSE,,20.22,101007.89,100789.0,
029HI,2024-01-16T03:25:00Z,94740.0,21.189,94.2,0.298,241.2,1.497,40.81,26.539,23.0,20.6,26.061,0.0,17.9,20.5,20.0,13.16,12.67,36.5,-23.83,4.31,421.56,445.39,,WSW,,20.21,101007.89,100792.17,
029HI,2024-01-16T03:30:00Z,94750.0,21.111,94.6,0.154,150.9,1.332,37.0,26.439,23.028,20.6,26.039,0.0,17.9,20.5,20.0,13.19,9.44,32.98,-23.54,4.03,420.46,444.0,,SSE,,20.21,101018.55,100804.45,
029HI,2024-01-16T03:35:00Z,94750.0,21.022,94.9,0.077,316.0,0.72,29.92,26.317,23.039,20.6,26.022,0.0,17.9,20.5,20.0,13.16,3.87,26.62,-22.74,,419.34,442.08,,NW,,20.17,101018.55,100806.33,
029HI,2024-01-16T03:40:00Z,94760.0,20.922,95.2,0.19,266.8,1.332,28.74,26.256,23.089,20.6,25.972,0.0,17.9,20.5,20.0,13.11,4.46,25.66,-21.2,3.08,420.68,441.89,,W,,20.12,101029.21,100819.08,
029HI,2024-01-16T03:45:00Z,94760.0,20.828,95.5,0.298,247.6,1.224,21.68,26.167,23.128,20.611,25.922,0.0,17.9,20.5,20.0,13.16,-1.55,19.56,-21.11,2.12,420.01,441.13,,WSW,,20.08,101029.21,100821.07,
029HI,2024-01-16T03:50:00Z,94770.0,20.761,96.1,0.067,188.9,0.89,13.13,26.05,23.172,20.6,25.811,0.0,17.8,20.5,20.0,13.11,-8.22,11.86,-20.08,1.27,419.04,439.12,,S,,20.11,101039.87,100833.13,
029HI,2024-01-16T03:55:00Z,94770.0,20.7,96.4,0.386,239.5,1.446,8.03,26.0,23.189,20.622,25.822,0.0,17.8,20.5,20.0,13.08,-10.67,7.33,-18.0,0.7,420.76,438.76,,WSW,,20.1,101039.87,100834.42,
029HI,2024-01-16T04:00:00Z,94780.0,20.622,97.0,0.19,172.8,1.111,3.98,25.917,23.228,20.589,25.728,0.0,17.8,20.5,20.0,13.08,-14.11,3.88,-17.99,0.1,419.73,437.72,,S,,20.13,101050.54,100846.71,
029HI,2024-01-16T04:05:00Z,94780.0,20.589,97.3,0.201,189.4,1.554,2.24,25.839,23.239,20.6,25.728,0.0,17.8,20.5,20.0,13.06,-14.52,2.04,-16.57,0.19,420.77,437.34,,S,,20.14,101050.54,100847.4,
029HI,2024-01-16T04:10:00Z,94780.0,20.489,97.4,0.242,171.3,1.497,0.0,25.761,23.261,20.6,25.65,0.0,17.8,20.5,20.0,13.07,-16.83,-0.19,-16.63,0.0,419.29,435.92,,S,,20.06,101050.54,100849.53,
029HI,2024-01-16T04:15:00Z,94780.0,20.428,97.8,0.123,149.1,1.61,0.0,25.689,23.278,20.6,25.589,0.0,17.8,20.5,20.0,13.05,-16.16,-0.87,-15.29,0.0,420.21,435.51,,SSE,,20.07,101050.54,100850.82,
029HI,2024-01-16T04:20:00Z,94790.0,20.361,98.1,0.298,207.2,1.055,0.0,25.611,23.311,20.589,25.539,0.0,17.8,20.5,20.0,13.06,-16.79,-1.21,-15.58,0.0,419.15,434.74,,SSW,,20.05,101061.2,100862.88,
029HI,2024-01-16T04:25:00Z,94790.0,20.3,98.5,0.108,244.3,0.664,0.0,25.544,23.311,20.6,25.489,0.0,17.8,20.5,20.0,13.0,-15.83,-1.51,-14.32,0.0,420.03,434.36,,WSW,,20.05,101061.2,100864.18,
029HI,2024-01-16T04:30:00Z,94800.0,20.261,98.7,0.17,208.0,1.055,0.0,25.494,23.339,20.611,25.389,0.0,17.8,20.5,20.0,13.04,-15.67,-1.67,-14.0,0.0,420.75,434.75,,SSW,,20.05,101071.86,100875.65,
029HI,2024-01-16T04:35:00Z,94800.0,20.211,98.9,0.087,261.9,0.777,0.0,25.394,23.322,20.628,25.328,0.0,17.8,20.5,20.0,13.05,-16.2,-1.65,-14.55,0.0,419.13,433.69,,W,,20.03,101071.86,100876.71,
029HI,2024-01-16T04:40:00Z,94810.0,20.161,99.0,0.139,187.6,0.777,0.0,25.322,23.311,20.611,25.278,0.0,17.8,20.5,20.0,13.03,-14.95,-1.72,-13.23,0.0,419.98,433.21,,S,,20.0,101082.52,100888.41,
029HI,2024-01-16T04:45:00Z,94820.0,20.172,99.3,0.062,265.3,0.72,0.0,25.256,23.339,20.611,25.2,0.0,17.8,20.5,20.0,13.05,-15.68,-1.67,-14.01,0.0,418.94,432.95,,W,,20.06,101093.18,100898.82,
029HI,2024-01-16T04:50:00Z,94830.0,20.178,99.3,0.077,288.7,0.833,0.0,25.189,23.311,20.611,25.15,0.0,17.8,20.5,20.0,12.99,-14.23,-1.59,-12.64,0.0,420.12,432.76,,WNW,,20.06,101103.84,100909.33,
029HI,2024-01-16T04:55:00Z,94830.0,20.15,99.5,0.17,177.0,0.941,0.0,25.15,23.339,20.611,25.089,0.0,17.8,20.5,20.0,13.02,-13.97,-1.58,-12.39,0.0,420.96,433.35,,S,,20.07,101103.84,100909.93,
029HI,2024-01-16T05:00:00Z,94840.0,20.128,99.6,0.175,253.3,0.664,0.0,25.056,23.328,20.611,25.0,0.0,17.8,20.5,20.0,13.04,-14.33,-1.56,-12.77,0.0,419.47,432.24,,WSW,,20.06,101114.51,100921.03,
029HI,2024-01-16T05:05:00Z,94850.0,20.111,99.8,0.067,257.9,0.89,0.0,,23.328,20.6,24.961,0.0,17.7,20.5,20.0,12.98,-13.53,-1.72,-11.81,0.0,419.98,431.79,,WSW,,20.08,101125.17,100932.04,
029HI,2024-01-16T05:10:00Z,94850.0,20.089,99.9,0.175,214.1,1.554,0.0,24.972,23.339,20.6,24.889,0.0,17.7,20.5,20.0,13.01,-13.25,-1.76,-11.49,0.0,420.94,432.43,,SW,,20.07,101125.17,100932.5,
029HI,2024-01-16T05:15:00Z,94860.0,20.089,100.0,0.129,84.2,1.332,0.0,24.878,23.328,20.622,24.839,0.0,17.7,20.5,20.0,13.02,-14.08,-1.9,-12.18,0.0,419.26,431.44,,E,,20.09,101135.83,100943.14,
029HI,2024-01-16T05:20:00Z,94860.0,20.05,100.0,0.134,257.7,0.72,0.0,24.828,23.339,20.611,24.761,0.0,17.7,20.5,20.0,12.97,-13.07,-2.14,-10.93,0.0,419.75,430.69,,WSW,,20.05,101135.83,100943.98,
029HI,2024-01-16T05:25:00Z,94870.0,20.028,100.0,0.046,158.8,0.391,0.0,24.8,23.3,20.622,24.689,0.0,17.7,20.5,20.0,13.0,-13.23,-2.21,-11.02,0.0,420.37,431.39,,SSE,,20.03,101146.49,100955.09,
029HI,2024-01-16T05:30:00Z,94880.0,19.989,100.0,0.057,199.8,0.499,0.0,24.711,23.339,20.611,24.639,0.0,17.7,20.5,20.0,13.02,-13.87,-2.34,-11.53,0.0,418.95,430.49,,SSW,,19.99,101157.15,100966.56,
029HI,2024-01-16T05:35:00Z,94890.0,19.989,100.0,0.0,,0.0,0.0,24.661,23.328,20.628,24.6,0.0,17.7,20.5,20.0,12.96,-13.04,-2.55,-10.49,0.0,419.57,430.05,,,,19.99,101167.81,100977.2,
029HI,2024-01-16T05:40:00Z,94900.0,19.989,100.0,0.226,239.1,1.168,0.0,24.639,23.322,20.628,24.528,0.0,17.7,20.5,20.0,13.0,-12.84,-2.44,-10.4,0.0,420.54,430.94,,WSW,,19.99,101178.48,100987.84,
029HI,2024-01-16T05:45:00Z,94900.0,19.95,100.0,0.17,280.5,0.998,0.0,24.556,23.311,20.639,24.472,0.0,17.7,20.5,20.0,13.02,-13.75,-2.16,-11.58,0.0,418.1,429.68,,W,,19.95,101178.48,100988.68,
029HI,2024-01-16T05:50:00Z,94910.0,19.9,100.0,0.34,151.1,1.276,0.0,24.506,23.272,20.639,24.411,0.0,17.7,20.5,20.0,12.96,-12.54,-1.92,-10.62,0.0,418.67,429.29,,SSE,,19.9,101189.14,101000.39,
029HI,2024-01-16T05:55:00Z,94910.0,19.85,100.0,0.427,162.9,1.332,0.0,24.489,23.261,20.611,24.361,0.0,17.7,20.5,20.0,12.99,-12.07,-2.04,-10.04,0.0,,429.94,,SSE,,19.85,101189.14,101001.45,
029HI,2024-01-16T06:00:00Z,94920.0,19.861,100.0,0.391,160.9,1.61,0.0,24.406,23.25,20.628,24.311,0.0,17.7,20.5,20.0,13.01,-12.94,-2.51,-10.43,0.0,418.51,428.94,,SSE,,19.86,101199.8,101011.86,
029HI,2024-01-16T06:05:00Z,94920.0,19.9,100.0,0.237,173.3,2.053,0.0,24.361,23.211,20.65,24.211,0.0,17.7,20.5,20.0,12.95,-11.34,-2.4,-8.93,0.0,419.49,428.42,,S,,19.9,101199.8,101011.03,
029HI,2024-01-16T06:10:00Z,94930.0,19.928,100.0,0.376,246.5,,0.0,24.344,23.222,20.661,24.178,0.0,17.7,20.5,20.0,12.94,-10.92,-2.23,-8.69,0.0,420.46,429.16,,WSW,,19.93,101210.46,101021.07,
029HI,2024-01-16T06:15:00Z,94930.0,19.85,100.0,0.71,157.6,2.387,0.0,24.294,23.178,20.628,24.172,0.0,17.7,20.5,20.0,12.94,-10.11,-2.09,-8.02,0.0,420.83,428.85,,SSE,,19.85,101210.46,101022.74,
029HI,2024-01-16T06:20:00Z,94930.0,19.8,100.0,0.355,167.9,1.61,0.0,24.25,23.178,20.628,24.111,0.0,17.7,20.5,20.0,12.98,-9.17,-2.14,-7.04,0.0,421.33,428.37,,SSE,,19.8,101210.46,101023.81,
029HI,2024-01-16T06:25:00Z,94930.0,19.822,100.0,0.268,175.3,1.224,0.0,24.172,23.172,20.65,24.039,0.0,17.7,20.5,20.0,13.0,-9.04,-2.01,-7.04,0.0,420.54,427.58,,S,,19.82,101210.46,101023.34,
029HI,2024-01-16T06:30:00Z,94930.0,19.8,100.0,0.216,192.2,1.168,0.0,24.128,23.178,20.65,24.011,0.0,17.7,20.5,20.0,12.94,-6.92,-1.86,-5.05,0.0,421.92,426.97,,SSW,,19.8,101210.46,101023.81,
029HI,2024-01-16T06:35:00Z,94930.0,19.822,100.0,0.093,337.7,0.833,0.0,24.117,23.128,20.678,23.961,0.0,17.7,20.5,20.0,12.93,-4.66,-1.72,-2.94,0.0,424.9,427.85,,NNW,,19.82,101210.46,101023.34,
029HI,2024-01-16T06:40:00Z,94930.0,19.811,100.0,0.123,166.3,0.664,0.0,24.067,23.122,20.672,23.911,0.0,17.7,20.5,20.0,12.97,-3.9,-1.8,-2.1,0.0,425.88,427.98,,SSE,,19.81,101210.46,101023.57,
029HI,2024-01-16T06:45:00Z,94940.0,19.811,100.0,0.082,256.5,0.72,0.0,23.989,23.089,20.678,23.85,0.0,17.7,20.5,20.0,12.99,-5.31,-1.76,-3.55,0.0,423.6,427.15,,WSW,,19.81,101221.12,101034.21,
029HI,2024-01-16T06:50:00Z,94940.0,19.778,100.0,0.0,,0.0,0.0,23.95,23.078,20.672,23.8,0.0,17.7,20.5,20.0,12.93,-5.13,-2.11,-3.02,0.0,423.75,426.78,,,,19.78,101221.12,101034.92,
029HI,2024-01-16T06:55:00Z,94940.0,19.75,100.0,0.113,148.9,0.833,0.0,23.944,23.078,20.65,23.772,0.0,17.7,20.5,20.0,12.93,-3.91,-2.24,-1.67,0.0,425.86,427.53,,SSE,,19.75,101221.12,101035.52,
029HI,2024-01-16T07:00:00Z,94940.0,19.689,100.0,0.165,167.2,1.111,0.0,23.9,23.089,20.689,23.711,0.0,17.7,20.5,20.0,12.97,-2.74,-2.26,-0.48,0.0,426.99,427.47,,SSE,,19.69,101221.12,101036.82,
029HI,2024-01-16T07:05:00Z,94940.0,19.678,100.0,0.067,153.8,0.612,0.0,23.828,23.028,20.689,23.678,0.0,17.7,20.5,20.0,12.99,-4.42,-2.28,-2.14,0.0,424.32,426.46,,SSE,,19.68,101221.12,101037.06,
029HI,2024-01-16T07:10:00Z,94950.0,19.661,100.0,0.021,160.3,0.442,0.0,23.794,23.011,20.689,23.65,0.0,17.6,20.5,20.0,12.93,-3.71,-2.26,-1.44,0.0,424.66,426.1,,SSE,,19.66,101231.78,101048.06,
029HI,2024-01-16T07:15:00Z,94950.0,19.611,100.0,0.036,131.6,0.556,0.0,23.789,23.0,20.7,23.578,0.0,17.6,20.5,20.0,12.96,-2.9,-2.62,-0.27,0.0,426.47,426.74,,SE,,19.61,101231.78,101049.13,
029HI,2024-01-16T07:20:00Z,94950.0,19.572,100.0,0.026,178.5,0.612,0.0,23.722,22.978,20.7,23.55,0.0,17.6,20.5,20.0,12.98,-4.13,-2.5,-1.63,0.0,424.2,425.84,,S,,19.57,101231.78,101049.97,
029HI,2024-01-16T07:25:00Z,94950.0,19.55,100.0,0.0,,0.113,0.0,23.689,22.972,20.689,23.489,0.0,17.6,20.5,20.0,12.92,-3.72,-2.4,-1.32,0.0,424.03,425.35,,,,19.55,101231.78,101050.44,
029HI,2024-01-16T07:30:00Z,94950.0,19.561,100.0,0.015,180.1,0.442,0.0,23.683,22.939,20.7,23.489,0.0,17.6,20.5,20.0,12.96,-1.66,-2.2,0.54,0.0,426.73,426.19,,S,,19.56,101231.78,101050.2,
029HI,2024-01-16T07:35:00Z,94950.0,19.522,100.0,0.103,200.9,0.777,0.0,23.617,22.911,20.722,23.422,0.0,17.6,20.5,20.0,12.98,-3.61,-2.32,-1.29,0.0,424.02,425.32,,SSW,,19.52,101231.78,101051.04,
029HI,2024-01-16T07:40:00Z,94950.0,19.489,100.0,0.252,196.1,1.224,0.0,23.583,22.911,20.728,23.378,0.0,17.6,20.5,20.0,12.92,-3.44,-2.28,-1.16,0.0,423.66,424.82,,SSW,,19.49,101231.78,101051.75,
029HI,2024-01-16T07:45:00Z,94950.0,19.461,100.0,0.185,172.0,1.224,0.0,23.578,22.911,20.728,23.35,0.254,17.6,20.5,19.9,12.91,-2.2,-2.1,-0.1,0.0,425.31,425.41,,S,,19.46,101231.78,101052.35,
029HI,2024-01-16T07:50:00Z,94960.0,19.439,100.0,0.144,161.3,1.446,0.0,23.539,22.889,20.728,23.289,0.0,17.6,20.5,19.9,12.95,-1.52,-2.11,0.58,0.0,426.26,425.68,,SSE,,19.44,101242.44,101063.46,
029HI,2024-01-16T07:55:00Z,94950.0,19.422,100.0,0.062,206.1,0.89,0.0,23.472,22.872,20.711,23.261,0.0,17.6,20.5,19.9,12.97,-9.72,-2.79,-6.93,0.0,416.96,423.89,,SSW,,19.42,101231.78,101053.18,
029HI,2024-01-16T08:00:00Z,94940.0,19.378,100.0,0.113,178.6,1.389,0.0,23.444,22.861,20.722,23.239,0.0,17.6,20.5,19.9,12.91,-18.88,-4.75,-14.13,0.06,407.6,421.72,,S,,19.38,101221.12,101043.48,
029HI,2024-01-16T08:05:00Z,94940.0,19.272,100.0,0.005,60.19,0.334,0.0,23.45,22.811,20.689,23.189,0.0,17.6,20.5,19.9,12.91,-22.72,-5.67,-17.05,0.13,403.28,420.33,,ENE,,19.27,101221.12,101045.76,
029HI,2024-01-16T08:10:00Z,94940.0,19.1,100.0,0.237,36.44,1.055,0.0,23.417,22.8,20.739,23.161,0.0,17.6,20.5,19.9,12.91,-22.95,-5.81,-17.14,0.0,401.44,418.57,,NE,,19.1,101221.12,101049.45,
029HI,2024-01-16T08:15:00Z,94930.0,18.961,100.0,0.381,52.61,1.389,0.0,23.383,22.789,20.728,23.111,0.0,17.6,20.5,19.9,12.9,-23.43,-5.32,-18.11,0.0,399.42,417.53,,NE,,18.96,101210.46,101041.79,
029HI,2024-01-16T08:20:00Z,94930.0,18.889,100.0,0.046,84.3,0.556,0.0,23.333,22.778,20.789,23.078,0.0,17.6,20.5,19.9,12.9,-23.74,-5.39,-18.35,0.0,398.0,416.35,,E,,18.89,101210.46,101043.34,
029HI,2024-01-16T08:25:00Z,94930.0,18.811,100.0,0.226,63.81,0.777,0.0,23.283,22.789,20.739,23.039,0.0,17.6,20.5,19.9,12.94,-23.49,-5.02,-18.47,0.0,396.99,415.46,,ENE,,18.81,101210.46,101045.02,
029HI,2024-01-16T08:30:00Z,94930.0,18.739,100.0,0.185,68.95,0.556,0.0,23.2,22.75,20.789,23.011,0.0,17.6,20.4,19.9,12.96,-22.09,-4.61,-17.49,0.0,395.93,413.42,,ENE,,18.74,101210.46,101046.57,
029HI,2024-01-16T08:35:00Z,94930.0,18.672,100.0,0.581,60.43,1.055,0.0,23.144,22.739,20.772,22.961,0.0,17.6,20.4,19.9,12.9,-15.32,-3.35,-11.97,0.0,402.27,414.24,,ENE,,18.67,101210.46,101048.01,
029HI,2024-01-16T08:40:00Z,94930.0,18.65,100.0,0.386,68.69,1.168,0.0,23.111,22.722,20.778,22.9,0.0,17.6,20.4,19.9,12.89,-21.76,-3.79,-17.97,0.0,397.46,415.44,,ENE,,18.65,101210.46,101048.49,
029HI,2024-01-16T08:45:00Z,94930.0,18.622,100.0,0.422,64.26,0.998,0.0,23.044,22.678,20.778,22.878,0.0,17.6,20.4,19.9,12.89,-21.19,-3.83,-17.35,0.0,397.52,414.87,,ENE,,18.62,101210.46,101049.09,
029HI,2024-01-16T08:50:00Z,94930.0,18.55,100.0,0.844,65.71,1.111,0.0,22.989,22.672,20.789,22.822,0.0,17.6,20.4,19.9,12.89,-26.8,-4.3,-22.5,0.0,391.87,414.37,,ENE,,18.55,101210.46,101050.64,
029HI,2024-01-16T08:55:00Z,94920.0,18.439,100.0,0.905,64.16,1.497,0.0,22.939,22.65,20.789,22.75,0.0,17.6,20.4,19.9,12.89,-28.29,-4.47,-23.82,0.0,390.05,413.87,,ENE,,18.44,101199.8,101042.39,
029HI,2024-01-16T09:00:00Z,94910.0,18.378,100.0,0.869,52.09,1.446,0.0,22.889,22.628,20.789,22.722,0.0,17.6,20.4,19.9,12.89,-29.65,-4.57,-25.08,0.0,388.59,413.67,,NE,,18.38,101189.14,101033.06,
029HI,2024-01-16T09:05:00Z,94910.0,18.289,100.0,0.869,59.22,1.224,0.0,22.839,22.611,20.8,22.661,0.0,17.6,20.4,19.9,12.87,-30.05,-4.53,-25.52,0.0,387.47,412.99,,ENE,,18.29,101189.14,101034.98,
029HI,2024-01-16T09:10:00Z,94920.0,18.228,100.0,1.013,57.77,1.446,0.0,22.789,22.578,20.8,22.622,0.0,17.6,20.4,19.9,12.89,-30.45,-4.31,-26.14,0.0,386.56,412.7,,ENE,,18.23,101199.8,101046.95,
029HI,2024-01-16T09:15:00Z,94920.0,18.172,100.0,1.096,64.6,1.446,0.0,22.739,22.589,20.8,22.561,0.0,17.6,20.4,19.9,12.89,-30.32,-4.13,-26.2,0.0,386.36,412.55,,ENE,,18.17,101199.8,101048.16,
029HI,2024-01-16T09:20:00Z,94930.0,18.111,100.0,1.039,57.99,1.554,0.0,22.689,22.528,20.8,22.511,0.0,17.6,20.4,19.9,12.88,-29.71,-3.83,-25.88,0.0,386.59,412.47,,ENE,,18.11,101210.46,101060.12,
029HI,2024-01-16T09:25:00Z,94930.0,18.089,100.0,1.168,59.62,1.61,0.0,22.639,22.522,20.828,22.472,0.0,17.6,20.4,19.9,12.88,-24.77,-3.45,-21.32,0.0,391.65,412.96,,ENE,,18.09,101210.46,101060.6,
029HI,2024-01-16T09:30:00Z,94920.0,18.1,100.0,1.178,60.87,1.497,0.0,22.589,22.511,20.828,22.389,0.0,17.6,20.4,19.9,12.88,-25.64,-3.27,-22.37,0.0,390.88,413.25,,ENE,,18.1,101199.8,101049.71,
029HI,2024-01-16T09:35:00Z,94920.0,18.089,100.0,1.137,58.03,2.053,0.0,22.539,22.478,20.822,22.361,0.0,17.6,20.4,19.9,12.88,-28.19,-3.69,-24.5,0.0,388.55,413.05,,ENE,,18.09,101199.8,101049.95,
029HI,2024-01-16T09:40:00Z,94920.0,18.089,100.0,1.091,58.36,1.497,0.0,22.494,22.472,20.839,22.289,0.0,17.6,20.4,19.9,12.87,-22.25,-3.61,-18.64,0.0,394.74,413.38,,ENE,,18.09,101199.8,101049.95,
029HI,2024-01-16T09:45:00Z,94920.0,18.05,100.0,1.219,61.27,1.667,0.0,22.45,22.461,20.839,22.239,0.0,17.6,20.4,19.9,12.87,-24.33,-3.45,-20.88,0.0,392.53,413.41,,ENE,,18.05,101199.8,101050.8,
029HI,2024-01-16T09:50:00Z,94910.0,18.022,100.0,1.24,59.95,1.723,0.0,22.411,22.411,20.861,22.178,0.0,17.6,20.4,19.9,12.87,-26.27,-3.71,-22.56,0.0,390.47,413.03,,ENE,,18.02,101189.14,101040.76,
029HI,2024-01-16T09:55:00Z,94910.0,18.0,100.0,1.266,60.24,1.723,0.0,22.372,22.378,20.861,22.139,0.0,17.6,20.4,19.9,12.87,-19.49,-3.31,-16.18,0.0,397.16,413.34,,ENE,,18.0,101189.14,101041.23,
