# STATION: 031HI
# STATION NAME: Honolimaloo
# LATITUDE: 21.1314
# LONGITUDE: -156.7586
# ELEVATION [ft]: 1319.0
# STATE: HI
Station_ID,Date_Time,pressure_set_1,air_temp_set_1,relative_humidity_set_1,wind_speed_set_1,wind_direction_set_1,wind_gust_set_1,solar_radiation_set_1,soil_temp_set_1,soil_temp_set_2,soil_temp_set_3,soil_temp_set_4,precip_accum_five_minute_set_1,soil_moisture_set_1,soil_moisture_set_2,soil_moisture_set_3,volt_set_1,net_radiation_set_1,net_radiation_sw_set_1,net_radiation_lw_set_1,outgoing_radiation_sw_set_1,incoming_radiation_lw_set_1,outgoing_radiation_lw_set_1,wind_chill_set_1d,wind_cardinal_direction_set_1d,heat_index_set_1d,dew_point_temperature_set_1d,altimeter_set_1d,sea_level_pressure_set_1d,wet_bulb_temperature_set_1d
,,Pascals,Celsius,%,m/s,Degrees,m/s,W/m**2,Celsius,Celsius,Celsius,Celsius,Millimeters,%,%,%,volts,W/m**2,W/m**2,W/m**2,W/m**2,W/m**2,W/m**2,Celsius,code,Celsius,Celsius,Pascals,Pascals,Celsius
031HI,2024-01-15T10:05:00Z,96490.0,16.922,93.0,1.286,253.9,1.723,0.0,21.067,21.361,21.711,20.511,0.0,52.7,49.4,52.1,12.89,-67.78,-4.72,-63.06,0.61,327.66,390.73,,WSW,,15.77,101225.32,101146.66,
031HI,2024-01-15T10:10:00Z,96500.0,16.972,93.1,1.286,253.4,1.888,0.0,21.05,21.339,21.7,20.5,0.0,52.7,49.4,52.1,12.82,-67.81,-4.78,-63.03,0.6,327.54,390.57,,WSW,,15.84,101235.81,101156.32,
031HI,2024-01-15T10:15:00Z,96490.0,16.828,92.9,1.317,267.0,1.775,0.0,21.067,21.35,21.678,20.5,0.0,52.7,49.4,52.1,12.85,-69.48,-4.85,-64.63,0.65,327.36,391.99,,W,,15.66,101225.32,101148.2,
031HI,2024-01-15T10:20:00Z,96490.0,16.778,93.1,1.358,264.7,1.667,0.0,21.017,21.328,21.7,20.461,0.0,52.7,49.4,52.1,12.89,-70.77,-4.88,-65.89,0.81,325.56,391.45,,W,,15.65,101225.32,101149.02,
031HI,2024-01-15T10:25:00Z,96480.0,16.728,93.3,1.271,271.0,1.61,0.0,21.0,21.311,21.711,20.422,0.0,52.7,49.4,52.1,12.81,-70.27,-4.84,-65.42,0.91,325.59,391.02,,W,,15.63,101214.83,101139.36,
031HI,2024-01-15T10:30:00Z,96480.0,16.722,93.4,1.142,274.3,1.497,0.0,21.017,21.311,21.689,20.411,0.0,52.7,49.4,52.1,12.84,-70.31,-4.9,-65.42,0.9,326.02,391.44,,W,,15.64,101214.83,101139.45,
031HI,2024-01-15T10:35:00Z,96480.0,16.711,93.2,1.157,271.7,1.554,0.0,20.967,21.278,21.689,20.428,0.0,52.7,49.4,52.1,12.87,-71.21,-4.9,-66.31,0.92,324.7,391.02,,W,,15.6,101214.83,101139.63,
031HI,2024-01-15T10:40:00Z,96470.0,16.761,92.9,1.353,261.4,1.667,0.0,20.95,21.278,21.7,20.4,0.0,52.7,49.4,52.1,12.81,-69.26,-4.95,-64.32,1.56,325.07,389.39,,W,,15.6,101204.34,101128.33,
031HI,2024-01-15T10:45:00Z,96460.0,16.872,92.4,1.338,259.2,1.723,0.0,20.961,21.25,21.711,20.378,0.0,52.7,49.4,52.1,12.84,-69.09,-4.98,-64.12,1.34,325.19,389.31,,W,,15.62,101193.85,101116.03,
031HI,2024-01-15T10:50:00Z,96450.0,16.911,91.7,1.163,251.0,1.446,0.0,20.911,21.228,21.689,20.361,0.0,52.7,49.4,52.1,12.87,-68.73,-5.02,-63.72,0.72,323.81,387.53,,WSW,,15.54,101183.36,101104.91,
031HI,2024-01-15T10:55:00Z,96440.0,16.772,91.2,1.168,250.8,1.61,0.0,20.894,21.222,21.711,20.35,0.0,52.7,49.4,52.1,12.83,-67.35,-4.89,-62.45,0.52,324.09,386.54,,WSW,,15.32,101172.87,101096.71,
031HI,2024-01-15T11:00:00Z,96430.0,16.75,91.1,1.42,255.6,1.723,0.0,20.878,21.211,21.7,20.339,0.0,52.7,49.4,52.1,12.87,-68.81,-4.81,-64.0,0.87,323.02,387.02,,WSW,,15.28,101162.38,101086.59,
031HI,2024-01-15T11:05:00Z,96430.0,16.711,91.2,1.497,254.6,2.053,0.0,20.861,21.189,21.711,20.322,0.0,52.7,49.4,52.1,12.78,-68.08,-4.79,-63.29,0.87,323.57,386.86,,WSW,,15.26,101162.38,101087.23,
031HI,2024-01-15T11:10:00Z,96430.0,16.628,91.4,1.435,253.9,1.831,0.0,20.872,21.15,21.7,20.322,0.0,52.7,49.4,52.1,12.83,-68.02,-4.83,-63.19,0.7,324.69,387.89,,WSW,,15.21,101162.38,101088.59,
031HI,2024-01-15T11:15:00Z,96430.0,16.6,91.7,1.338,261.9,1.723,0.0,20.817,21.161,21.689,20.3,0.0,52.7,49.4,52.1,12.87,-68.57,-4.81,-63.77,0.84,324.05,387.82,,W,,15.23,101162.38,101089.05,
031HI,2024-01-15T11:20:00Z,96440.0,16.422,91.6,1.533,287.1,2.222,0.0,20.806,21.139,21.711,20.272,0.0,52.7,49.4,52.1,12.79,-68.59,-4.55,-64.04,0.49,324.69,388.74,,WNW,,15.04,101172.87,101102.46,
031HI,2024-01-15T11:25:00Z,96440.0,16.389,92.6,1.363,281.9,1.945,0.0,20.822,21.122,21.711,20.278,0.0,52.7,49.4,52.1,12.82,-69.57,-4.5,-65.07,0.66,325.84,390.91,,WNW,,15.18,101172.87,101102.99,
031HI,2024-01-15T11:30:00Z,96440.0,16.539,93.1,1.029,277.2,1.276,0.0,20.761,21.122,21.711,20.228,0.0,52.7,49.4,52.1,12.86,-69.64,-4.61,-65.03,1.2,325.65,390.67,,W,,15.41,101172.87,101100.53,
031HI,2024-01-15T11:35:00Z,96440.0,16.661,93.5,0.952,278.7,1.276,0.0,20.733,21.072,21.722,20.211,0.0,52.7,49.4,52.0,12.79,-67.74,-4.59,-63.15,1.24,326.42,389.57,,W,,15.6,101172.87,101098.52,
031HI,2024-01-15T11:40:00Z,96440.0,16.8,93.9,1.266,264.1,1.497,0.0,20.744,21.072,21.711,20.189,0.0,52.7,49.4,52.0,12.78,-68.41,-4.88,-63.53,1.72,326.89,390.42,,W,,15.8,101172.87,101096.24,
031HI,2024-01-15T11:45:00Z,96440.0,16.939,93.5,1.338,263.7,1.667,0.0,20.711,21.111,21.728,20.2,0.0,52.7,49.4,52.0,12.82,-68.34,-4.98,-63.36,1.45,327.02,390.38,,W,,15.87,101172.87,101093.96,
031HI,2024-01-15T11:50:00Z,96430.0,16.972,93.2,1.404,264.6,1.61,0.0,20.65,21.078,21.722,20.178,0.0,52.7,49.4,52.0,12.85,-70.36,-4.97,-65.39,1.12,325.33,390.72,,W,,15.86,101162.38,101082.94,
031HI,2024-01-15T11:55:00Z,96440.0,16.878,93.0,1.312,270.2,1.723,0.0,20.639,21.022,21.728,20.161,0.0,52.7,49.4,52.0,12.78,-69.99,-4.87,-65.12,0.73,325.62,390.74,,W,,15.73,101172.87,101094.97,
031HI,2024-01-15T12:00:00Z,96440.0,16.761,93.1,1.121,279.0,1.389,0.0,20.656,21.0,21.739,20.161,0.0,52.7,49.4,52.0,12.78,-69.41,-4.77,-64.65,0.39,326.63,391.28,,W,,15.63,101172.87,101096.88,
031HI,2024-01-15T12:05:00Z,96440.0,16.661,93.4,1.23,279.2,1.497,0.0,20.644,21.022,21.711,20.122,0.0,52.7,49.4,52.0,12.8,-69.7,-4.71,-64.99,0.37,327.04,392.03,,W,,15.58,101172.87,101098.52,
031HI,2024-01-15T12:10:00Z,96440.0,16.611,93.7,1.24,280.8,1.723,0.0,20.6,21.0,21.728,20.111,0.0,52.7,49.4,52.0,12.85,-70.74,-4.72,-66.02,0.58,325.47,391.49,,W,,15.58,101172.87,101099.34,
031HI,2024-01-15T12:15:00Z,96430.0,16.528,93.4,1.302,274.4,1.723,0.0,20.594,20.978,21.722,20.1,0.0,52.7,49.4,52.0,12.78,-69.79,-4.68,-65.11,0.72,325.38,390.49,,W,,15.45,101162.38,101090.22,
031HI,2024-01-15T12:20:00Z,96420.0,16.611,93.8,1.487,258.5,1.775,0.0,20.617,20.95,21.711,20.078,0.0,52.7,49.4,52.0,12.76,-68.94,-4.86,-64.08,1.04,325.81,389.89,,WSW,,15.6,101151.88,101078.37,
031HI,2024-01-15T12:25:00Z,96420.0,16.678,93.6,1.194,249.2,1.775,0.0,20.594,20.95,21.739,20.078,0.0,52.7,49.4,52.0,12.81,-69.03,-4.97,-64.06,0.57,325.55,389.61,,WSW,,15.63,101151.88,101077.28,
031HI,2024-01-15T12:30:00Z,96410.0,16.7,93.6,1.59,255.9,,0.0,20.544,20.939,21.722,20.061,0.0,52.7,49.4,52.0,12.85,-70.8,-4.89,-65.91,0.52,323.81,389.72,,WSW,,15.65,101141.39,101066.43,
031HI,2024-01-15T12:35:00Z,96400.0,16.65,93.6,1.374,257.9,1.775,0.0,20.533,20.928,21.711,20.039,0.0,52.7,49.4,52.0,12.77,-69.05,-4.89,-64.16,0.81,324.3,388.46,,WSW,,15.6,101130.9,101056.77,
031HI,2024-01-15T12:40:00Z,96400.0,16.622,93.8,1.204,265.7,1.554,0.0,20.55,20.9,21.728,20.022,0.0,52.7,49.4,52.0,12.77,-68.43,-4.9,-63.53,0.78,325.21,388.74,,W,,15.61,101130.9,101057.23,
031HI,2024-01-15T12:45:00Z,96410.0,16.422,93.4,1.302,286.5,1.831,0.0,20.533,20.9,21.722,20.011,0.0,52.7,49.4,52.0,12.81,-68.74,-4.68,-64.06,0.34,325.88,389.94,,WNW,,15.34,101141.39,101071.0,
031HI,2024-01-15T12:50:00Z,96410.0,16.278,93.4,1.543,288.5,1.945,0.0,20.494,20.9,21.722,20.011,0.0,52.7,49.4,52.0,12.84,-70.07,-4.44,-65.63,0.12,325.07,390.7,,WNW,,15.2,101141.39,101073.36,
031HI,2024-01-15T12:55:00Z,96410.0,16.322,93.9,1.312,284.4,1.667,0.0,20.483,20.872,21.728,20.0,0.0,52.7,49.4,52.0,12.77,-67.45,-4.38,-63.07,0.76,327.23,390.3,,WNW,,15.33,101141.39,101072.64,
031HI,2024-01-15T13:00:00Z,96410.0,16.439,93.9,0.9,275.3,1.332,0.0,20.5,20.872,21.722,19.972,0.0,52.7,49.4,52.0,12.77,-66.12,-4.49,-61.63,1.34,328.89,390.52,,W,,15.45,101141.39,101070.72,
031HI,2024-01-15T13:05:00Z,96400.0,16.789,93.9,0.566,263.1,0.833,0.0,20.472,20.811,21.722,19.961,0.0,52.7,49.4,52.0,12.8,-66.71,-5.09,-61.62,2.41,327.23,388.85,,W,,15.79,101130.9,101054.49,
031HI,2024-01-15T13:10:00Z,96400.0,16.978,92.2,1.075,251.3,1.389,0.0,20.417,20.839,21.728,19.95,0.0,52.7,49.4,52.0,12.84,-66.24,-4.84,-61.4,0.71,325.73,387.13,,WSW,,15.69,101130.9,101051.4,
031HI,2024-01-15T13:15:00Z,96400.0,16.872,92.0,1.235,255.3,1.497,0.0,20.406,20.811,21.728,19.928,0.0,52.7,49.4,52.0,12.77,-65.59,-4.68,-60.9,0.7,325.52,386.42,,WSW,,15.55,101130.9,101053.14,
031HI,2024-01-15T13:20:00Z,96390.0,16.822,91.5,1.327,252.2,1.723,0.0,20.428,20.789,21.711,19.922,0.0,52.7,49.4,52.0,12.79,-65.89,-4.77,-61.12,0.64,325.72,386.84,,WSW,,15.42,101120.41,101043.48,
031HI,2024-01-15T13:25:00Z,96390.0,16.739,91.3,1.456,255.3,1.775,0.0,20.389,20.772,21.728,19.911,0.0,52.7,49.4,52.0,12.84,-68.05,-4.72,-63.33,0.57,324.08,387.4,,WSW,,15.3,101120.41,101044.84,
031HI,2024-01-15T13:30:00Z,96380.0,16.639,90.9,1.26,248.5,1.723,0.0,20.378,20.761,21.722,19.889,0.0,52.7,49.4,52.0,12.81,-67.01,-4.81,-62.2,0.6,324.27,386.47,,WSW,,15.13,101109.92,101036.0,
031HI,2024-01-15T13:35:00Z,96380.0,16.522,91.1,1.157,244.5,1.831,0.0,20.367,20.761,21.739,19.889,0.0,52.7,49.4,52.0,12.84,-69.2,-4.83,-64.38,0.14,322.91,387.29,,WSW,,15.05,101109.92,101037.92,
031HI,2024-01-15T13:40:00Z,96380.0,16.422,91.6,0.731,230.5,1.554,0.0,20.361,20.722,21.722,19.861,0.0,52.7,49.4,52.0,12.75,-67.73,-4.89,-62.84,0.28,323.74,386.58,,SW,,15.04,101109.92,101039.56,
031HI,2024-01-15T13:45:00Z,96390.0,16.45,92.6,0.782,228.3,1.61,0.0,20.372,20.711,21.75,19.861,0.0,52.7,49.4,52.0,12.8,-68.18,-4.92,-63.26,0.71,324.66,387.92,,SW,,15.24,101120.41,101049.57,
031HI,2024-01-15T13:50:00Z,96390.0,16.511,92.6,0.88,228.6,1.723,0.0,20.322,20.711,21.739,19.839,0.0,52.7,49.4,52.0,12.83,-69.21,-4.92,-64.29,0.65,323.59,387.88,,SW,,15.3,101120.41,101048.57,
031HI,2024-01-15T13:55:00Z,96390.0,16.511,92.8,1.034,213.6,1.888,0.0,20.306,20.689,21.739,19.828,0.0,52.7,49.4,52.0,12.75,-68.07,-4.81,-63.26,0.4,324.13,387.38,,SSW,,15.33,101120.41,101048.57,
031HI,2024-01-15T14:00:00Z,96390.0,16.55,93.1,0.911,209.8,2.279,0.0,20.322,20.689,21.75,19.811,0.0,52.7,49.4,52.0,12.78,-67.55,-4.93,-62.62,0.43,325.0,387.62,,SSW,,15.42,101120.41,101047.93,
031HI,2024-01-15T14:05:00Z,96380.0,16.6,93.2,1.338,207.3,3.112,0.0,20.267,20.661,21.722,19.822,0.0,52.7,49.4,52.0,12.83,-69.89,-4.78,-65.11,0.49,323.88,388.99,,SSW,,15.49,101109.92,101036.63,
031HI,2024-01-15T14:10:00Z,96380.0,16.672,93.2,1.554,205.8,2.721,0.0,20.25,20.661,21.739,19.789,0.0,52.7,49.4,52.0,12.75,-69.9,-4.85,-65.05,0.91,324.62,389.67,,SSW,,15.56,101109.92,101035.44,
031HI,2024-01-15T14:15:00Z,96380.0,16.689,92.8,1.451,206.2,3.555,0.0,20.261,20.639,21.728,19.778,0.0,52.7,49.4,52.0,12.8,-69.88,-4.82,-65.06,,325.31,390.37,,SSW,,15.51,101109.92,101035.17,
031HI,2024-01-15T14:20:00Z,96380.0,16.722,92.7,1.651,209.1,2.943,0.0,20.211,20.639,21.739,19.772,0.0,52.7,49.4,52.0,12.83,-71.64,-4.82,-66.82,0.46,324.06,390.88,,SSW,,15.52,101109.92,101034.63,
031HI,2024-01-15T14:25:00Z,96380.0,16.728,92.7,1.78,203.7,,0.0,20.2,20.589,21.739,19.75,0.0,52.7,49.4,52.0,12.76,-71.35,-4.9,-66.45,0.59,324.04,390.5,,SSW,,15.53,101109.92,101034.53,
031HI,2024-01-15T14:30:00Z,96380.0,16.739,93.0,1.996,197.2,3.997,0.0,20.217,20.628,21.739,19.711,0.0,52.7,49.4,52.0,12.76,-71.45,-4.82,-66.63,0.57,324.59,391.21,,SSW,,15.59,101109.92,101034.35,
031HI,2024-01-15T14:35:00Z,96380.0,16.828,93.5,2.037,200.9,4.054,0.0,20.2,20.578,21.761,19.728,0.0,52.7,49.4,52.0,12.75,-72.29,-4.73,-67.56,0.42,324.97,392.53,,SSW,,15.76,101109.92,101032.89,
031HI,2024-01-15T14:40:00Z,96380.0,16.85,93.5,1.903,202.7,4.11,0.0,20.178,20.6,21.75,19.711,0.0,52.7,49.4,52.0,12.74,-72.37,-4.87,-67.49,0.2,325.13,392.62,,SSW,,15.79,101109.92,101032.53,
031HI,2024-01-15T14:45:00Z,96380.0,16.872,93.6,2.258,197.7,3.833,0.0,20.161,20.55,21.761,19.689,0.0,52.7,49.4,52.0,12.79,-73.05,-4.83,-68.22,0.21,324.74,392.97,,SSW,,15.82,101109.92,101032.16,
031HI,2024-01-15T14:50:00Z,96380.0,16.872,93.2,1.821,198.3,3.112,0.0,20.117,20.55,21.739,19.678,0.0,52.7,49.4,52.0,12.82,-74.47,-4.9,-69.57,0.11,322.43,392.0,,SSW,,15.76,101109.92,101032.17,
031HI,2024-01-15T14:55:00Z,96370.0,16.778,93.0,1.945,198.7,3.663,0.0,20.117,20.539,21.739,19.678,0.0,52.7,49.4,52.0,12.74,-73.47,-4.91,-68.56,0.32,322.6,391.16,,SSW,,15.63,101099.43,101023.22,
031HI,2024-01-15T15:00:00Z,96360.0,16.728,92.9,1.986,201.1,4.054,0.0,20.144,20.522,21.739,19.661,0.0,52.7,49.4,52.0,12.75,-73.22,-4.92,-68.3,0.26,323.23,391.52,,SSW,,15.56,101088.94,101013.56,
031HI,2024-01-15T15:05:00Z,96360.0,16.789,93.0,2.233,206.6,4.944,0.0,20.139,20.528,21.75,19.661,0.0,52.7,49.3,52.0,12.78,-74.47,-4.89,-69.59,0.32,323.14,392.73,,SSW,,15.64,101088.94,101012.56,
031HI,2024-01-15T15:10:00Z,96360.0,16.95,92.9,2.48,210.6,5.052,0.0,20.083,20.5,21.772,19.639,0.0,52.7,49.4,52.0,12.82,-76.93,-4.92,-72.02,0.67,321.38,393.4,,SSW,,15.78,101088.94,101009.93,
031HI,2024-01-15T15:15:00Z,96360.0,17.05,92.6,2.583,203.3,4.496,0.0,20.067,20.489,21.761,19.639,0.0,52.7,49.4,52.0,12.75,-76.42,-4.86,-71.56,0.8,321.84,393.4,,SSW,,15.83,101088.94,101008.29,
031HI,2024-01-15T15:20:00Z,96360.0,17.139,92.1,3.123,205.8,5.499,0.0,20.083,20.461,21.761,19.628,0.0,52.7,49.4,52.0,12.79,-77.53,-4.89,-72.65,0.75,322.15,394.79,,SSW,,15.83,101088.94,101006.84,
031HI,2024-01-15T15:25:00Z,96360.0,17.2,91.5,3.082,207.9,5.607,0.0,20.039,20.461,21.761,19.611,0.0,52.6,49.3,52.0,12.82,-78.71,-4.92,-73.79,0.55,320.63,394.43,,SSW,,15.79,101088.94,101005.85,
031HI,2024-01-15T15:30:00Z,96360.0,17.25,90.9,2.994,207.8,5.777,0.0,20.033,20.422,21.739,19.611,0.0,52.6,49.4,52.0,12.75,-77.44,-4.85,-72.59,0.59,321.33,393.92,,SSW,,15.74,101088.94,101005.03,
031HI,2024-01-15T15:35:00Z,96360.0,17.25,90.6,3.046,207.7,5.499,0.0,20.056,20.428,21.761,19.589,0.0,52.6,49.4,52.0,12.79,-77.36,-4.88,-72.48,0.38,322.05,394.53,,SSW,,15.69,101088.94,101005.03,
031HI,2024-01-15T15:40:00Z,96350.0,17.322,90.2,3.164,207.3,5.607,0.0,20.011,20.389,21.728,19.572,0.0,52.6,49.4,52.0,12.82,-78.54,-4.79,-73.74,0.51,320.99,394.74,,SSW,,15.69,101078.45,100993.38,
031HI,2024-01-15T15:45:00Z,96350.0,17.35,90.0,2.788,207.9,4.831,0.0,20.006,20.4,21.761,19.578,0.0,52.6,49.4,52.0,12.79,-76.67,-4.85,-71.82,0.49,322.07,393.89,,SSW,,15.68,101078.45,100992.92,
031HI,2024-01-15T15:50:00Z,96350.0,17.378,90.0,2.999,207.2,5.607,0.0,,20.422,21.778,19.55,0.0,52.6,49.4,52.0,12.82,-77.82,-4.84,-72.98,0.53,321.45,394.43,,SSW,,15.71,101078.45,100992.46,
031HI,2024-01-15T15:55:00Z,96360.0,17.422,89.7,3.097,207.2,5.551,0.0,19.994,20.428,21.75,19.572,0.0,52.6,49.4,52.0,12.79,-76.23,-4.77,-71.46,0.66,322.74,394.2,,SSW,,15.7,101088.94,101002.23,
031HI,2024-01-15T16:00:00Z,96370.0,17.422,89.2,2.711,210.3,4.609,0.0,19.983,20.411,21.75,19.539,0.0,52.6,49.4,52.0,12.85,-77.02,-4.85,-72.17,0.59,322.32,394.49,,SSW,,15.61,101099.43,101012.71,
031HI,2024-01-15T16:05:00Z,96370.0,17.528,88.4,2.598,207.9,4.666,0.0,19.95,20.372,21.739,19.539,0.0,52.6,49.4,52.0,12.83,-76.24,-4.74,-71.5,0.75,322.1,393.6,,SSW,,15.57,101099.43,101010.99,
031HI,2024-01-15T16:10:00Z,96370.0,17.55,88.3,2.402,210.3,4.609,0.0,19.978,20.328,21.739,19.522,0.0,52.6,49.4,52.0,12.8,-74.72,-4.79,-69.93,0.68,323.35,393.28,,SSW,,15.58,101099.43,101010.63,
031HI,2024-01-15T16:15:00Z,96370.0,17.511,88.5,2.366,207.9,4.218,0.0,19.972,20.322,21.728,19.511,0.0,52.6,49.4,52.0,12.85,-75.41,-4.85,-70.56,0.43,323.01,393.56,,SSW,,15.57,101099.43,101011.27,
031HI,2024-01-15T16:20:00Z,96370.0,17.622,88.3,2.948,208.6,5.33,0.0,19.933,20.322,21.761,19.5,0.0,52.6,49.4,52.0,12.82,-76.11,-4.7,-71.41,0.89,321.93,393.34,,SSW,,15.65,101099.43,101009.46,
031HI,2024-01-15T16:25:00Z,96360.0,17.628,88.1,3.118,205.5,6.276,0.0,19.956,20.322,21.761,19.489,0.0,52.6,49.4,52.0,12.79,-75.58,-4.7,-70.89,0.65,323.19,394.08,,SSW,,15.62,101088.94,100998.88,
031HI,2024-01-15T16:30:00Z,96360.0,17.7,88.1,3.071,206.1,6.22,0.0,19.939,20.261,21.75,19.5,0.0,52.6,49.4,52.0,12.85,-77.54,-4.69,-72.86,0.72,322.41,395.27,,SSW,,15.69,101088.94,100997.71,
031HI,2024-01-15T16:35:00Z,96360.0,17.7,88.3,2.742,202.7,5.33,0.0,19.894,20.272,21.75,19.478,0.0,52.6,49.4,52.0,12.83,-77.61,-4.86,-72.76,0.61,321.34,394.1,,SSW,,15.73,101088.94,100997.71,
031HI,2024-01-15T16:40:00Z,96360.0,17.689,88.2,2.531,201.7,5.386,0.0,19.922,20.278,21.772,19.472,0.0,52.6,49.4,52.0,12.79,-76.4,-4.84,-71.55,0.61,322.56,394.11,,SSW,,15.7,101088.94,100997.89,
031HI,2024-01-15T16:45:00Z,96360.0,17.639,88.2,2.84,198.5,4.887,0.0,19.917,20.25,21.761,19.472,0.0,52.6,49.4,52.0,12.86,-77.03,-4.78,-72.25,0.44,322.21,394.45,,SSW,,15.65,101088.94,100998.7,
031HI,2024-01-15T16:50:00Z,96360.0,17.511,88.5,1.95,200.6,4.054,0.0,19.878,20.278,21.772,19.461,0.0,52.6,49.4,52.0,12.83,-76.51,-4.8,-71.7,0.48,321.06,392.76,,SSW,,15.57,101088.94,101000.79,
031HI,2024-01-15T16:55:00Z,96370.0,17.489,88.8,2.49,206.7,5.499,0.0,19.911,20.239,21.75,19.461,0.0,52.6,49.4,52.0,12.79,-75.33,-4.3,-71.02,0.93,322.45,393.47,,SSW,,15.61,101099.43,101011.62,
031HI,2024-01-15T17:00:00Z,96370.0,17.578,88.4,2.881,209.7,5.108,0.0,19.9,20.228,21.761,19.428,0.0,52.6,49.3,52.0,12.86,-75.82,-3.38,-72.44,1.19,322.0,394.44,,SSW,,15.62,101099.43,101010.18,
031HI,2024-01-15T17:05:00Z,96380.0,17.678,87.8,2.742,208.6,4.496,0.0,19.856,20.222,21.739,19.428,0.0,52.6,49.3,52.0,12.83,-74.33,-1.86,-72.46,1.46,321.45,393.91,,SSW,,15.61,101109.92,101019.03,
031HI,2024-01-15T17:10:00Z,96380.0,17.678,87.8,2.613,207.0,4.831,2.05,19.883,20.228,21.75,19.428,0.0,52.6,49.3,52.0,12.79,-70.92,0.22,-71.13,1.83,322.97,394.1,,SSW,,15.61,101109.92,101019.03,
031HI,2024-01-15T17:15:00Z,96380.0,17.639,87.8,2.516,208.1,4.609,5.63,19.872,20.211,21.761,19.439,0.0,52.6,49.3,52.0,12.85,-69.8,2.67,-72.47,2.96,322.47,394.94,,SSW,,15.58,101109.92,101019.67,
031HI,2024-01-15T17:20:00Z,96390.0,17.739,87.4,3.004,212.3,5.278,9.44,19.833,20.222,21.772,19.411,0.0,52.6,49.3,52.0,12.86,-66.84,6.18,-73.02,3.27,321.92,394.94,,SSW,,15.6,101120.41,101028.52,
031HI,2024-01-15T17:25:00Z,96400.0,17.789,87.2,2.546,209.6,4.332,13.25,19.828,20.2,21.761,19.411,0.0,52.6,49.3,52.0,12.82,-63.78,9.4,-73.18,3.85,321.65,394.83,,SSW,,15.62,101130.9,101038.19,
031HI,2024-01-15T17:30:00Z,96400.0,17.828,87.3,2.624,206.7,5.499,17.61,19.85,20.178,21.75,19.389,0.0,52.6,49.3,52.0,12.79,-58.8,13.15,-71.95,4.46,323.65,395.6,,SSW,,15.67,101130.9,101037.55,
031HI,2024-01-15T17:35:00Z,96400.0,17.939,87.0,3.056,205.6,7.439,27.49,19.839,20.189,21.75,19.389,0.0,52.6,49.3,52.0,12.88,-54.95,19.15,-74.11,8.34,323.16,397.27,,SSW,,15.73,101130.9,101035.75,
031HI,2024-01-15T17:40:00Z,96400.0,18.039,86.9,2.346,196.0,4.275,71.63,19.789,20.122,21.75,19.389,0.0,52.6,49.3,51.9,12.94,-39.09,38.88,-77.98,32.75,321.56,399.53,,SSW,,15.81,101130.9,101034.13,
031HI,2024-01-15T17:45:00Z,96390.0,18.261,86.3,2.397,192.6,5.052,90.15,19.767,20.122,21.761,19.378,0.0,52.6,49.3,51.9,13.0,-29.18,51.15,-80.33,39.0,321.8,402.13,,SSW,,15.92,101120.41,101020.04,
031HI,2024-01-15T17:50:00Z,96390.0,18.489,85.7,2.474,190.8,5.386,108.36,19.756,20.139,21.761,19.372,0.0,52.6,49.3,51.9,13.04,-18.41,63.94,-82.36,44.42,322.01,404.37,,S,,16.03,101120.41,101016.35,
031HI,2024-01-15T17:55:00Z,96390.0,18.672,85.3,2.84,180.3,5.222,127.28,19.744,20.128,21.761,19.35,0.0,52.6,49.3,51.9,13.11,-7.04,77.3,-84.34,49.98,321.99,406.33,,S,,16.14,101120.41,101013.39,
031HI,2024-01-15T18:00:00Z,96390.0,18.839,85.4,2.145,180.7,4.445,146.1,19.733,20.161,21.772,19.35,0.0,52.6,49.3,51.9,13.19,4.13,90.39,-86.26,55.71,322.37,408.63,,S,,16.32,101120.41,101010.69,
031HI,2024-01-15T18:05:00Z,96390.0,18.939,85.3,2.639,181.3,5.386,165.78,19.728,20.128,21.75,19.339,0.0,52.6,49.3,51.9,13.29,17.21,104.75,-87.55,61.02,322.94,410.49,,S,,16.4,101120.41,101009.08,
031HI,2024-01-15T18:10:00Z,96390.0,19.089,85.5,2.747,184.2,6.163,185.59,19.722,20.111,21.772,19.328,0.0,52.6,49.3,51.9,13.38,30.32,119.77,-89.46,65.82,323.06,412.52,,S,,16.58,101120.41,101006.66,
031HI,2024-01-15T18:15:00Z,96390.0,19.228,85.1,2.793,185.9,6.384,204.22,19.717,20.089,21.772,19.322,0.0,52.6,49.3,51.9,13.43,42.93,133.95,-91.02,70.27,323.1,414.12,,S,,16.65,101120.41,101004.42,
031HI,2024-01-15T18:20:00Z,96380.0,19.361,84.4,2.979,176.4,6.605,223.04,19.717,20.1,21.761,19.322,0.0,52.6,49.3,51.9,13.49,56.65,148.91,-92.26,74.14,322.98,415.24,,S,,16.65,101109.92,100991.8,
031HI,2024-01-15T18:25:00Z,96380.0,19.45,83.6,3.02,176.2,6.163,245.08,19.722,20.1,21.772,19.328,0.0,52.6,49.3,51.9,13.56,73.08,166.16,-93.08,78.92,323.04,416.12,,S,,16.58,101109.92,100990.37,
031HI,2024-01-15T18:30:00Z,96380.0,19.6,83.4,3.174,182.0,7.665,264.58,19.733,20.072,21.772,19.328,0.0,52.6,49.3,51.9,13.61,88.06,182.53,-94.47,82.05,323.4,417.87,,S,,16.69,101109.92,100987.96,
031HI,2024-01-15T18:35:00Z,96380.0,19.728,82.9,2.814,183.3,5.551,283.57,19.744,20.028,21.75,19.322,0.0,52.6,49.3,51.9,13.68,101.62,197.85,-96.23,85.72,323.52,419.75,,S,,16.72,101109.92,100985.91,
031HI,2024-01-15T18:40:00Z,96380.0,19.878,82.6,2.835,179.4,7.11,303.12,19.761,20.05,21.789,19.328,0.0,52.6,49.3,51.9,13.68,116.55,213.84,-97.29,89.28,324.5,421.79,,S,,16.81,101109.92,100983.51,
031HI,2024-01-15T18:45:00Z,96380.0,19.861,82.5,3.601,172.2,6.94,322.45,19.767,20.011,21.75,19.339,0.0,52.6,49.3,51.9,13.68,132.34,229.56,-97.22,92.9,324.5,421.72,,S,,16.78,101109.92,100983.78,
031HI,2024-01-15T18:50:00Z,96380.0,20.061,82.7,3.087,178.4,6.441,342.4,19.772,20.05,21.778,19.372,0.0,52.6,49.3,51.9,13.68,144.41,244.79,-100.38,97.61,325.14,425.51,,S,,17.01,101109.92,100980.57,
031HI,2024-01-15T18:55:00Z,96380.0,20.172,81.8,3.262,172.7,6.441,363.06,19.783,20.039,21.761,19.35,0.0,52.6,49.3,51.9,13.67,161.36,261.11,-99.75,101.95,325.58,425.33,,S,,16.94,101109.92,100978.8,
031HI,2024-01-15T19:00:00Z,96380.0,20.339,81.2,2.994,177.4,6.163,382.28,19.8,20.061,21.75,19.361,0.0,52.6,49.3,51.9,13.67,174.7,277.17,-102.47,105.12,325.9,428.37,,S,,16.99,101109.92,100976.13,
031HI,2024-01-15T19:05:00Z,96390.0,20.439,80.2,3.617,175.8,6.163,401.67,19.822,20.011,21.778,19.35,0.0,52.6,49.3,51.9,13.67,190.42,293.29,-102.87,108.38,326.14,429.01,,S,,16.89,101120.41,100985.02,
031HI,2024-01-15T19:10:00Z,96390.0,20.589,80.1,2.84,169.8,6.276,420.45,19.85,20.011,21.75,19.361,0.0,52.6,49.3,51.9,13.66,203.79,308.3,-104.51,112.15,327.13,431.63,,S,,17.02,101120.41,100982.62,
031HI,2024-01-15T19:15:00Z,96390.0,20.689,79.62,3.123,169.8,6.996,438.25,19.872,20.05,21.739,19.378,0.0,52.6,49.3,51.9,13.65,219.93,323.67,-103.75,114.58,328.37,432.12,,S,,17.02,101120.41,100981.03,
031HI,2024-01-15T19:20:00Z,96390.0,20.8,79.54,3.277,173.9,6.055,455.3,19.9,20.0,21.761,19.389,0.0,52.6,49.3,51.9,13.64,232.89,338.19,-105.3,117.11,328.97,434.27,,S,,17.11,101120.41,100979.26,
031HI,2024-01-15T19:25:00Z,96390.0,20.922,79.02,2.68,186.6,6.055,471.94,19.928,20.028,21.761,19.389,0.0,52.6,49.3,51.9,13.65,244.91,352.49,-107.57,119.45,329.89,437.47,,S,,17.13,101120.41,100977.32,
031HI,2024-01-15T19:30:00Z,96400.0,20.922,78.19,3.776,170.8,6.441,488.4,19.956,20.028,21.75,19.422,0.0,52.6,49.3,51.9,13.65,261.21,367.22,-106.01,121.18,330.77,436.78,,S,,16.96,101130.9,100987.8,
031HI,2024-01-15T19:35:00Z,96410.0,20.9,78.66,3.164,174.2,7.274,505.41,19.989,20.011,21.761,19.428,0.0,52.6,49.3,51.9,13.64,273.05,381.41,-108.35,124.0,331.18,439.53,,S,,17.03,101141.39,100998.63,
031HI,2024-01-15T19:40:00Z,96410.0,21.022,77.61,3.699,173.3,8.159,521.46,20.022,20.022,21.778,19.439,0.0,52.6,49.3,51.9,13.64,286.08,394.93,-108.85,126.53,331.61,440.46,,S,,16.94,101141.39,100996.69,
031HI,2024-01-15T19:45:00Z,96410.0,21.028,78.04,3.545,177.7,7.773,539.16,20.061,20.022,21.772,19.45,0.0,52.6,49.3,51.9,13.64,299.94,409.73,-109.8,129.42,331.72,441.51,,S,,17.03,101141.39,100996.59,
031HI,2024-01-15T19:50:00Z,96410.0,21.161,78.15,2.901,173.1,5.499,554.95,20.1,19.989,21.772,19.478,0.0,52.6,49.3,51.9,13.64,311.83,423.32,-111.49,131.63,332.35,443.84,,S,,17.18,101141.39,100994.47,
031HI,2024-01-15T19:55:00Z,96410.0,21.3,78.32,3.2,165.2,5.998,571.38,20.139,20.05,21.761,19.511,0.0,52.6,49.3,51.9,13.63,324.29,437.25,-112.96,134.13,332.69,445.65,,SSE,,17.35,101141.39,100992.26,
031HI,2024-01-15T20:00:00Z,96410.0,21.478,78.08,2.778,179.1,6.333,584.87,20.172,20.022,21.778,19.511,0.0,52.6,49.3,51.9,13.63,333.48,449.06,-115.58,135.81,333.59,449.17,,S,,17.48,101141.39,100989.44,
031HI,2024-01-15T20:05:00Z,96410.0,21.2,78.12,3.534,176.7,6.888,599.23,20.217,20.039,21.772,19.528,0.0,52.6,49.3,51.9,13.61,347.91,462.11,-114.2,137.12,333.11,447.31,,S,,17.22,101141.39,100993.85,
031HI,2024-01-15T20:10:00Z,96410.0,21.322,78.86,2.793,170.6,8.272,615.13,20.267,20.022,21.761,19.572,0.0,52.6,49.3,51.9,13.63,358.18,474.88,-116.71,140.25,334.65,451.35,,S,,17.48,101141.39,100991.91,
031HI,2024-01-15T20:15:00Z,96400.0,21.35,79.12,2.871,165.1,5.829,629.89,20.317,20.05,21.772,19.572,0.0,52.5,49.3,51.9,13.62,372.19,488.01,-115.83,141.88,335.72,451.55,,SSE,,17.56,101130.9,100980.99,
031HI,2024-01-15T20:20:00Z,96390.0,21.211,79.67,3.442,168.0,6.441,653.94,20.367,20.061,21.761,19.578,0.0,52.5,49.3,51.9,13.62,396.07,508.6,-112.53,145.34,338.04,450.57,,SSE,,17.54,101120.41,100972.72,
031HI,2024-01-15T20:25:00Z,96380.0,21.228,79.88,3.282,183.2,6.996,564.85,20.422,20.111,21.761,19.622,0.0,52.5,49.3,51.9,13.62,330.04,441.32,-111.28,123.53,338.52,449.8,,S,,17.6,101109.92,100961.97,
031HI,2024-01-15T20:30:00Z,96370.0,21.311,80.6,3.436,177.2,8.108,633.48,20.478,20.1,21.772,19.65,0.0,52.5,49.3,51.9,13.62,387.15,495.51,-108.36,137.97,344.82,453.18,,S,,17.82,101099.43,100950.17,
031HI,2024-01-15T20:35:00Z,96360.0,21.339,80.1,3.977,174.1,7.218,693.64,20.528,20.1,21.739,19.672,0.0,52.5,49.3,51.9,13.62,427.36,542.26,-114.9,151.38,338.31,453.22,,S,,17.75,101088.94,100939.26,
031HI,2024-01-15T20:40:00Z,96350.0,21.461,80.1,3.858,178.7,8.442,706.68,20.578,20.078,21.75,19.711,0.0,52.5,49.3,51.9,13.6,435.6,553.36,-117.76,153.33,337.53,455.29,,S,,17.87,101078.45,100926.85,
031HI,2024-01-15T20:45:00Z,96340.0,21.65,80.0,3.179,181.9,6.163,716.35,20.628,20.122,21.761,19.739,0.0,52.5,49.3,51.9,13.61,440.39,561.51,-121.12,154.84,337.37,458.48,,S,,18.03,101067.96,100913.38,
031HI,2024-01-15T20:50:00Z,96340.0,21.75,79.32,3.925,175.8,7.773,725.47,20.678,20.139,21.761,19.789,0.0,52.4,49.3,51.9,13.61,447.61,569.55,-121.94,155.92,335.53,457.47,,S,,17.99,101067.96,100911.8,
031HI,2024-01-15T20:55:00Z,96320.0,21.639,79.71,4.049,177.7,9.332,732.23,20.739,20.172,21.739,19.811,0.0,52.4,49.3,51.9,13.59,453.36,575.96,-122.6,156.27,334.62,457.22,,S,,17.96,101046.98,100892.6,
031HI,2024-01-15T21:00:00Z,96300.0,21.722,79.71,4.069,174.5,8.998,743.61,20.8,20.178,21.789,19.839,0.0,52.4,49.3,51.9,13.59,460.62,585.19,-124.57,158.42,334.37,458.94,,S,,18.05,101026.0,100870.34,
031HI,2024-01-15T21:05:00Z,96280.0,21.511,79.99,4.923,177.6,9.27,757.72,20.867,20.189,21.75,19.889,0.0,52.4,49.3,51.9,13.61,472.84,597.34,-124.5,160.38,334.08,458.58,,S,,17.9,101005.01,100852.73,
031HI,2024-01-15T21:10:00Z,96270.0,21.478,80.5,4.717,169.2,8.89,754.27,20.933,20.261,21.761,19.928,0.0,52.4,49.3,51.9,13.61,473.35,595.37,-122.02,158.9,334.03,456.05,,S,,17.96,100994.52,100842.77,
031HI,2024-01-15T21:15:00Z,96260.0,21.572,80.8,4.388,178.1,10.942,773.69,21.006,20.228,21.75,19.95,0.0,52.4,49.3,51.9,13.6,486.84,610.83,-123.99,162.86,333.87,457.86,,S,,18.12,100984.03,100830.81,
031HI,2024-01-15T21:20:00Z,96250.0,21.539,80.1,4.887,172.9,9.61,781.1,21.067,20.261,21.75,19.978,0.0,52.4,49.3,51.9,13.61,494.14,617.7,-123.56,163.41,334.33,457.89,,S,,17.94,100973.54,100820.86,
031HI,2024-01-15T21:25:00Z,96250.0,21.578,80.6,3.92,175.3,8.499,790.08,21.128,20.311,21.761,20.011,0.0,52.4,49.3,51.9,13.61,499.55,625.37,-125.82,164.71,334.73,460.55,,S,,18.08,100973.54,100820.24,
031HI,2024-01-15T21:30:00Z,96250.0,21.95,79.88,3.611,176.8,8.108,794.57,21.183,20.311,21.761,20.1,0.0,52.4,49.3,51.9,13.62,500.9,629.24,-128.33,165.34,335.41,463.75,,S,,18.3,100973.54,100814.36,
031HI,2024-01-15T21:35:00Z,96240.0,22.011,78.68,4.594,180.1,10.16,803.38,21.233,20.322,21.75,20.122,0.0,52.4,49.3,51.9,13.61,510.0,637.49,-127.49,165.89,335.84,463.33,,S,,18.12,100963.05,100802.93,
031HI,2024-01-15T21:40:00Z,96230.0,22.222,78.86,3.509,181.6,7.609,809.95,21.289,20.372,21.75,20.172,0.0,52.4,49.3,51.9,13.59,513.65,643.06,-129.4,166.89,337.57,466.97,,S,,18.36,100952.56,100789.13,
031HI,2024-01-15T21:45:00Z,96220.0,22.122,79.05,4.316,168.7,8.658,815.69,21.35,20.422,21.75,20.211,0.0,52.3,49.3,51.9,13.6,522.02,648.89,-126.87,166.8,337.44,464.3,,SSE,,18.3,100942.07,100780.23,
031HI,2024-01-15T21:50:00Z,96210.0,21.922,80.1,4.656,174.2,9.162,819.91,21.422,20.439,21.772,20.222,0.0,52.3,49.3,51.9,13.6,526.58,652.92,-126.34,167.0,336.71,463.05,,S,,18.32,100931.58,100772.91,
031HI,2024-01-15T21:55:00Z,96200.0,22.039,80.4,4.285,176.1,8.998,826.47,21.5,20.461,21.761,20.239,0.0,52.3,49.3,51.9,13.6,529.1,657.89,-128.78,168.58,337.14,465.92,,S,,18.49,100921.09,100760.58,
031HI,2024-01-15T22:00:00Z,96200.0,21.9,80.1,5.299,172.6,8.221,833.27,21.567,20.5,21.761,20.3,0.0,52.3,49.3,51.9,13.61,538.42,663.98,-125.56,169.29,336.82,462.39,,S,,18.3,100921.09,100762.78,
031HI,2024-01-15T22:05:00Z,96190.0,21.8,81.0,5.371,176.9,9.718,819.53,21.633,20.528,21.75,20.411,0.0,52.3,49.3,51.9,13.59,527.98,653.31,-125.33,166.22,337.52,462.85,,S,,18.38,100910.6,100753.88,
031HI,2024-01-15T22:10:00Z,96160.0,21.889,80.7,4.594,176.4,8.998,855.27,21.711,20.572,21.75,20.4,0.0,52.3,49.3,51.9,13.61,554.64,681.22,-126.58,174.05,338.2,464.78,,S,,18.41,100879.12,100721.05,
031HI,2024-01-15T22:15:00Z,96160.0,21.772,81.4,5.088,180.1,9.61,851.15,21.778,20.589,21.772,20.45,0.0,52.2,49.3,51.9,13.61,553.79,678.82,-125.02,172.33,339.65,464.68,,S,,18.43,100879.12,100722.89,
031HI,2024-01-15T22:20:00Z,96150.0,22.078,81.2,4.188,184.1,8.108,845.81,21.839,20.628,21.75,20.55,0.0,52.2,49.3,51.9,13.61,549.74,674.96,-125.21,170.85,343.31,468.53,,S,,18.69,100868.63,100707.59,
031HI,2024-01-15T22:25:00Z,96130.0,22.139,80.1,4.954,175.7,9.661,870.6,21.889,20.678,21.739,20.622,0.0,52.2,49.3,51.9,13.61,568.71,694.85,-126.13,175.75,340.65,466.79,,S,,18.53,100847.65,100685.69,
031HI,2024-01-15T22:30:00Z,96120.0,22.178,80.6,3.642,185.4,8.72,842.31,21.95,20.728,21.739,20.611,0.0,52.2,49.3,51.9,13.61,542.58,672.78,-130.2,169.53,339.16,469.36,,S,,18.67,100837.16,100674.6,
031HI,2024-01-15T22:35:00Z,96120.0,22.078,80.6,4.63,177.4,9.502,816.8,22.011,20.728,21.728,20.689,0.0,52.2,49.3,51.9,13.61,531.32,653.88,-122.57,162.91,343.89,466.46,,S,,18.57,100837.16,100676.17,
031HI,2024-01-15T22:40:00Z,96100.0,21.911,81.4,4.152,181.0,9.332,734.98,22.072,20.778,21.739,20.728,0.0,52.2,49.3,51.9,13.61,478.3,590.3,-112.0,144.68,350.2,462.2,,S,,18.57,100816.18,100657.85,
031HI,2024-01-15T22:45:00Z,96090.0,21.972,80.8,4.702,183.3,10.052,822.25,22.133,20.822,21.761,20.8,0.0,52.2,49.3,51.9,13.62,540.45,659.05,-118.6,163.2,347.76,466.36,,S,,18.51,100805.69,100646.42,
031HI,2024-01-15T22:50:00Z,96080.0,21.95,80.8,4.069,173.4,7.218,735.38,22.189,20.872,21.75,20.839,0.0,52.1,49.3,51.9,13.62,485.56,591.26,-105.7,144.12,356.39,462.08,,S,,18.49,100795.2,100636.29,
031HI,2024-01-15T22:55:00Z,96080.0,22.072,80.8,3.318,181.7,8.329,677.95,22.244,20.922,21.739,20.911,0.0,52.1,49.3,51.9,13.62,448.49,545.91,-97.42,132.04,363.54,460.96,,S,,18.6,100795.2,100634.37,
031HI,2024-01-15T23:00:00Z,96060.0,22.122,80.5,4.002,181.4,8.72,852.13,22.294,20.95,21.728,20.95,0.0,52.1,49.2,51.9,13.62,567.72,683.53,-115.8,168.6,352.31,468.11,,S,,18.59,100774.22,100612.64,
031HI,2024-01-15T23:05:00Z,96060.0,22.272,79.97,4.074,177.2,9.332,846.57,22.344,21.0,21.75,21.0,0.0,52.1,49.2,51.9,13.62,559.31,678.78,-119.47,167.78,349.02,468.49,,S,,18.63,100774.22,100610.28,
031HI,2024-01-15T23:10:00Z,96040.0,22.372,79.89,4.069,172.0,7.773,873.66,22.4,21.039,21.761,21.061,0.0,52.1,49.2,51.9,13.6,584.36,701.54,-117.18,172.12,351.95,469.13,,S,,18.72,100753.24,100587.76,
031HI,2024-01-15T23:15:00Z,96030.0,22.55,79.71,3.73,184.6,7.943,864.28,22.461,21.089,21.772,21.111,0.0,52.1,49.2,51.9,13.59,569.68,693.83,-124.16,170.45,348.59,472.74,,S,,18.85,100742.74,100574.5,
031HI,2024-01-15T23:20:00Z,96020.0,22.622,78.99,3.966,190.0,8.051,873.77,22.522,21.111,21.772,21.15,0.0,52.0,49.2,51.9,13.6,580.08,702.03,-121.95,171.74,350.35,472.3,,S,,18.78,100732.25,100562.9,
031HI,2024-01-15T23:25:00Z,96020.0,22.678,77.96,3.905,187.6,9.219,805.3,22.589,21.139,21.739,21.2,0.0,52.0,49.2,51.9,13.59,523.27,647.36,-124.1,157.94,345.1,469.19,,S,,18.62,100732.25,100562.03,
031HI,2024-01-15T23:30:00Z,96020.0,22.5,78.27,3.863,183.2,9.882,858.29,22.661,21.228,21.75,21.278,0.0,52.0,49.2,51.9,13.59,568.46,689.74,-121.28,168.55,349.13,470.41,,S,,18.51,100732.25,100564.82,
031HI,2024-01-15T23:35:00Z,96010.0,22.672,78.19,2.999,180.9,7.166,832.2,22.728,21.239,21.75,21.311,0.0,52.0,49.2,51.9,13.6,544.21,668.52,-124.31,163.68,346.15,470.46,,S,,18.66,100721.76,100551.65,
031HI,2024-01-15T23:40:00Z,96010.0,22.761,78.24,2.937,178.8,7.166,826.93,22.789,21.3,21.728,21.378,0.0,52.0,49.2,51.9,13.58,538.71,664.43,-125.72,162.5,346.25,471.98,,S,,18.76,100721.76,100550.25,
031HI,2024-01-15T23:45:00Z,96010.0,22.778,77.59,3.421,187.1,7.11,811.67,22.844,21.328,21.728,21.422,0.0,52.0,49.2,51.9,13.59,525.84,652.43,-126.59,159.24,343.96,470.55,,S,,18.64,100721.76,100549.99,
031HI,2024-01-15T23:50:00Z,96000.0,22.661,76.75,4.388,182.8,10.109,808.07,22.906,21.361,21.739,21.472,0.0,52.0,49.2,51.9,13.61,524.27,649.46,-125.19,158.61,343.15,468.33,,S,,18.35,100711.27,100541.36,
031HI,2024-01-15T23:55:00Z,96000.0,22.45,77.28,3.766,183.6,7.717,798.51,22.967,21.45,21.75,21.528,0.0,51.9,49.2,51.9,13.59,515.4,641.36,-125.97,157.15,342.11,468.08,,S,,18.26,100711.27,100544.66,
031HI,2024-01-16T00:00:00Z,95990.0,22.589,77.09,3.75,188.8,9.049,788.4,23.028,21.461,21.739,21.578,0.0,51.9,49.2,51.9,13.59,506.64,632.83,-126.19,155.58,341.91,468.1,,S,,18.35,100700.78,100532.01,
031HI,2024-01-16T00:05:00Z,95980.0,22.672,77.72,3.38,186.3,8.159,773.66,23.078,21.511,21.722,21.622,0.0,51.9,49.2,51.9,13.59,492.96,620.72,-127.76,152.93,341.44,469.2,,S,,18.57,100690.29,100520.23,
031HI,2024-01-16T00:10:00Z,95980.0,22.678,78.33,3.617,187.2,7.495,784.11,23.133,21.589,21.722,21.678,0.0,51.9,49.2,51.9,13.59,504.06,629.14,-125.08,154.97,343.75,468.82,,S,,18.7,100690.29,100520.13,
031HI,2024-01-16T00:15:00Z,95970.0,22.672,79.12,3.375,179.5,8.108,758.13,23.178,21.572,21.75,21.722,0.0,51.9,49.2,51.9,13.59,489.53,609.22,-119.69,148.91,348.2,467.89,,S,,18.85,100679.8,100509.75,
031HI,2024-01-16T00:20:00Z,95970.0,22.339,80.8,3.606,176.9,7.83,637.12,23.228,21.622,21.728,21.772,0.0,51.9,49.2,51.9,13.59,411.31,515.09,-103.78,122.03,355.77,459.54,,S,,18.87,100679.8,100514.96,
031HI,2024-01-16T00:25:00Z,95960.0,22.178,81.6,3.961,170.1,7.609,589.55,23.283,21.7,21.728,21.822,0.0,51.9,49.2,51.9,13.59,378.95,476.44,-97.49,113.11,359.1,456.59,,S,,18.87,100669.31,100507.01,
031HI,2024-01-16T00:30:00Z,95960.0,22.022,82.0,4.373,175.0,8.442,609.63,23.322,21.722,21.728,21.861,0.0,51.8,49.2,51.9,13.59,391.52,491.61,-100.09,118.02,354.94,455.03,,S,,18.79,100669.31,100509.46,
031HI,2024-01-16T00:35:00Z,95970.0,21.861,81.9,4.033,179.8,8.72,622.37,23.361,21.75,21.739,21.911,0.0,51.8,49.2,51.9,13.59,388.61,500.47,-111.86,121.9,342.92,454.78,,S,,18.62,100679.8,100522.47,
031HI,2024-01-16T00:40:00Z,95960.0,21.978,81.4,4.033,176.8,8.941,636.44,23.389,21.828,21.739,21.961,0.0,51.8,49.2,51.9,13.59,401.1,510.86,-109.76,125.58,345.92,455.67,,S,,18.63,100669.31,100510.16,
031HI,2024-01-16T00:45:00Z,95960.0,21.822,82.0,4.311,178.0,8.329,618.17,23.417,21.839,21.722,22.011,0.0,51.8,49.2,51.9,13.59,386.26,496.48,-110.23,121.68,343.44,453.67,,S,,18.6,100669.31,100512.61,
031HI,2024-01-16T00:50:00Z,95960.0,21.872,82.1,3.22,186.1,8.221,590.47,23.439,21.928,21.739,22.05,0.0,51.8,49.2,51.9,13.59,361.91,473.66,-111.74,116.81,343.78,455.52,,S,,18.67,100669.31,100511.82,
031HI,2024-01-16T00:55:00Z,95960.0,22.078,81.5,3.339,179.6,8.658,673.21,23.456,21.911,21.739,22.072,0.0,51.8,49.2,51.9,13.58,419.89,538.02,-118.13,135.19,340.35,458.47,,S,,18.75,100669.31,100508.58,
031HI,2024-01-16T01:00:00Z,95960.0,21.911,81.4,4.172,171.7,8.499,571.76,23.478,21.972,21.728,22.122,0.0,51.8,49.2,51.9,13.59,345.73,458.84,-113.11,112.92,339.63,452.75,,S,,18.57,100669.31,100511.21,
031HI,2024-01-16T01:05:00Z,95960.0,21.839,81.8,3.683,180.7,7.609,608.9,23.506,22.011,21.728,22.139,0.0,51.8,49.2,51.9,13.58,374.39,487.01,-112.63,121.89,340.37,453.0,,S,,18.57,100669.31,100512.34,
031HI,2024-01-16T01:10:00Z,95960.0,21.811,81.5,4.126,178.2,7.609,606.44,23.528,22.05,21.728,22.178,0.0,51.8,49.2,51.9,13.58,371.67,484.76,-113.09,121.68,339.48,452.57,,S,,18.49,100669.31,100512.79,
031HI,2024-01-16T01:15:00Z,95960.0,21.939,81.5,3.647,181.6,7.773,611.02,23.544,22.078,21.728,22.211,0.0,51.7,49.2,51.9,13.6,370.1,486.72,-116.62,124.3,338.01,454.63,,S,,18.61,100669.31,100510.77,
031HI,2024-01-16T01:20:00Z,95960.0,21.878,81.2,4.44,184.3,7.886,593.88,23.561,22.128,21.722,22.239,0.0,51.7,49.2,51.9,13.6,360.43,473.59,-113.16,120.29,338.66,451.82,,S,,18.49,100669.31,100511.73,
031HI,2024-01-16T01:25:00Z,95970.0,21.678,81.8,4.275,177.9,9.27,579.18,23.583,22.128,21.728,22.272,0.0,51.7,49.2,51.8,13.59,351.2,461.78,-110.58,117.4,338.48,449.06,,S,,18.42,100679.8,100525.36,
031HI,2024-01-16T01:30:00Z,95970.0,21.789,81.9,3.853,176.3,7.886,522.21,23.6,22.178,21.722,22.278,0.0,51.7,49.2,51.8,13.6,309.45,417.62,-108.17,104.59,340.85,449.01,,S,,18.54,100679.8,100523.61,
031HI,2024-01-16T01:35:00Z,95970.0,21.561,82.0,4.404,176.7,8.828,530.98,23.617,22.211,21.722,22.328,0.0,51.7,49.2,51.8,13.6,317.8,424.46,-106.66,106.52,339.4,446.05,,S,,18.34,100679.8,100527.2,
031HI,2024-01-16T01:40:00Z,95970.0,21.35,82.7,4.738,174.5,9.049,433.8,23.633,22.228,21.75,22.339,0.0,51.7,49.2,51.8,13.59,250.48,349.51,-99.03,84.29,341.96,440.99,,S,,18.27,100679.8,100530.53,
031HI,2024-01-16T01:45:00Z,95970.0,21.172,84.3,3.946,185.5,9.049,388.01,23.65,22.25,21.728,22.378,0.0,51.7,49.2,51.8,13.58,223.81,314.07,-90.27,73.94,348.16,438.43,,S,,18.4,100679.8,100533.34,
031HI,2024-01-16T01:50:00Z,95980.0,21.128,83.8,4.352,182.9,10.33,308.38,23.65,22.289,21.728,22.389,0.0,51.7,49.2,51.8,13.59,161.86,251.25,-89.39,57.13,346.37,435.77,,S,,18.27,100690.29,100544.51,
031HI,2024-01-16T01:55:00Z,95980.0,20.972,84.5,3.966,188.7,8.391,269.49,23.656,22.322,21.711,22.411,0.0,51.7,49.2,51.8,13.59,144.17,220.39,-76.22,49.1,,433.22,,S,,18.25,100690.29,100546.98,
031HI,2024-01-16T02:00:00Z,95980.0,20.85,84.9,4.28,190.7,9.831,207.02,23.656,22.339,21.728,22.422,0.0,51.7,49.2,51.8,13.57,94.43,170.34,-75.91,36.68,354.45,430.36,,S,,18.2,100690.29,100548.91,
031HI,2024-01-16T02:05:00Z,95990.0,20.689,85.6,2.937,195.8,6.554,195.65,23.656,22.35,21.711,22.439,0.0,51.7,49.2,51.8,13.61,83.19,160.75,-77.56,34.89,350.92,428.48,,SSW,,18.17,100700.78,100561.94,
031HI,2024-01-16T02:10:00Z,95980.0,20.589,85.5,4.095,187.3,8.828,189.97,23.639,22.4,21.728,22.461,0.0,51.7,49.2,51.8,13.59,83.16,156.29,-73.13,33.68,354.03,427.16,,S,,18.06,100690.29,100553.05,
031HI,2024-01-16T02:15:00Z,95990.0,20.478,86.0,3.514,186.3,7.387,160.77,23.622,22.422,21.728,22.511,0.0,51.7,49.2,51.8,13.59,67.03,132.26,-65.23,28.52,361.02,426.25,,S,,18.04,100700.78,100565.29,
031HI,2024-01-16T02:20:00Z,95990.0,20.422,86.6,3.133,181.9,6.554,140.39,23.594,22.428,21.722,22.478,0.0,51.7,49.2,51.8,13.6,43.25,115.99,-72.75,24.39,351.68,424.42,,S,,18.1,100700.78,100566.18,
031HI,2024-01-16T02:25:00Z,95990.0,20.289,87.1,3.447,182.2,7.83,129.23,23.572,22.461,21.739,22.439,0.0,51.7,49.2,51.8,13.61,35.61,106.62,-71.01,22.61,351.47,422.48,,S,,18.06,100700.78,100568.29,
031HI,2024-01-16T02:30:00Z,96000.0,20.261,87.3,3.899,190.6,6.662,136.68,23.544,22.478,21.728,22.489,0.0,51.7,49.2,51.8,13.6,50.94,112.12,-61.18,24.57,362.41,423.59,,S,,18.07,100711.27,100579.22,
031HI,2024-01-16T02:35:00Z,96000.0,20.25,87.0,4.059,183.1,7.773,134.26,23.511,22.511,21.728,22.489,0.0,51.7,49.2,51.8,13.61,53.82,109.93,-56.11,24.34,367.47,423.57,,S,,18.0,100711.27,100579.39,
031HI,2024-01-16T02:40:00Z,96000.0,20.239,87.3,2.886,180.6,7.717,120.8,23.478,22.511,21.728,22.478,0.0,51.7,49.2,51.8,13.57,43.68,99.24,-55.56,21.57,367.49,423.05,,S,,18.05,100711.27,100579.57,
031HI,2024-01-16T02:45:00Z,96000.0,20.239,87.4,3.57,186.4,7.387,121.29,23.444,22.522,21.711,22.472,0.0,51.7,49.2,51.8,13.56,48.13,99.27,-51.14,22.02,371.89,423.03,,S,,18.07,100711.27,100579.57,
031HI,2024-01-16T02:50:00Z,96020.0,20.222,87.0,3.19,185.5,9.049,105.02,23.406,22.539,21.711,22.478,0.0,51.7,49.2,51.8,13.52,37.07,86.43,-49.35,18.59,372.96,422.31,,S,,17.98,100732.25,100600.79,
031HI,2024-01-16T02:55:00Z,96030.0,20.189,86.9,2.495,185.6,5.052,98.12,23.378,22.561,21.711,22.45,0.0,51.6,49.2,51.8,13.48,34.55,80.73,-46.18,17.39,375.65,421.84,,S,,17.92,100742.74,100611.8,
031HI,2024-01-16T03:00:00Z,96040.0,20.178,87.5,2.356,190.1,4.717,88.04,23.344,22.572,21.711,22.461,0.0,51.6,49.2,51.8,13.46,32.54,72.4,-39.85,15.64,382.31,422.17,,S,,18.02,100753.24,100622.45,
031HI,2024-01-16T03:05:00Z,96050.0,20.172,88.1,2.598,183.8,5.885,80.16,23.317,22.55,21.722,22.45,0.0,51.6,49.2,51.8,13.43,28.9,65.65,-36.75,14.51,385.2,421.96,,S,,18.13,100763.73,100633.02,
031HI,2024-01-16T03:10:00Z,96050.0,20.172,88.5,2.593,183.5,5.721,71.43,23.289,22.572,21.711,22.411,0.0,51.6,49.2,51.8,13.39,32.63,58.33,-25.71,13.1,396.84,422.54,,S,,18.2,100763.73,100633.01,
031HI,2024-01-16T03:15:00Z,96060.0,20.2,88.6,2.598,188.7,5.777,62.48,23.261,22.572,21.728,22.428,0.0,51.6,49.2,51.8,13.35,30.56,50.92,-20.36,11.56,402.63,422.99,,S,,18.25,100774.22,100643.04,
031HI,2024-01-16T03:20:00Z,96070.0,20.2,88.2,2.15,186.4,4.445,47.94,23.228,22.578,21.7,22.411,0.0,51.6,49.2,51.8,13.29,20.66,39.3,-18.64,8.64,403.52,422.15,,S,,18.17,100784.71,100653.52,
031HI,2024-01-16T03:25:00Z,96080.0,20.222,88.0,3.02,186.3,7.387,44.93,23.206,22.561,21.711,22.4,0.0,51.6,49.2,51.8,13.28,17.18,36.76,-19.58,8.17,402.02,421.61,,S,,18.16,100795.2,100663.65,
031HI,2024-01-16T03:30:00Z,96090.0,20.2,88.0,3.164,189.2,7.439,39.5,23.178,22.572,21.722,22.389,0.0,51.6,49.2,51.8,13.25,11.0,32.41,-21.41,7.09,399.48,420.89,,S,,18.14,100805.69,100674.48,
031HI,2024-01-16T03:35:00Z,96090.0,20.189,88.0,2.737,191.2,5.499,27.71,23.156,22.589,21.711,22.378,0.0,51.6,49.2,51.8,13.17,2.65,23.0,-20.34,4.71,399.62,419.96,,S,,18.13,100805.69,100674.65,
031HI,2024-01-16T03:40:00Z,96110.0,20.139,88.3,2.125,184.4,5.443,19.4,23.167,22.55,21.728,22.35,0.0,51.6,49.2,51.8,13.06,3.94,16.15,-12.2,3.25,408.03,420.24,,S,,18.13,100826.67,100696.4,
031HI,2024-01-16T03:45:00Z,96120.0,20.111,88.7,1.698,197.3,3.833,15.77,23.139,22.572,21.711,22.35,0.0,51.6,49.2,51.8,13.13,0.71,13.3,-12.6,2.47,408.32,420.92,,SSW,,18.18,100837.16,100707.33,
031HI,2024-01-16T03:50:00Z,96120.0,20.089,88.8,2.047,192.7,3.941,12.4,23.078,22.55,21.689,22.328,0.0,51.6,49.2,51.8,13.13,-1.25,10.42,-11.67,1.98,408.11,419.78,,SSW,,18.17,100837.16,100707.68,
031HI,2024-01-16T03:55:00Z,96120.0,20.061,88.7,1.996,196.8,4.388,8.98,23.061,22.578,21.722,22.328,0.0,51.6,49.3,51.8,13.09,-5.3,7.6,-12.9,1.39,406.15,419.05,,SSW,,18.13,100837.16,100708.13,
031HI,2024-01-16T04:00:00Z,96130.0,20.039,88.5,1.95,195.5,5.165,5.34,23.072,22.572,21.722,22.311,0.0,51.6,49.2,51.8,13.02,-12.56,4.55,-17.12,0.79,401.17,418.29,,SSW,,18.07,100847.65,100718.96,
031HI,2024-01-16T04:05:00Z,96140.0,20.028,88.5,1.888,190.3,3.719,3.37,23.05,22.572,21.728,22.289,0.0,51.6,49.2,51.8,13.1,-13.95,2.96,-16.91,0.41,402.03,418.94,,S,,18.06,100858.14,100729.61,
031HI,2024-01-16T04:10:00Z,96150.0,19.972,88.8,1.127,201.7,2.608,1.18,23.0,22.572,21.739,22.278,0.0,51.6,49.2,51.8,13.11,-23.33,1.01,-24.33,0.17,392.43,416.76,,SSW,,18.06,100868.63,100740.98,
031HI,2024-01-16T04:15:00Z,96160.0,19.928,88.8,1.523,214.7,4.11,0.0,22.983,22.572,21.689,22.261,0.0,51.6,49.2,51.8,13.07,-21.54,-0.36,-21.18,0.26,394.88,416.06,,SW,,18.01,100879.12,100752.16,
031HI,2024-01-16T04:20:00Z,96170.0,19.928,88.9,1.528,199.6,3.941,0.0,23.0,22.561,21.722,22.239,0.0,51.6,49.3,51.8,13.02,-17.08,-0.69,-16.38,0.16,400.41,416.79,,SSW,,18.03,100889.62,100762.64,
031HI,2024-01-16T04:25:00Z,96170.0,19.928,88.9,1.682,206.5,3.555,0.0,22.972,22.55,21.711,22.239,0.0,51.6,49.3,51.8,13.09,-20.39,-1.18,-19.2,0.0,397.91,417.11,,SSW,,18.03,100889.62,100762.64,
031HI,2024-01-16T04:30:00Z,96170.0,19.95,88.5,2.793,207.2,7.552,0.0,22.917,22.528,21.711,22.222,0.0,51.6,49.3,51.8,13.08,-19.08,-1.12,-17.96,0.08,398.65,416.61,,SSW,,17.98,100889.62,100762.29,
031HI,2024-01-16T04:35:00Z,96170.0,20.011,88.1,2.788,184.6,6.832,0.0,22.9,22.55,21.722,22.222,0.0,51.6,49.3,51.8,13.06,-17.73,-1.19,-16.54,0.16,399.85,416.4,,S,,17.97,100889.62,100761.32,
031HI,2024-01-16T04:40:00Z,96170.0,20.028,88.7,2.233,185.6,5.664,0.0,22.906,22.522,21.711,22.189,0.0,51.6,49.3,51.8,13.0,-18.65,-1.33,-17.32,0.05,399.38,416.7,,S,,18.09,100889.62,100761.04,
031HI,2024-01-16T04:45:00Z,96180.0,20.039,89.6,2.943,190.7,7.943,0.0,22.878,22.522,21.711,22.172,0.0,51.6,49.3,51.8,13.03,-25.11,-1.35,-23.76,0.0,393.78,417.54,,S,,18.27,100900.11,100771.34,
031HI,2024-01-16T04:50:00Z,96190.0,20.022,90.1,2.274,199.1,5.165,0.0,22.844,22.511,21.722,22.161,0.0,51.6,49.3,51.8,13.0,-14.64,-1.31,-13.33,0.0,403.98,417.31,,SSW,,18.34,100910.6,100782.08,
031HI,2024-01-16T04:55:00Z,96190.0,20.039,90.0,2.397,187.9,5.33,0.0,22.817,22.5,21.722,22.15,0.0,51.6,49.3,51.8,13.06,-9.6,-0.68,-8.91,0.0,409.86,418.78,,S,,18.34,100910.6,100781.81,
031HI,2024-01-16T05:00:00Z,96200.0,20.022,89.5,2.382,187.7,6.888,0.0,22.756,22.511,21.7,22.139,0.0,51.6,49.3,51.8,13.04,-21.2,-1.03,-20.17,0.0,396.63,416.8,,S,,18.23,100921.09,100792.56,
031HI,2024-01-16T05:05:00Z,96200.0,20.022,88.7,3.256,179.9,7.166,0.0,22.767,22.489,21.722,22.122,0.0,51.6,49.3,51.8,12.99,-14.01,-1.14,-12.87,0.0,404.2,417.07,,S,,18.09,100921.09,100792.57,
031HI,2024-01-16T05:10:00Z,96200.0,20.072,88.3,2.799,181.4,6.497,0.0,22.739,22.5,21.711,22.1,0.0,51.6,49.3,51.8,13.06,-27.37,-1.44,-25.93,0.0,390.9,416.82,,S,,18.06,100921.09,100791.77,
031HI,2024-01-16T05:15:00Z,96210.0,20.022,88.8,3.632,187.6,8.329,0.0,22.694,22.489,21.689,22.089,0.0,51.6,49.3,51.8,13.03,-24.29,-1.59,-22.7,0.0,393.08,415.78,,S,,18.11,100931.58,100803.05,
031HI,2024-01-16T05:20:00Z,96210.0,20.039,89.2,3.164,185.5,6.055,0.0,22.711,22.489,21.7,22.072,0.0,51.6,49.3,51.8,12.98,-20.66,-1.23,-19.43,0.06,397.11,416.54,,S,,18.19,100931.58,100802.77,
031HI,2024-01-16T05:25:00Z,96220.0,20.011,89.4,2.228,190.4,5.052,0.0,22.683,22.472,21.722,22.061,0.0,51.6,49.3,51.8,13.01,-62.78,-3.1,-59.68,0.0,354.16,413.85,,S,,18.2,100942.07,100813.7,
031HI,2024-01-16T05:30:00Z,96210.0,19.828,89.5,2.516,191.9,5.998,0.0,22.672,22.461,21.7,22.022,0.0,51.6,49.3,51.8,12.96,-76.51,-4.74,-71.77,0.0,339.1,410.87,,SSW,,18.04,100931.58,100806.15,
031HI,2024-01-16T05:35:00Z,96220.0,19.711,88.8,2.572,199.1,5.551,0.0,22.667,22.45,21.711,22.022,0.0,51.6,49.3,51.8,13.05,-79.76,-4.93,-74.83,0.2,335.22,410.06,,SSW,,17.8,100942.07,100818.5,
031HI,2024-01-16T05:40:00Z,96230.0,19.672,87.7,2.305,211.7,6.333,0.0,22.633,22.45,21.722,22.011,0.0,51.6,49.3,51.8,13.02,-78.49,-5.0,-73.49,0.47,334.24,407.73,,SSW,,17.56,100952.56,100829.61,
031HI,2024-01-16T05:45:00Z,96230.0,19.689,85.9,2.984,217.9,6.996,0.0,22.656,22.428,21.722,21.989,0.0,51.6,49.3,51.8,12.96,-76.43,-4.69,-71.73,0.75,336.08,407.81,,SW,,17.25,100952.56,100829.35,
031HI,2024-01-16T05:50:00Z,96240.0,19.678,85.2,2.819,213.3,7.387,0.0,22.628,22.422,21.722,21.978,0.0,51.6,49.3,51.8,13.05,-76.94,-4.77,-72.17,0.49,336.01,408.18,,SSW,,17.11,100963.05,100840.01,
031HI,2024-01-16T05:55:00Z,96230.0,19.75,84.3,3.478,211.5,6.775,0.0,22.567,22.411,21.722,21.939,0.0,51.6,49.3,51.8,13.06,-75.12,-4.44,-70.68,0.74,337.03,407.71,,SSW,,17.01,100952.56,100828.38,
031HI,2024-01-16T06:00:00Z,96230.0,19.811,83.6,2.824,213.3,7.943,0.0,22.539,22.411,21.722,21.928,0.0,51.6,49.3,51.8,13.06,-65.0,-4.02,-60.97,0.68,346.72,407.7,,SSW,,16.94,100952.56,100827.41,
031HI,2024-01-16T06:05:00Z,96230.0,19.822,83.9,2.562,208.7,7.218,0.0,22.511,22.4,21.711,21.922,0.0,51.6,49.3,51.8,13.06,-55.4,-3.44,-51.97,0.66,356.9,408.87,,SSW,,17.0,100952.56,100827.23,
031HI,2024-01-16T06:10:00Z,96230.0,19.761,84.5,2.269,202.9,5.278,0.0,22.478,22.372,21.722,21.911,0.0,51.6,49.3,51.8,13.06,-57.65,-3.45,-54.2,0.43,353.85,408.05,,SSW,,17.06,100952.56,100828.2,
031HI,2024-01-16T06:15:00Z,96230.0,19.772,85.2,3.195,207.4,7.11,0.0,22.444,22.4,21.711,21.878,0.0,51.6,49.3,51.8,13.06,-56.83,-3.52,-53.3,0.66,355.59,408.9,,SSW,,17.2,100952.56,100828.02,
031HI,2024-01-16T06:20:00Z,96240.0,19.8,85.8,3.462,206.6,6.662,0.0,22.417,22.361,21.722,21.839,0.0,51.6,49.3,51.8,13.06,-58.47,-3.31,-55.16,0.67,354.27,409.42,,SSW,,17.34,100963.05,100838.05,
031HI,2024-01-16T06:25:00Z,96240.0,19.811,85.9,3.107,208.8,6.22,0.0,22.389,22.328,21.711,21.828,0.0,51.6,49.3,51.8,13.0,-74.19,-4.2,-69.98,0.67,338.21,408.19,,SSW,,17.37,100963.05,100837.87,
031HI,2024-01-16T06:30:00Z,96240.0,19.75,85.8,2.999,206.3,6.441,0.0,22.394,22.328,21.722,21.828,0.0,51.6,49.3,51.8,12.96,-71.5,-4.26,-67.23,0.54,340.99,408.22,,SSW,,17.29,100963.05,100838.85,
031HI,2024-01-16T06:35:00Z,96240.0,19.761,85.7,3.272,212.5,5.885,0.0,22.367,22.272,21.728,21.778,0.0,51.6,49.3,51.8,13.03,-57.73,-3.58,-54.15,0.42,355.86,410.01,,SSW,,17.28,100963.05,100838.68,
031HI,2024-01-16T06:40:00Z,96240.0,19.789,85.4,2.747,215.1,5.222,0.0,22.306,22.278,21.722,21.75,0.0,51.6,49.3,51.8,13.04,-50.01,-3.0,-47.02,0.35,362.72,409.73,,SW,,17.25,100963.05,100838.23,
031HI,2024-01-16T06:45:00Z,96240.0,19.778,85.4,3.056,207.4,5.443,0.0,22.283,22.289,21.739,21.728,0.0,51.6,49.3,51.8,13.05,-56.49,-3.25,-53.24,0.44,355.87,409.11,,SSW,,17.24,100963.05,100838.4,
031HI,2024-01-16T06:50:00Z,96240.0,19.789,85.9,2.675,210.8,5.443,0.0,22.267,22.3,21.711,21.722,0.0,51.6,49.3,51.8,13.05,-65.93,-3.78,-62.15,0.54,346.24,408.39,,SSW,,17.35,100963.05,100838.23,
031HI,2024-01-16T06:55:00Z,96230.0,19.778,86.3,3.493,216.2,9.162,0.0,22.244,22.278,21.722,21.689,0.0,51.6,49.3,51.8,13.05,-73.35,-4.1,-69.26,0.57,338.94,408.19,,SW,,17.41,100952.56,100827.92,
031HI,2024-01-16T07:00:00Z,96230.0,19.75,85.7,3.498,212.8,7.439,0.0,22.222,22.261,21.711,21.678,0.0,51.6,49.3,51.8,13.05,-76.88,-4.35,-72.53,0.64,335.23,407.76,,SSW,,17.27,100952.56,100828.37,
031HI,2024-01-16T07:05:00Z,96230.0,19.778,84.6,3.344,220.8,5.885,0.0,22.2,22.25,21.728,21.661,0.0,51.6,49.3,51.8,13.04,-77.83,-4.48,-73.35,0.8,333.86,407.21,,SW,,17.09,100952.56,100827.93,
031HI,2024-01-16T07:10:00Z,96230.0,19.828,83.5,4.013,205.8,8.391,0.0,22.178,22.239,21.75,21.65,0.0,51.6,49.3,51.8,13.04,-77.64,-4.45,-73.19,0.92,333.93,407.12,,SSW,,16.93,100952.56,100827.14,
031HI,2024-01-16T07:15:00Z,96220.0,19.889,82.9,3.292,204.5,7.83,0.0,22.156,22.211,21.728,21.622,0.0,51.6,49.3,51.8,13.05,-77.44,-4.48,-72.96,0.81,333.83,406.78,,SSW,,16.88,100942.07,100815.69,
031HI,2024-01-16T07:20:00Z,96220.0,19.85,82.9,2.768,217.0,6.497,0.0,22.139,22.2,21.7,21.589,0.0,51.6,49.2,51.8,13.05,-77.56,-4.7,-72.86,0.69,332.94,405.79,,SW,,16.84,100942.07,100816.31,
031HI,2024-01-16T07:25:00Z,96220.0,19.861,82.4,3.961,214.8,8.72,0.0,22.117,22.178,21.739,21.578,0.0,51.6,49.2,51.8,13.03,-78.49,-4.5,-73.99,0.83,332.61,406.6,,SW,,16.76,100942.07,100816.14,
031HI,2024-01-16T07:30:00Z,96220.0,19.9,81.9,3.462,208.4,7.886,0.0,22.089,22.178,21.722,21.55,0.0,51.6,49.3,51.8,13.05,-78.27,-4.59,-73.68,0.81,332.73,406.42,,SSW,,16.7,100942.07,100815.52,
031HI,2024-01-16T07:35:00Z,96220.0,19.922,82.1,3.812,207.6,8.72,0.0,22.067,22.139,21.739,21.522,0.0,51.6,49.3,51.8,13.04,-77.95,-4.43,-73.51,0.83,333.53,407.04,,SSW,,16.76,100942.07,100815.16,
031HI,2024-01-16T07:40:00Z,96220.0,19.872,82.5,3.822,208.1,8.329,0.0,22.039,22.122,21.728,21.5,0.0,51.6,49.3,51.8,13.04,-77.54,-4.49,-73.06,0.63,333.79,406.84,,SSW,,16.79,100942.07,100815.96,
031HI,2024-01-16T07:45:00Z,96230.0,19.861,82.3,3.385,211.5,7.886,0.0,22.017,22.128,21.739,21.461,0.0,51.6,49.3,51.8,13.04,-76.84,-4.44,-72.4,0.62,333.73,406.14,,SSW,,16.74,100952.56,100826.62,
031HI,2024-01-16T07:50:00Z,96220.0,19.828,82.7,3.884,209.0,8.108,0.0,21.994,22.139,21.711,21.472,0.0,51.5,49.3,51.8,13.04,-77.1,-4.44,-72.66,0.64,333.94,406.61,,SSW,,16.78,100942.07,100816.66,
031HI,2024-01-16T07:55:00Z,96220.0,19.9,82.5,3.55,209.5,8.499,0.0,21.967,22.05,21.722,21.461,0.0,51.5,49.3,51.8,13.04,-77.91,-4.43,-73.48,0.85,333.46,406.93,,SSW,,16.81,100942.07,100815.51,
031HI,2024-01-16T08:00:00Z,96210.0,19.961,82.6,3.74,205.6,7.943,0.0,21.944,22.078,21.739,21.411,0.0,51.5,49.3,51.8,13.04,-79.12,-4.5,-74.62,0.84,332.63,407.25,,SSW,,16.89,100931.58,100804.06,
031HI,2024-01-16T08:05:00Z,96190.0,19.922,83.1,3.503,224.8,9.389,0.0,21.917,22.089,21.739,21.411,0.0,51.5,49.3,51.8,13.02,-79.87,-4.72,-75.15,0.67,331.55,406.69,,SW,,16.95,100910.6,100783.72,
031HI,2024-01-16T08:10:00Z,96180.0,19.961,83.5,4.177,210.3,9.44,0.0,21.894,22.061,21.728,21.378,0.0,51.5,49.2,51.8,13.02,-80.15,-4.55,-75.6,0.89,331.75,407.35,,SSW,,17.06,100900.11,100772.62,
031HI,2024-01-16T08:15:00Z,96160.0,19.928,83.9,4.044,210.8,10.052,0.0,21.872,22.028,21.728,21.35,0.0,51.5,49.2,51.8,13.04,-80.31,-4.57,-75.74,0.74,331.73,407.47,,SSW,,17.11,100879.12,100752.19,
031HI,2024-01-16T08:20:00Z,96160.0,20.028,83.0,4.419,212.5,10.052,0.0,21.85,22.028,21.728,21.339,0.0,51.5,49.2,51.8,13.04,-80.96,-4.47,-76.49,0.88,331.48,407.97,,SSW,,17.03,100879.12,100750.6,
031HI,2024-01-16T08:25:00Z,96160.0,20.072,82.3,4.964,209.4,9.831,0.0,21.822,22.011,21.739,21.322,0.0,51.5,49.2,51.8,13.03,-80.25,-4.36,-75.89,0.84,332.55,408.44,,SSW,,16.94,100879.12,100749.9,
031HI,2024-01-16T08:30:00Z,96150.0,20.211,82.0,4.681,203.5,9.44,0.0,21.794,21.989,21.75,21.289,0.0,51.5,49.2,51.8,13.03,-78.67,-4.22,-74.46,0.8,334.63,409.09,,SSW,,17.02,100868.63,100737.2,
031HI,2024-01-16T08:35:00Z,96130.0,20.261,81.7,5.263,199.3,10.222,0.0,21.767,21.989,21.739,21.278,0.0,51.5,49.2,51.8,13.02,-77.74,-4.17,-73.57,0.69,335.64,409.21,,SSW,,17.01,100847.65,100715.45,
031HI,2024-01-16T08:40:00Z,96120.0,20.389,80.7,4.517,197.4,10.16,0.0,21.744,21.972,21.75,21.228,0.0,51.5,49.2,51.8,13.03,-77.41,-4.13,-73.27,0.76,336.27,409.54,,SSW,,16.94,100837.16,100702.94,
031HI,2024-01-16T08:45:00Z,96100.0,20.45,80.1,5.546,197.3,10.608,0.0,21.717,21.95,21.75,21.2,0.0,51.5,49.2,51.8,13.03,-77.39,-4.05,-73.33,0.6,336.77,410.11,,SSW,,16.88,100816.18,100681.02,
031HI,2024-01-16T08:50:00Z,96110.0,20.539,80.0,5.463,200.2,10.268,0.0,21.689,21.939,21.739,21.189,0.0,51.5,49.2,51.8,13.02,-76.84,-3.96,-72.88,0.58,337.64,410.52,,SSW,,16.95,100826.67,100690.08,
031HI,2024-01-16T08:55:00Z,96100.0,20.489,80.6,4.08,205.1,10.16,0.0,21.667,21.911,21.761,21.2,0.0,51.5,49.2,51.8,13.03,-76.21,-4.03,-72.19,0.45,338.39,410.58,,SSW,,17.02,100816.18,100680.39,
031HI,2024-01-16T09:00:00Z,96100.0,20.489,81.5,5.69,205.4,10.001,0.0,21.65,21.911,21.739,21.172,0.0,51.5,49.2,51.8,13.03,-74.86,-3.92,-70.94,0.48,339.74,410.68,,SSW,,17.2,100816.18,100680.39,
031HI,2024-01-16T09:05:00Z,96100.0,20.55,82.4,4.995,206.7,9.718,0.0,21.628,21.872,21.75,21.15,0.0,51.5,49.2,51.8,13.03,-73.98,-3.84,-70.14,0.58,341.36,411.51,,SSW,,17.43,100816.18,100679.41,
031HI,2024-01-16T09:10:00Z,96110.0,20.6,82.8,4.712,206.4,10.5,0.0,21.606,21.878,21.722,21.139,0.0,51.5,49.2,51.8,13.03,-74.16,-3.89,-70.27,0.51,341.29,411.56,,SSW,,17.56,100826.67,100689.09,
031HI,2024-01-16T09:15:00Z,96100.0,20.639,83.5,5.103,201.9,9.44,0.0,21.583,21.85,21.722,21.128,0.0,51.5,49.2,51.8,13.03,-75.62,-3.92,-71.71,0.55,340.27,411.98,,SSW,,17.73,100816.18,100677.99,
031HI,2024-01-16T09:20:00Z,96100.0,20.639,84.3,4.702,208.4,9.661,0.0,21.567,21.85,21.75,21.111,0.0,51.5,49.2,51.7,13.03,-76.15,-3.98,-72.18,0.5,340.03,412.21,,SSW,,17.88,100816.18,100677.98,
031HI,2024-01-16T09:25:00Z,96100.0,20.639,85.0,4.45,210.8,7.552,0.0,21.55,21.839,21.739,21.061,0.0,51.5,49.2,51.7,13.03,-76.22,-4.06,-72.16,0.53,339.96,412.12,,SSW,,18.01,100816.18,100677.98,
031HI,2024-01-16T09:30:00Z,96120.0,20.572,85.7,3.647,209.3,7.274,0.0,21.533,21.828,21.75,21.061,0.0,51.5,49.2,51.7,13.01,-75.86,-4.17,-71.69,0.46,340.17,411.86,,SSW,,18.08,100837.16,100699.99,
031HI,2024-01-16T09:35:00Z,96110.0,20.572,86.1,4.651,213.2,10.268,0.0,21.522,21.8,21.75,21.039,0.0,51.5,49.2,51.7,13.03,-76.54,-4.16,-72.39,0.64,339.84,412.23,,SSW,,18.15,100826.67,100689.51,
031HI,2024-01-16T09:40:00Z,96100.0,20.628,85.7,4.316,213.4,8.941,0.0,21.506,21.772,21.778,21.05,0.0,51.5,49.2,51.7,13.01,-75.74,-4.14,-71.6,0.72,340.31,411.91,,SSW,,18.13,100816.18,100678.15,
031HI,2024-01-16T09:45:00Z,96110.0,20.728,85.1,4.728,218.0,8.72,0.0,21.494,21.761,21.761,21.011,0.0,51.5,49.2,51.7,13.02,-74.25,-4.06,-70.19,0.78,342.24,412.43,,SW,,18.12,100826.67,100687.04,
031HI,2024-01-16T09:50:00Z,96110.0,21.022,83.4,4.172,213.2,10.16,0.0,21.472,21.75,21.75,21.028,0.0,51.5,49.2,51.7,13.02,-73.56,-3.99,-69.58,1.08,343.95,413.53,,SSW,,18.08,100826.67,100682.38,
031HI,2024-01-16T09:55:00Z,96120.0,21.072,83.3,3.704,192.5,10.268,0.0,21.456,21.75,21.75,21.0,0.0,51.5,49.2,51.7,13.01,-73.64,-4.14,-69.5,0.68,343.84,413.34,,SSW,,18.11,100837.16,100692.06,
