# STATION: 033HI
# STATION NAME: Keaau
# LATITUDE: 19.6062
# LONGITUDE: -155.0515
# ELEVATION [ft]: 597.0
# STATE: HI
Station_ID,Date_Time,pressure_set_1,air_temp_set_1,relative_humidity_set_1,wind_speed_set_1,wind_direction_set_1,wind_gust_set_1,soil_temp_set_1,soil_temp_set_2,soil_temp_set_3,soil_temp_set_4,precip_accum_five_minute_set_1,soil_moisture_set_1,soil_moisture_set_2,soil_moisture_set_3,volt_set_1,wind_chill_set_1d,wind_cardinal_direction_set_1d,heat_index_set_1d,dew_point_temperature_set_1d,altimeter_set_1d,sea_level_pressure_set_1d,wet_bulb_temperature_set_1d
,,Pascals,Celsius,%,m/s,Degrees,m/s,Celsius,Celsius,Celsius,Celsius,Millimeters,%,%,%,volts,Celsius,code,Celsius,Celsius,Pascals,Pascals,Celsius
033HI,2024-01-15T10:05:00Z,99110.0,18.578,91.5,0.103,248.7,0.556,,,,,0.0,,,,13.03,,WSW,,17.16,101277.16,101240.04,
033HI,2024-01-15T10:10:00Z,99110.0,18.611,91.0,0.376,242.5,0.664,,,,,0.0,,,,13.03,,WSW,,17.1,101277.16,101239.79,
033HI,2024-01-15T10:15:00Z,99110.0,18.672,91.7,0.031,229.5,0.391,,,,,0.0,,,,13.03,,SW,,17.28,101277.16,101239.34,
033HI,2024-01-15T10:20:00Z,99110.0,18.639,91.3,0.201,252.6,0.612,,,,,0.0,,,,13.03,,WSW,,17.18,101277.16,101239.59,
033HI,2024-01-15T10:25:00Z,99100.0,18.689,91.1,0.087,252.2,0.612,,,,,0.0,,,,13.03,,WSW,,17.2,101266.94,101229.0,
033HI,2024-01-15T10:30:00Z,99100.0,18.672,91.0,0.015,253.2,0.278,,,,,0.0,,,,13.03,,WSW,,17.16,101266.94,101229.13,
033HI,2024-01-15T10:35:00Z,99100.0,18.661,90.9,0.0,,0.0,,,,,0.0,,,,13.02,,,,17.13,101266.94,101229.21,
033HI,2024-01-15T10:40:00Z,99100.0,18.672,91.5,0.0,,0.0,,,,,0.0,,,,13.02,,,,17.25,101266.94,101229.13,
033HI,2024-01-15T10:45:00Z,99100.0,18.661,91.2,0.149,249.8,0.664,,,,,0.0,,,,13.02,,WSW,,17.19,101266.94,101229.21,
033HI,2024-01-15T10:50:00Z,99100.0,18.672,91.2,0.154,241.1,0.664,,,,,0.0,,,,13.02,,WSW,,17.2,101266.94,101229.13,
033HI,2024-01-15T10:55:00Z,99090.0,18.689,90.9,0.165,262.5,1.276,,,,,0.0,,,,13.01,,W,,17.16,101256.72,101218.79,
033HI,2024-01-15T11:00:00Z,99080.0,18.7,90.5,0.165,250.9,0.612,,,,,0.0,,,,13.01,,WSW,,17.1,101246.5,101208.49,
033HI,2024-01-15T11:05:00Z,99070.0,18.772,91.0,0.072,196.2,0.612,,,,,0.0,,,,13.01,,SSW,,17.26,101236.28,101197.75,
033HI,2024-01-15T11:10:00Z,99070.0,18.778,91.0,0.211,203.2,1.111,,,,,0.0,,,,13.01,,SSW,,17.27,101236.28,101197.7,
033HI,2024-01-15T11:15:00Z,99060.0,18.811,91.1,0.067,240.8,0.499,,,,,0.0,,,,13.01,,WSW,,17.32,101226.06,101187.24,
033HI,2024-01-15T11:20:00Z,99060.0,18.789,91.4,0.345,223.0,1.168,,,,,0.0,,,,13.0,,SW,,17.35,101226.06,101187.41,
033HI,2024-01-15T11:25:00Z,99060.0,18.822,88.2,0.622,247.9,1.667,,,,,0.0,,,,13.0,,WSW,,16.81,101226.06,101187.17,
033HI,2024-01-15T11:30:00Z,99050.0,19.089,86.1,0.653,241.7,1.446,,,,,0.0,,,,13.0,,WSW,,16.69,101215.84,101175.0,
033HI,2024-01-15T11:35:00Z,99040.0,19.172,84.8,0.839,251.8,,,,,,0.0,,,,13.0,,WSW,,16.54,101205.62,101164.18,
033HI,2024-01-15T11:40:00Z,99030.0,19.139,84.8,0.463,229.4,1.276,,,,,0.0,,,,13.0,,SW,,16.5,101195.41,101154.2,
033HI,2024-01-15T11:45:00Z,99030.0,18.939,85.4,0.597,236.9,1.775,,,,,0.0,,,,13.0,,WSW,,16.42,101195.41,101155.67,
033HI,2024-01-15T11:50:00Z,99010.0,18.839,84.7,0.643,248.8,1.667,,,,,0.0,,,,12.99,,WSW,,16.19,101174.97,101135.98,
033HI,2024-01-15T11:55:00Z,99010.0,18.672,85.5,0.355,249.0,0.998,,,,,0.0,,,,12.99,,WSW,,16.17,101174.97,101137.21,
033HI,2024-01-15T12:00:00Z,99000.0,18.411,86.1,0.211,240.2,0.833,,,,,0.0,,,,12.99,,WSW,,16.03,101164.75,101128.92,
033HI,2024-01-15T12:05:00Z,99000.0,18.261,86.5,0.473,243.8,1.168,,,,,0.0,,,,12.99,,WSW,,15.95,101164.75,101130.02,
033HI,2024-01-15T12:10:00Z,98990.0,18.15,86.4,0.658,247.0,1.831,,,,,0.0,,,,12.99,,WSW,,15.83,101154.53,101120.63,
033HI,2024-01-15T12:15:00Z,98990.0,18.1,86.4,0.535,238.9,1.168,,,,,0.0,,,,12.98,,WSW,,15.78,101154.53,101121.0,
033HI,2024-01-15T12:20:00Z,98990.0,17.989,86.1,0.612,246.1,1.554,,,,,0.0,,,,12.98,,WSW,,15.61,101154.53,101121.82,
033HI,2024-01-15T12:25:00Z,98990.0,18.039,85.1,0.787,259.7,1.554,,,,,0.0,,,,12.98,,W,,15.48,101154.53,101121.45,
033HI,2024-01-15T12:30:00Z,98980.0,17.9,85.4,0.957,261.9,1.775,,,,,0.0,,,,12.98,,W,,15.4,101144.31,101112.26,
033HI,2024-01-15T12:35:00Z,98980.0,17.872,84.9,0.9,255.9,2.166,,,,,0.0,,,,12.97,,WSW,,15.28,101144.31,101112.47,
033HI,2024-01-15T12:40:00Z,98980.0,17.822,85.1,0.767,244.1,1.831,,,,,0.0,,,,12.97,,WSW,,15.27,101144.31,101112.84,
033HI,2024-01-15T12:45:00Z,98980.0,17.728,85.2,0.7,250.9,1.888,,,,,0.0,,,,12.97,,WSW,,15.19,101144.31,101113.54,
033HI,2024-01-15T12:50:00Z,98980.0,17.65,85.6,0.55,242.8,1.667,,,,,0.0,,,,12.97,,WSW,,15.19,101144.31,101114.11,
033HI,2024-01-15T12:55:00Z,98970.0,17.489,86.2,0.767,247.5,1.667,,,,,0.0,,,,12.96,,WSW,,15.14,101134.09,101105.09,
033HI,2024-01-15T13:00:00Z,98970.0,17.439,86.2,0.54,242.7,1.224,,,,,0.0,,,,12.96,,WSW,,15.09,101134.09,101105.46,
033HI,2024-01-15T13:05:00Z,98970.0,17.35,86.6,0.581,248.4,1.61,,,,,0.0,,,,12.96,,WSW,,15.08,101134.09,101106.12,
033HI,2024-01-15T13:10:00Z,98970.0,17.378,86.3,0.787,248.6,1.446,,,,,0.0,,,,12.96,,WSW,,15.05,101134.09,101105.92,
033HI,2024-01-15T13:15:00Z,98970.0,17.35,86.4,0.839,245.7,2.109,,,,,0.0,,,,12.96,,WSW,,15.04,101134.09,101106.12,
033HI,2024-01-15T13:20:00Z,98970.0,17.322,86.5,0.458,243.7,1.111,,,,,0.0,,,,12.95,,WSW,,15.03,101134.09,101106.33,
033HI,2024-01-15T13:25:00Z,98970.0,17.2,86.9,0.658,252.5,1.667,,,,,0.0,,,,12.95,,WSW,,14.98,101134.09,101107.24,
033HI,2024-01-15T13:30:00Z,98970.0,17.178,86.8,0.617,247.1,1.446,,,,,0.0,,,,12.94,,WSW,,14.94,101134.09,101107.4,
033HI,2024-01-15T13:35:00Z,98970.0,17.2,86.7,0.972,249.5,1.831,,,,,0.0,,,,12.95,,WSW,,14.95,101134.09,101107.24,
033HI,2024-01-15T13:40:00Z,98970.0,17.222,86.2,0.833,252.1,1.775,,,,,0.0,,,,12.94,,WSW,,14.88,101134.09,101107.08,
033HI,2024-01-15T13:45:00Z,98970.0,17.3,85.6,0.926,251.0,1.775,,,,,0.0,,,,12.94,,WSW,,14.84,101134.09,101106.5,
033HI,2024-01-15T13:50:00Z,98970.0,17.2,85.9,0.833,248.7,1.831,,,,,0.0,,,,12.94,,WSW,,14.8,101134.09,101107.24,
033HI,2024-01-15T13:55:00Z,98980.0,17.089,86.1,0.767,253.4,1.61,,,,,0.0,,,,12.94,,WSW,,14.73,101144.31,101118.28,
033HI,2024-01-15T14:00:00Z,98980.0,16.922,86.8,0.561,248.6,1.554,,,,,0.0,,,,12.93,,WSW,,14.69,101144.31,101119.52,
033HI,2024-01-15T14:05:00Z,98980.0,16.811,87.1,0.792,256.6,1.446,,,,,0.0,,,,12.93,,WSW,,14.64,101144.31,101120.35,
033HI,2024-01-15T14:10:00Z,98990.0,16.822,87.0,0.509,239.3,1.554,,,,,0.0,,,,12.93,,WSW,,14.63,101154.53,101130.48,
033HI,2024-01-15T14:15:00Z,98990.0,16.7,87.6,0.34,245.4,1.332,,,,,0.0,,,,12.93,,WSW,,14.62,101154.53,101131.39,
033HI,2024-01-15T14:20:00Z,98990.0,16.6,88.1,0.448,248.3,1.497,,,,,0.0,,,,12.93,,WSW,,14.61,101154.53,101132.14,
033HI,2024-01-15T14:25:00Z,99000.0,16.611,88.3,0.134,230.0,0.777,,,,,0.0,,,,12.93,,SW,,14.65,101164.75,101142.27,
033HI,2024-01-15T14:30:00Z,99000.0,16.711,87.8,0.458,242.6,1.276,,,,,0.0,,,,12.92,,WSW,,14.66,101164.75,101141.53,
033HI,2024-01-15T14:35:00Z,99000.0,16.622,88.1,0.273,250.2,0.89,,,,,0.0,,,,12.92,,WSW,,14.63,101164.75,101142.19,
033HI,2024-01-15T14:40:00Z,99010.0,16.522,88.3,0.561,255.4,0.998,,,,,0.0,,,,12.92,,WSW,,14.56,101174.97,101153.15,
033HI,2024-01-15T14:45:00Z,99020.0,16.372,88.4,0.787,264.7,1.276,,,,,0.0,,,,12.92,,W,,14.43,101185.19,101164.49,
033HI,2024-01-15T14:50:00Z,99020.0,16.561,87.2,0.818,248.3,,,,,,0.0,,,,12.92,,WSW,,14.41,101185.19,101163.08,
033HI,2024-01-15T14:55:00Z,99020.0,16.75,86.1,0.674,242.7,1.497,,,,,0.0,,,,12.92,,WSW,,14.39,101185.19,101161.67,
033HI,2024-01-15T15:00:00Z,99020.0,16.739,86.5,0.293,209.5,0.941,,,,,0.0,,,,12.91,,SSW,,14.46,101185.19,101161.75,
033HI,2024-01-15T15:05:00Z,99020.0,16.389,88.3,0.334,238.1,1.168,,,,,0.0,,,,12.91,,WSW,,14.43,101185.19,101164.37,
033HI,2024-01-15T15:10:00Z,99030.0,16.3,88.6,0.427,241.3,1.554,,,,,0.0,,,,12.91,,WSW,,14.4,101195.41,101175.25,
033HI,2024-01-15T15:15:00Z,99030.0,16.211,88.8,0.509,250.5,1.389,,,,,0.0,,,,12.91,,WSW,,14.35,101195.41,101175.91,
033HI,2024-01-15T15:20:00Z,99040.0,16.161,89.0,0.237,240.2,1.111,,,,,0.0,,,,12.91,,WSW,,14.33,101205.62,101186.5,
033HI,2024-01-15T15:25:00Z,99040.0,16.089,89.5,0.293,237.5,1.224,,,,,0.0,,,,12.91,,WSW,,14.35,101205.62,101187.04,
033HI,2024-01-15T15:30:00Z,99040.0,16.089,89.6,0.309,232.4,1.111,,,,,0.0,,,,12.91,,SW,,14.36,101205.62,101187.04,
033HI,2024-01-15T15:35:00Z,99040.0,16.139,89.6,0.37,217.7,1.554,,,,,0.0,,,,12.9,,SW,,14.41,101205.62,101186.67,
033HI,2024-01-15T15:40:00Z,99040.0,16.5,87.6,0.504,213.0,1.276,,,,,0.0,,,,12.91,,SSW,,14.42,101205.62,101183.97,
033HI,2024-01-15T15:45:00Z,99040.0,16.489,87.6,0.494,229.2,1.389,,,,,0.0,,,,12.9,,SW,,14.41,101205.62,101184.05,
033HI,2024-01-15T15:50:00Z,99040.0,16.589,87.0,0.458,231.8,1.332,,,,,0.0,,,,12.9,,SW,,14.4,101205.62,101183.31,
033HI,2024-01-15T15:55:00Z,99040.0,16.6,86.6,0.463,250.7,1.775,,,,,0.0,,,,12.9,,WSW,,14.34,101205.62,101183.22,
033HI,2024-01-15T16:00:00Z,99040.0,16.6,86.6,0.412,239.3,1.055,,,,,0.0,,,,12.9,,WSW,,14.34,101205.62,101183.22,
033HI,2024-01-15T16:05:00Z,99040.0,16.439,87.1,0.319,247.2,0.89,,,,,0.0,,,,12.9,,WSW,,14.27,101205.62,101184.43,
033HI,2024-01-15T16:10:00Z,99050.0,16.328,87.5,0.324,239.2,1.224,,,,,0.0,,,,12.9,,WSW,,14.23,101215.84,101195.47,
033HI,2024-01-15T16:15:00Z,99050.0,16.3,87.7,0.334,246.4,1.055,,,,,0.0,,,,12.9,,WSW,,14.24,101215.84,101195.68,
033HI,2024-01-15T16:20:00Z,99050.0,16.089,89.0,0.268,231.3,1.276,,,,,0.0,,,,12.9,,SW,,14.26,101215.84,101197.26,
033HI,2024-01-15T16:25:00Z,99050.0,16.072,89.4,0.221,231.9,0.941,,,,,0.0,,,,12.9,,SW,,14.31,101215.84,101197.39,
033HI,2024-01-15T16:30:00Z,99050.0,16.211,88.9,0.473,240.8,2.166,,,,,0.0,,,,12.9,,WSW,,14.36,101215.84,101196.35,
033HI,2024-01-15T16:35:00Z,99050.0,16.528,87.4,0.473,207.3,1.667,,,,,0.0,,,,12.9,,SSW,,14.41,101215.84,101193.98,
033HI,2024-01-15T16:40:00Z,99050.0,16.928,85.2,0.545,207.7,1.723,,,,,0.0,,,,12.9,,SSW,,14.41,101215.84,101191.0,
033HI,2024-01-15T16:45:00Z,99050.0,16.928,84.9,0.586,239.0,1.775,,,,,0.0,,,,12.9,,WSW,,14.35,101215.84,101191.0,
033HI,2024-01-15T16:50:00Z,99050.0,17.039,84.5,0.787,244.5,1.775,,,,,0.0,,,,12.9,,WSW,,14.39,101215.84,101190.17,
033HI,2024-01-15T16:55:00Z,99050.0,16.9,85.2,0.725,241.5,1.945,,,,,0.0,,,,12.9,,WSW,,14.38,101215.84,101191.2,
033HI,2024-01-15T17:00:00Z,99050.0,16.889,85.5,0.684,236.2,,,,,,0.0,,,,12.9,,SW,,14.42,101215.84,101191.29,
033HI,2024-01-15T17:05:00Z,99050.0,16.872,85.6,0.576,240.2,1.389,,,,,0.0,,,,12.9,,WSW,,14.42,101215.84,101191.41,
033HI,2024-01-15T17:10:00Z,99040.0,16.711,86.7,0.35,227.9,1.168,,,,,0.0,,,,12.9,,SW,,14.46,101205.62,101182.39,
033HI,2024-01-15T17:15:00Z,99040.0,16.8,86.6,0.854,246.8,2.279,,,,,0.0,,,,12.91,,WSW,,14.53,101205.62,101181.73,
033HI,2024-01-15T17:20:00Z,99040.0,17.011,85.9,0.648,236.1,1.831,,,,,0.0,,,,12.92,,SW,,14.62,101205.62,101180.16,
033HI,2024-01-15T17:25:00Z,99030.0,17.061,86.1,0.694,243.6,1.332,,,,,0.0,,,,12.93,,WSW,,14.7,101195.41,101169.57,
033HI,2024-01-15T17:30:00Z,99030.0,17.011,86.8,0.288,245.6,1.055,,,,,0.0,,,,12.95,,WSW,,14.78,101195.41,101169.94,
033HI,2024-01-15T17:35:00Z,99030.0,17.072,87.5,0.422,254.6,1.446,,,,,0.0,,,,12.97,,WSW,,14.96,101195.41,101169.48,
033HI,2024-01-15T17:40:00Z,99030.0,17.35,86.6,0.391,254.4,1.389,,,,,0.0,,,,12.99,,WSW,,15.08,101195.41,101167.42,
033HI,2024-01-15T17:45:00Z,99030.0,17.6,86.2,0.314,227.9,1.111,,,,,0.0,,,,13.01,,SW,,15.25,101195.41,101165.56,
033HI,2024-01-15T17:50:00Z,99040.0,17.8,86.1,0.304,261.2,1.168,,,,,0.0,,,,13.02,,W,,15.43,101205.62,101174.29,
033HI,2024-01-15T17:55:00Z,99040.0,18.05,85.3,0.268,256.5,0.833,,,,,0.0,,,,13.04,,WSW,,15.53,101205.62,101172.45,
033HI,2024-01-15T18:00:00Z,99040.0,18.328,85.2,0.195,231.9,1.055,,,,,0.0,,,,13.06,,SW,,15.78,101205.62,101170.39,
033HI,2024-01-15T18:05:00Z,99050.0,18.678,84.1,0.37,209.6,2.109,,,,,0.0,,,,13.08,,SSW,,15.92,101215.84,101178.03,
033HI,2024-01-15T18:10:00Z,99050.0,18.989,84.3,0.329,202.2,2.33,,,,,0.0,,,,13.1,,SSW,,16.26,101215.84,101175.74,
033HI,2024-01-15T18:15:00Z,99050.0,19.239,83.6,0.509,193.2,2.5,,,,,0.0,,,,13.14,,SSW,,16.38,101215.84,101173.9,
033HI,2024-01-15T18:20:00Z,99060.0,19.539,82.9,1.219,190.3,2.387,,,,,0.0,,,,13.18,,S,,16.54,101226.06,101181.92,
033HI,2024-01-15T18:25:00Z,99060.0,19.822,82.5,1.631,183.6,3.833,,,,,0.0,,,,13.24,,S,,16.74,101226.06,101179.85,
033HI,2024-01-15T18:30:00Z,99060.0,20.0,80.2,2.135,182.0,3.277,,,,,0.0,,,,13.31,,S,,16.46,101226.06,101178.55,
033HI,2024-01-15T18:35:00Z,99070.0,20.139,79.2,2.438,183.3,3.39,,,,,0.0,,,,13.41,,S,,16.4,101236.28,101187.76,
033HI,2024-01-15T18:40:00Z,99070.0,20.372,79.74,1.456,182.5,,,,,,0.0,,,,13.51,,S,,16.74,101236.28,101186.06,
033HI,2024-01-15T18:45:00Z,99070.0,20.639,79.07,1.296,179.2,,,,,,0.0,,,,13.63,,S,,16.86,101236.28,101184.11,
033HI,2024-01-15T18:50:00Z,99070.0,20.789,79.67,1.451,183.7,2.608,,,,,0.0,,,,13.74,,S,,17.13,101236.28,101183.02,
033HI,2024-01-15T18:55:00Z,99070.0,20.989,80.5,1.487,180.8,2.387,,,,,0.0,,,,13.67,,S,,17.49,101236.28,101181.57,
033HI,2024-01-15T19:00:00Z,99070.0,21.272,81.2,1.631,169.7,2.665,,,,,0.0,,,,13.67,,S,,17.9,101236.28,101179.52,
033HI,2024-01-15T19:05:00Z,99070.0,21.572,81.6,1.847,160.1,3.112,,,,,0.0,,,,13.67,,SSE,,18.27,101236.28,101177.35,
033HI,2024-01-15T19:10:00Z,99070.0,21.739,80.6,2.238,148.2,3.277,,,,,0.0,,,,13.66,,SSE,,18.24,101236.28,101176.14,
033HI,2024-01-15T19:15:00Z,99060.0,21.9,79.85,2.104,146.9,3.663,,,,,0.0,,,,13.67,,SSE,,18.25,101226.06,101164.77,
033HI,2024-01-15T19:20:00Z,99060.0,21.95,79.89,1.24,124.5,3.719,,,,,0.0,,,,13.67,,SE,,18.3,101226.06,101164.41,
033HI,2024-01-15T19:25:00Z,99070.0,21.972,79.24,2.063,129.9,3.277,,,,,0.0,,,,13.67,,SE,,18.19,101236.28,101174.47,
033HI,2024-01-15T19:30:00Z,99070.0,21.972,79.87,1.235,112.1,2.5,,,,,0.0,,,,13.67,,ESE,,18.32,101236.28,101174.46,
033HI,2024-01-15T19:35:00Z,99060.0,22.528,79.1,1.415,108.4,3.776,,,,,0.0,,,,13.67,,ESE,,18.71,101226.06,101160.26,
033HI,2024-01-15T19:40:00Z,99060.0,22.578,76.79,2.757,115.4,4.831,,,,,0.0,,,,13.66,,ESE,,18.28,101226.06,101159.9,
033HI,2024-01-15T19:45:00Z,99060.0,22.428,77.53,1.734,113.8,3.164,,,,,0.0,,,,13.66,,ESE,,18.29,101226.06,101160.98,
033HI,2024-01-15T19:50:00Z,99060.0,22.628,77.4,1.518,118.7,3.39,,,,,0.0,,,,13.67,,ESE,,18.46,101226.06,101159.54,
033HI,2024-01-15T19:55:00Z,99050.0,23.05,76.14,2.228,123.9,4.167,,,,,0.0,,,,13.67,,SE,,18.6,101215.84,101146.31,
033HI,2024-01-15T20:00:00Z,99050.0,22.878,76.1,2.366,123.8,4.218,,,,,0.0,,,,13.67,,SE,,18.43,101215.84,101147.54,
033HI,2024-01-15T20:05:00Z,99040.0,23.161,75.62,2.294,135.5,4.054,,,,,0.0,,,,13.67,,SE,,18.6,101205.62,101135.31,
033HI,2024-01-15T20:10:00Z,99030.0,23.25,75.18,2.855,115.0,5.222,,,,,0.0,,,,13.67,,ESE,,18.59,101195.41,101124.46,
033HI,2024-01-15T20:15:00Z,99020.0,23.022,76.24,1.981,110.2,3.39,,,,,0.0,,,,13.66,,ESE,,18.6,101185.19,101115.88,
033HI,2024-01-15T20:20:00Z,99010.0,23.078,76.33,1.559,136.5,3.498,,,,,0.0,,,,13.65,,SE,,18.67,101174.97,101105.27,
033HI,2024-01-15T20:25:00Z,99000.0,23.511,74.96,2.644,106.9,4.332,,,,,0.0,,,,13.65,,ESE,,18.8,101164.75,101091.97,
033HI,2024-01-15T20:30:00Z,98990.0,23.711,75.25,2.109,160.8,4.496,,,,,0.0,,,,13.65,,SSE,,19.05,101154.53,101080.33,
033HI,2024-01-15T20:35:00Z,98980.0,23.9,73.85,2.305,130.8,5.165,,,,,0.0,,,,13.65,,SE,,18.94,101144.31,101068.78,
033HI,2024-01-15T20:40:00Z,98970.0,23.872,73.79,2.598,122.4,4.717,,,,,0.0,,,,13.64,,ESE,,18.9,101134.09,101058.77,
033HI,2024-01-15T20:45:00Z,98960.0,23.75,73.26,3.164,131.5,5.0,,,,,0.0,,,,13.65,,SE,,18.66,101123.88,101049.43,
033HI,2024-01-15T20:50:00Z,98940.0,24.122,71.75,3.622,148.9,6.775,,,,,0.0,,,,13.64,,SSE,,18.69,101103.44,101026.37,
033HI,2024-01-15T20:55:00Z,98930.0,24.272,70.97,3.292,132.5,5.664,,,,,0.0,,,,13.64,,SE,,18.66,101093.22,101015.1,
033HI,2024-01-15T21:00:00Z,98930.0,24.278,71.46,2.937,149.1,4.717,,,,,0.0,,,,13.64,,SSE,,18.77,101093.22,101015.05,
033HI,2024-01-15T21:05:00Z,98920.0,24.639,70.25,2.937,151.5,5.052,,,,,0.0,,,,13.63,,SSE,,18.85,101083.0,101002.29,
033HI,2024-01-15T21:10:00Z,98910.0,24.572,69.73,3.004,150.0,6.055,,,,,0.0,,,,13.63,,SSE,,18.66,101072.78,100992.56,
033HI,2024-01-15T21:15:00Z,98910.0,24.372,69.47,3.102,127.7,5.777,,,,,0.0,,,,13.63,,SE,,18.41,101072.78,100993.97,
033HI,2024-01-15T21:20:00Z,98890.0,24.561,69.49,3.323,134.4,5.664,,,,,0.0,,,,13.63,,SE,,18.6,101052.34,100972.21,
033HI,2024-01-15T21:25:00Z,98880.0,24.678,69.33,3.647,145.5,6.605,,,,,0.0,,,,13.62,,SE,,18.67,101042.13,100961.18,
033HI,2024-01-15T21:30:00Z,98870.0,24.878,68.72,2.382,120.4,4.831,,,,,0.0,,,,13.63,,ESE,,18.72,101031.91,100949.56,
033HI,2024-01-15T21:35:00Z,98850.0,25.039,68.46,3.349,135.2,5.499,,,,,0.0,,,,13.63,,SE,,18.82,101011.47,100928.0,
033HI,2024-01-15T21:40:00Z,98840.0,25.022,67.57,3.107,129.6,5.942,,,,,0.0,,,,13.62,,SE,,18.59,101001.25,100917.92,
033HI,2024-01-15T21:45:00Z,98820.0,25.089,67.62,3.272,126.4,6.333,,,,,0.0,,,,13.62,,SE,,18.67,100980.81,100897.02,
033HI,2024-01-15T21:50:00Z,98810.0,25.011,67.56,3.385,142.6,6.055,,,,,0.0,,,,13.62,,SE,,18.58,100970.6,100887.36,
033HI,2024-01-15T21:55:00Z,98800.0,24.9,68.28,4.008,108.2,6.719,,,,,0.0,,,,13.62,,ESE,,18.64,100960.38,100877.93,
033HI,2024-01-15T22:00:00Z,98790.0,25.178,67.04,2.886,126.0,6.055,,,,,0.0,,,,13.62,,SE,,18.61,100950.16,100865.77,
033HI,2024-01-15T22:05:00Z,98770.0,25.2,66.93,4.347,110.7,6.996,,,,,0.0,,,,13.62,,ESE,,18.61,100929.72,100845.2,
033HI,2024-01-15T22:10:00Z,98760.0,25.389,66.93,3.966,114.0,7.495,,,,,0.0,,,,13.62,,ESE,,18.79,100919.5,100833.66,
033HI,2024-01-15T22:15:00Z,98740.0,25.539,65.38,4.404,150.1,6.384,,,,,0.0,,,,13.62,,SSE,,18.56,100899.06,100812.19,
033HI,2024-01-15T22:20:00Z,98720.0,25.439,65.17,3.663,153.6,6.276,,,,,0.0,,,,13.62,,SSE,,18.41,100878.63,100792.47,
033HI,2024-01-15T22:25:00Z,98710.0,25.789,65.35,4.002,150.8,7.166,,,,,0.0,,,,13.62,,SSE,,18.79,100868.41,100779.81,
033HI,2024-01-15T22:30:00Z,98700.0,25.728,64.73,4.013,150.2,6.055,,,,,0.0,,,,13.62,,SSE,,18.58,100858.19,100770.03,
033HI,2024-01-15T22:35:00Z,98680.0,25.8,64.22,4.326,140.9,6.832,,,,,0.0,,,,13.62,,SE,,18.52,100837.75,100749.11,
033HI,2024-01-15T22:40:00Z,98670.0,25.872,64.16,4.393,144.8,6.94,,,,,0.0,,,,13.62,,SE,,18.57,100827.53,100738.4,
033HI,2024-01-15T22:45:00Z,98640.0,25.678,64.9,4.429,125.7,7.717,,,,,0.0,,,,13.61,,SE,,18.57,100796.88,100709.12,
033HI,2024-01-15T22:50:00Z,98630.0,25.711,65.55,4.141,114.5,6.554,,,,,0.0,,,,13.62,,ESE,,18.76,100786.66,100698.68,
033HI,2024-01-15T22:55:00Z,98620.0,25.822,65.26,4.563,106.8,8.89,,,,,0.0,,,,13.62,,ESE,,18.8,100776.44,100687.69,
033HI,2024-01-15T23:00:00Z,98610.0,25.95,64.77,4.11,125.3,6.605,,,,,0.0,,,,13.62,,SE,,18.8,100766.22,100676.59,
033HI,2024-01-15T23:05:00Z,98590.0,26.078,63.14,4.589,132.3,7.717,,,,,0.0,,,,13.62,,SE,,18.51,100745.79,100655.29,
033HI,2024-01-15T23:10:00Z,98580.0,26.089,62.76,5.186,141.4,9.389,,,,,0.0,,,,13.62,,SE,,18.43,100735.57,100645.0,
033HI,2024-01-15T23:15:00Z,98560.0,26.161,63.12,4.594,119.1,7.274,,,,,0.0,,,,13.62,,ESE,,18.58,100715.13,100624.08,
033HI,2024-01-15T23:20:00Z,98540.0,26.45,63.04,4.038,131.3,6.662,,,,,0.0,,,,13.62,,SE,,18.84,100694.69,100601.65,
033HI,2024-01-15T23:25:00Z,98520.0,26.561,62.94,3.951,126.7,6.441,,,,,0.0,,,,13.62,,SE,,18.92,100674.25,100580.46,
033HI,2024-01-15T23:30:00Z,98520.0,26.822,62.76,3.704,139.9,7.11,,,,,0.0,,,,13.6,,SE,28.04,19.12,100674.25,100578.65,
033HI,2024-01-15T23:35:00Z,98510.0,26.728,62.74,4.743,149.4,7.609,,,,,0.0,,,,13.6,,SSE,27.92,19.03,100664.04,100569.09,
033HI,2024-01-15T23:40:00Z,98500.0,26.611,62.63,4.013,134.8,7.387,,,,,0.0,,,,13.6,,SE,,18.89,100653.82,100559.69,
033HI,2024-01-15T23:45:00Z,98490.0,26.539,63.24,4.321,136.3,7.331,,,,,0.0,,,,13.6,,SE,,18.97,100643.6,100549.98,
033HI,2024-01-15T23:50:00Z,98480.0,26.639,62.81,4.568,130.6,7.166,,,,,0.0,,,,13.6,,SE,,18.96,100633.38,100539.08,
033HI,2024-01-15T23:55:00Z,98470.0,26.472,63.09,5.042,132.9,7.943,,,,,0.0,,,,13.6,,SE,,18.87,100623.16,100530.03,
033HI,2024-01-16T00:00:00Z,98460.0,26.639,62.97,4.208,125.6,7.943,,,,,0.0,,,,13.6,,SE,,19.0,100612.94,100518.66,
033HI,2024-01-16T00:05:00Z,98460.0,26.811,62.56,4.09,130.4,6.441,,,,,0.0,,,,13.6,,SE,28.02,19.06,100612.94,100517.47,
033HI,2024-01-16T00:10:00Z,98450.0,26.911,62.02,4.378,133.8,6.832,,,,,0.0,,,,13.59,,SE,28.11,19.01,100602.72,100506.57,
033HI,2024-01-16T00:15:00Z,98450.0,26.922,61.8,3.786,137.4,8.272,,,,,0.0,,,,13.6,,SE,28.11,18.97,100602.72,100506.5,
033HI,2024-01-16T00:20:00Z,98450.0,27.139,60.21,4.861,154.4,7.609,,,,,0.0,,,,13.6,,SSE,28.27,18.76,100602.72,100505.0,
033HI,2024-01-16T00:25:00Z,98440.0,27.139,60.37,4.177,148.6,7.994,,,,,0.0,,,,13.6,,SSE,28.29,18.8,100592.51,100494.79,
033HI,2024-01-16T00:30:00Z,98440.0,27.25,60.4,3.853,141.3,5.998,,,,,0.0,,,,13.6,,SE,28.44,18.91,100592.51,100494.02,
033HI,2024-01-16T00:35:00Z,98450.0,27.078,60.03,4.805,142.8,8.828,,,,,0.0,,,,13.58,,SE,28.18,18.65,100602.72,100505.42,
033HI,2024-01-16T00:40:00Z,98440.0,27.011,60.26,4.1,140.1,7.495,,,,,0.0,,,,13.58,,SE,28.11,18.65,100592.51,100495.68,
033HI,2024-01-16T00:45:00Z,98440.0,27.078,59.39,5.659,145.2,8.72,,,,,0.0,,,,13.58,,SE,28.13,18.48,100592.51,100495.22,
033HI,2024-01-16T00:50:00Z,98440.0,27.078,59.19,4.908,146.4,7.886,,,,,0.0,,,,13.59,,SSE,28.12,18.43,100592.51,100495.22,
033HI,2024-01-16T00:55:00Z,98440.0,27.278,59.09,3.997,144.7,6.055,,,,,0.0,,,,13.59,,SE,28.37,18.59,100592.51,100493.84,
033HI,2024-01-16T01:00:00Z,98440.0,27.311,58.74,4.249,148.1,6.384,,,,,0.0,,,,13.59,,SSE,28.38,18.52,100592.51,100493.61,
033HI,2024-01-16T01:05:00Z,98440.0,27.278,58.45,4.069,140.6,6.996,,,,,0.0,,,,13.59,,SE,28.31,18.41,100592.51,100493.84,
033HI,2024-01-16T01:10:00Z,98440.0,27.328,58.25,3.869,143.8,6.333,,,,,0.0,,,,13.58,,SE,28.36,18.41,100592.51,100493.49,
033HI,2024-01-16T01:15:00Z,98450.0,27.422,58.09,3.725,136.7,6.106,,,,,0.0,,,,13.58,,SE,28.47,18.45,100602.72,100503.05,
033HI,2024-01-16T01:20:00Z,98440.0,27.4,57.75,3.128,128.3,5.829,,,,,0.0,,,,13.58,,SE,28.41,18.34,100592.51,100493.0,
033HI,2024-01-16T01:25:00Z,98450.0,27.811,57.86,3.781,140.2,6.605,,,,,0.0,,,,13.58,,SE,28.96,18.75,100602.72,100500.37,
033HI,2024-01-16T01:30:00Z,98450.0,27.928,57.22,3.056,129.4,5.33,,,,,0.0,,,,13.58,,SE,29.05,18.68,100602.72,100499.57,
033HI,2024-01-16T01:35:00Z,98450.0,27.978,57.49,3.035,138.8,4.831,,,,,0.0,,,,13.58,,SE,29.15,18.81,100602.72,100499.23,
033HI,2024-01-16T01:40:00Z,98450.0,27.878,57.58,2.644,135.0,4.831,,,,,0.0,,,,13.58,,SE,29.02,18.74,100602.72,100499.91,
033HI,2024-01-16T01:45:00Z,98450.0,27.961,57.71,1.975,142.1,4.666,,,,,0.0,,,,13.58,,SE,29.15,18.85,100602.72,100499.34,
033HI,2024-01-16T01:50:00Z,98460.0,27.889,58.35,1.235,214.9,2.608,,,,,0.0,,,,13.58,,SW,29.11,18.96,100612.94,100510.04,
033HI,2024-01-16T01:55:00Z,98460.0,27.928,58.04,1.883,303.8,4.054,,,,,0.0,,,,13.56,,NW,29.14,18.91,100612.94,100509.78,
033HI,2024-01-16T02:00:00Z,98470.0,27.778,58.91,3.349,304.3,4.831,,,,,0.0,,,,13.56,,NW,29.02,19.01,100623.16,100521.01,
033HI,2024-01-16T02:05:00Z,98480.0,27.728,61.34,3.143,301.0,5.222,,,,,0.0,,,,13.56,,WNW,29.19,19.61,100633.38,100531.56,
033HI,2024-01-16T02:10:00Z,98490.0,27.478,62.06,4.296,294.0,5.829,,,,,0.0,,,,13.56,,WNW,28.9,19.56,100643.6,100543.49,
033HI,2024-01-16T02:15:00Z,98490.0,27.422,61.94,4.116,302.8,5.607,,,,,0.0,,,,13.56,,WNW,28.81,19.48,100643.6,100543.87,
033HI,2024-01-16T02:20:00Z,98500.0,27.1,63.82,4.29,310.0,6.605,,,,,0.0,,,,13.56,,NW,28.51,19.65,100653.82,100556.3,
033HI,2024-01-16T02:25:00Z,98520.0,26.722,65.84,4.064,302.1,6.276,,,,,0.0,,,,13.56,,WNW,28.11,19.8,100674.25,100579.33,
033HI,2024-01-16T02:30:00Z,98530.0,26.411,66.62,5.057,295.3,6.719,,,,,0.0,,,,13.56,,WNW,,19.69,100684.47,100591.7,
033HI,2024-01-16T02:35:00Z,98540.0,26.15,67.92,4.311,291.1,5.942,,,,,0.0,,,,13.56,,WNW,,19.75,100694.69,100603.72,
033HI,2024-01-16T02:40:00Z,98550.0,25.989,68.5,4.121,301.1,6.055,,,,,0.0,,,,13.56,,WNW,,19.74,100704.91,100615.05,
033HI,2024-01-16T02:45:00Z,98560.0,25.9,69.23,3.56,291.7,5.052,,,,,0.0,,,,13.56,,WNW,,19.82,100715.13,100625.88,
033HI,2024-01-16T02:50:00Z,98560.0,25.778,69.8,3.755,295.9,4.944,,,,,0.0,,,,13.56,,WNW,,19.84,100715.13,100626.73,
033HI,2024-01-16T02:55:00Z,98570.0,25.6,70.33,3.92,293.0,5.777,,,,,0.0,,,,13.56,,WNW,,19.79,100725.35,100638.18,
033HI,2024-01-16T03:00:00Z,98570.0,25.461,71.26,3.822,295.2,5.222,,,,,0.0,,,,13.56,,WNW,,19.87,100725.35,100639.15,
033HI,2024-01-16T03:05:00Z,98580.0,25.222,72.18,3.617,300.0,5.829,,,,,0.0,,,,13.59,,WNW,,19.84,100735.57,100651.03,
033HI,2024-01-16T03:10:00Z,98590.0,25.039,72.28,3.663,300.0,5.165,,,,,0.0,,,,13.56,,WNW,,19.69,100745.79,100662.52,
033HI,2024-01-16T03:15:00Z,98590.0,24.811,73.0,3.581,298.2,4.887,,,,,0.0,,,,13.51,,WNW,,19.63,100745.79,100664.12,
033HI,2024-01-16T03:20:00Z,98600.0,24.65,73.36,3.781,308.2,5.499,,,,,0.0,,,,13.47,,NW,,19.55,100756.0,100675.47,
033HI,2024-01-16T03:25:00Z,98610.0,24.472,74.16,3.051,295.4,4.831,,,,,0.0,,,,13.4,,WNW,,19.56,100766.22,100686.93,
033HI,2024-01-16T03:30:00Z,98620.0,24.3,74.65,3.04,296.7,4.275,,,,,0.0,,,,13.39,,WNW,,19.5,100776.44,100698.35,
033HI,2024-01-16T03:35:00Z,98620.0,24.161,75.78,2.937,296.9,3.941,,,,,0.0,,,,13.33,,WNW,,19.6,100776.44,100699.33,
033HI,2024-01-16T03:40:00Z,98620.0,24.022,76.63,1.291,293.6,2.886,,,,,0.0,,,,13.29,,WNW,,19.65,100776.44,100700.31,
033HI,2024-01-16T03:45:00Z,98630.0,23.811,77.69,0.53,248.6,2.222,,,,,0.0,,,,13.26,,WSW,,19.67,100786.66,100712.01,
033HI,2024-01-16T03:50:00Z,98640.0,23.539,78.7,0.473,192.6,1.055,,,,,0.0,,,,13.24,,SSW,,19.61,100796.88,100724.15,
033HI,2024-01-16T03:55:00Z,98650.0,23.422,78.79,0.17,205.4,0.612,,,,,0.0,,,,13.22,,SSW,,19.51,100807.1,100735.19,
033HI,2024-01-16T04:00:00Z,98660.0,23.311,79.43,0.0,,0.0,,,,,0.0,,,,13.2,,,,19.54,100817.32,100746.19,
033HI,2024-01-16T04:05:00Z,98670.0,23.122,80.2,0.0,,0.0,,,,,0.0,,,,13.19,,,,19.51,100827.53,100757.74,
033HI,2024-01-16T04:10:00Z,98670.0,23.028,80.6,0.0,,0.0,,,,,0.0,,,,13.18,,,,19.5,100827.53,100758.41,
033HI,2024-01-16T04:15:00Z,98680.0,22.861,81.2,0.0,,0.0,,,,,0.0,,,,13.18,,,,19.45,100837.75,100769.81,
033HI,2024-01-16T04:20:00Z,98680.0,22.739,81.8,0.0,,0.0,,,,,0.0,,,,13.17,,,,19.45,100837.75,100770.68,
033HI,2024-01-16T04:25:00Z,98690.0,22.628,82.5,0.0,,0.0,,,,,0.0,,,,13.17,,,,19.48,100847.97,100781.68,
033HI,2024-01-16T04:30:00Z,98690.0,22.5,83.4,0.0,,0.0,,,,,0.0,,,,13.16,,,,19.53,100847.97,100782.6,
033HI,2024-01-16T04:35:00Z,98690.0,22.35,84.2,0.0,,0.0,,,,,0.0,,,,13.15,,,,19.54,100847.97,100783.67,
033HI,2024-01-16T04:40:00Z,98700.0,22.122,85.1,0.0,,0.0,,,,,0.0,,,,13.15,,,,19.49,100858.19,100795.51,
033HI,2024-01-16T04:45:00Z,98700.0,21.878,86.3,0.0,,0.0,,,,,0.0,,,,13.15,,,,19.47,100858.19,100797.26,
033HI,2024-01-16T04:50:00Z,98710.0,21.672,87.3,0.051,262.7,0.612,,,,,0.0,,,,13.15,,W,,19.46,100868.41,100808.95,
033HI,2024-01-16T04:55:00Z,98710.0,21.522,87.7,0.165,258.2,0.664,,,,,0.0,,,,13.14,,WSW,,19.38,100868.41,100810.03,
033HI,2024-01-16T05:00:00Z,98720.0,21.4,87.8,0.293,266.8,0.777,,,,,0.0,,,,13.14,,W,,19.28,100878.63,100821.12,
033HI,2024-01-16T05:05:00Z,98730.0,21.072,89.4,0.216,239.7,0.777,,,,,0.0,,,,13.14,,WSW,,19.25,100888.85,100833.7,
033HI,2024-01-16T05:10:00Z,98740.0,20.839,90.7,0.304,268.5,1.168,,,,,0.0,,,,13.14,,W,,19.25,100899.06,100845.59,
033HI,2024-01-16T05:15:00Z,98750.0,20.689,91.4,1.039,270.8,1.332,,,,,0.0,,,,13.13,,W,,19.23,100909.28,100856.89,
033HI,2024-01-16T05:20:00Z,98750.0,20.65,91.2,0.88,297.4,1.168,,,,,0.0,,,,13.13,,WNW,,19.16,100909.28,100857.17,
033HI,2024-01-16T05:25:00Z,98760.0,20.361,92.2,0.772,266.4,1.168,,,,,0.0,,,,13.13,,W,,19.04,100919.5,100869.48,
033HI,2024-01-16T05:30:00Z,98770.0,20.322,93.5,0.952,260.9,1.389,,,,,0.0,,,,13.13,,W,,19.23,100929.72,100879.97,
033HI,2024-01-16T05:35:00Z,98780.0,20.4,93.1,1.183,273.5,1.61,,,,,0.0,,,,13.12,,W,,19.24,100939.94,100889.62,
033HI,2024-01-16T05:40:00Z,98790.0,20.289,92.5,0.53,243.9,1.276,,,,,0.0,,,,13.12,,WSW,,19.03,100950.16,100900.64,
033HI,2024-01-16T05:45:00Z,98810.0,20.039,93.5,0.123,295.8,0.89,,,,,0.0,,,,13.12,,WNW,,18.95,100970.6,100922.89,
033HI,2024-01-16T05:50:00Z,98810.0,19.922,93.9,0.622,237.2,1.055,,,,,0.0,,,,13.12,,WSW,,18.9,100970.6,100923.74,
033HI,2024-01-16T05:55:00Z,98810.0,19.9,94.3,0.54,214.8,0.777,,,,,0.0,,,,13.12,,SW,,18.95,100970.6,100923.9,
033HI,2024-01-16T06:00:00Z,98820.0,19.8,94.2,0.334,233.1,0.556,,,,,0.0,,,,13.11,,SW,,18.83,100980.81,100934.84,
033HI,2024-01-16T06:05:00Z,98830.0,19.75,94.6,0.36,230.0,0.777,,,,,0.0,,,,13.11,,SW,,18.85,100991.03,100945.42,
033HI,2024-01-16T06:10:00Z,98830.0,19.75,94.5,0.242,237.4,0.664,,,,,0.0,,,,13.11,,WSW,,18.84,100991.03,100945.42,
033HI,2024-01-16T06:15:00Z,98840.0,19.689,94.5,0.252,226.2,0.612,,,,,0.0,,,,13.11,,SW,,18.77,101001.25,100956.08,
033HI,2024-01-16T06:20:00Z,98850.0,19.528,94.5,0.514,250.2,0.777,,,,,0.0,,,,13.11,,WSW,,18.61,101011.47,100967.47,
033HI,2024-01-16T06:25:00Z,98850.0,19.4,94.9,0.396,243.4,0.72,,,,,0.0,,,,13.11,,WSW,,18.56,101011.47,100968.41,
033HI,2024-01-16T06:30:00Z,98850.0,19.289,95.2,0.026,239.2,0.334,,,,,0.0,,,,13.1,,WSW,,18.5,101011.47,100969.22,
033HI,2024-01-16T06:35:00Z,98860.0,19.222,95.5,0.298,251.6,0.556,,,,,0.0,,,,13.1,,WSW,,18.48,101021.69,100979.92,
033HI,2024-01-16T06:40:00Z,98860.0,19.1,95.6,0.015,261.2,0.442,,,,,0.0,,,,13.1,,W,,18.38,101021.69,100980.82,
033HI,2024-01-16T06:45:00Z,98860.0,19.0,95.9,0.319,262.3,0.612,,,,,0.0,,,,13.1,,W,,18.33,101021.69,100981.55,
033HI,2024-01-16T06:50:00Z,98860.0,18.872,95.9,0.268,267.0,0.612,,,,,0.0,,,,13.1,,W,,18.2,101021.69,100982.49,
033HI,2024-01-16T06:55:00Z,98870.0,18.75,96.0,0.7,270.8,1.224,,,,,0.0,,,,13.1,,W,,18.09,101031.91,100993.6,
033HI,2024-01-16T07:00:00Z,98870.0,18.689,96.2,0.844,261.2,1.389,,,,,0.0,,,,13.09,,W,,18.07,101031.91,100994.05,
033HI,2024-01-16T07:05:00Z,98880.0,18.611,96.3,0.772,263.1,1.224,,,,,0.0,,,,13.09,,W,,18.01,101042.13,101004.84,
033HI,2024-01-16T07:10:00Z,98880.0,18.6,96.3,0.705,264.0,1.168,,,,,0.0,,,,13.1,,W,,17.99,101042.13,101004.92,
033HI,2024-01-16T07:15:00Z,98890.0,18.539,96.2,0.35,252.3,0.89,,,,,0.0,,,,13.1,,WSW,,17.92,101052.34,101015.58,
033HI,2024-01-16T07:20:00Z,98890.0,18.511,96.4,0.113,237.5,0.664,,,,,0.0,,,,13.09,,WSW,,17.92,101052.34,101015.79,
033HI,2024-01-16T07:25:00Z,98900.0,18.45,96.6,0.0,,0.0,,,,,0.0,,,,13.09,,,,17.9,101062.56,101026.45,
033HI,2024-01-16T07:30:00Z,98900.0,18.461,96.9,0.288,239.8,0.664,,,,,0.0,,,,13.08,,WSW,,17.96,101062.56,101026.37,
033HI,2024-01-16T07:35:00Z,98900.0,18.411,96.9,0.314,243.7,0.777,,,,,0.0,,,,13.08,,WSW,,17.91,101062.56,101026.74,
033HI,2024-01-16T07:40:00Z,98910.0,18.389,96.9,0.509,234.5,0.89,,,,,0.0,,,,13.08,,SW,,17.88,101072.78,101037.12,
033HI,2024-01-16T07:45:00Z,98910.0,18.361,97.0,0.499,218.5,0.664,,,,,0.0,,,,13.08,,SW,,17.87,101072.78,101037.32,
033HI,2024-01-16T07:50:00Z,98910.0,18.35,97.0,0.489,236.2,0.777,,,,,0.0,,,,13.07,,SW,,17.86,101072.78,101037.4,
033HI,2024-01-16T07:55:00Z,98900.0,18.328,96.9,0.304,227.1,0.664,,,,,0.0,,,,13.07,,SW,,17.82,101062.56,101027.35,
033HI,2024-01-16T08:00:00Z,98900.0,18.3,96.9,0.288,229.8,0.664,,,,,0.0,,,,13.07,,SW,,17.8,101062.56,101027.56,
033HI,2024-01-16T08:05:00Z,98900.0,18.272,96.9,0.345,218.2,0.556,,,,,0.0,,,,13.07,,SW,,17.77,101062.56,101027.76,
033HI,2024-01-16T08:10:00Z,98900.0,18.25,96.9,0.53,224.1,0.777,,,,,0.0,,,,13.07,,SW,,17.75,101062.56,101027.93,
033HI,2024-01-16T08:15:00Z,98900.0,18.222,96.8,0.607,228.7,0.89,,,,,0.0,,,,13.07,,SW,,17.7,101062.56,101028.13,
033HI,2024-01-16T08:20:00Z,98900.0,18.211,96.7,0.72,229.3,0.998,,,,,0.0,,,,13.07,,SW,,17.67,101062.56,101028.21,
033HI,2024-01-16T08:25:00Z,98900.0,18.239,96.7,0.556,232.7,0.833,,,,,0.0,,,,13.07,,SW,,17.7,101062.56,101028.01,
033HI,2024-01-16T08:30:00Z,98890.0,18.172,96.5,0.612,222.3,0.941,,,,,0.0,,,,13.06,,SW,,17.6,101052.34,101018.29,
033HI,2024-01-16T08:35:00Z,98890.0,18.2,96.6,0.689,236.6,0.941,,,,,0.0,,,,13.06,,WSW,,17.65,101052.34,101018.08,
033HI,2024-01-16T08:40:00Z,98890.0,18.211,96.3,0.489,217.5,0.941,,,,,0.0,,,,13.06,,SW,,17.61,101052.34,101018.0,
033HI,2024-01-16T08:45:00Z,98880.0,18.111,96.4,0.448,209.0,0.556,,,,,0.0,,,,13.06,,SSW,,17.52,101042.13,101008.52,
033HI,2024-01-16T08:50:00Z,98880.0,18.05,96.6,0.808,244.5,1.224,,,,,0.0,,,,13.06,,WSW,,17.5,101042.13,101008.97,
033HI,2024-01-16T08:55:00Z,98880.0,18.1,96.7,1.013,246.3,1.332,,,,,0.0,,,,13.06,,WSW,,17.56,101042.13,101008.6,
033HI,2024-01-16T09:00:00Z,98880.0,18.061,96.5,0.571,241.4,0.89,,,,,0.0,,,,13.05,,WSW,,17.49,101042.13,101008.89,
033HI,2024-01-16T09:05:00Z,98880.0,18.05,96.6,0.175,221.8,0.556,,,,,0.0,,,,13.05,,SW,,17.5,101042.13,101008.97,
033HI,2024-01-16T09:10:00Z,98870.0,17.978,96.7,0.231,207.9,0.777,,,,,0.0,,,,13.05,,SSW,,17.44,101031.91,100999.29,
033HI,2024-01-16T09:15:00Z,98870.0,18.0,96.8,0.231,223.8,0.89,,,,,0.0,,,,13.05,,SW,,17.48,101031.91,100999.13,
033HI,2024-01-16T09:20:00Z,98860.0,17.978,96.6,0.247,230.2,0.833,,,,,0.0,,,,13.05,,SW,,17.42,101021.69,100989.07,
033HI,2024-01-16T09:25:00Z,98860.0,17.972,96.7,0.792,252.8,1.168,,,,,0.0,,,,13.04,,WSW,,17.44,101021.69,100989.12,
033HI,2024-01-16T09:30:00Z,98860.0,18.072,96.7,0.247,249.1,0.833,,,,,0.0,,,,13.04,,WSW,,17.54,101021.69,100988.38,
033HI,2024-01-16T09:35:00Z,98860.0,18.15,96.5,0.154,230.1,0.664,,,,,0.0,,,,13.04,,SW,,17.58,101021.69,100987.8,
033HI,2024-01-16T09:40:00Z,98860.0,18.139,96.5,0.237,213.5,1.111,,,,,0.0,,,,13.04,,SSW,,17.57,101021.69,100987.89,
033HI,2024-01-16T09:45:00Z,98850.0,18.022,96.1,0.309,183.0,1.111,,,,,0.0,,,,13.04,,S,,17.39,101011.47,100978.54,
033HI,2024-01-16T09:50:00Z,98840.0,17.978,96.5,0.427,251.6,0.89,,,,,0.0,,,,13.03,,WSW,,17.41,101001.25,100968.64,
033HI,2024-01-16T09:55:00Z,98840.0,18.028,96.9,0.473,235.8,0.941,,,,,0.0,,,,13.04,,SW,,17.52,101001.25,100968.27,
