# STATION: 034HI
# STATION NAME: Kaiaulu Puu Waawaa
# LATITUDE: 19.7724
# LONGITUDE: -155.8312
# ELEVATION [ft]: 3809.0
# STATE: HI
Station_ID,Date_Time,pressure_set_1,air_temp_set_1,relative_humidity_set_1,wind_speed_set_1,wind_direction_set_1,wind_gust_set_1,soil_temp_set_1,soil_temp_set_2,soil_temp_set_3,soil_temp_set_4,precip_accum_five_minute_set_1,soil_moisture_set_1,soil_moisture_set_2,soil_moisture_set_3,volt_set_1,wind_chill_set_1d,wind_cardinal_direction_set_1d,heat_index_set_1d,dew_point_temperature_set_1d,altimeter_set_1d,sea_level_pressure_set_1d,wet_bulb_temperature_set_1d
,,Pascals,Celsius,%,m/s,Degrees,m/s,Celsius,Celsius,Celsius,Celsius,Millimeters,%,%,%,volts,Celsius,code,Celsius,Celsius,Pascals,Pascals,Celsius
034HI,2024-01-15T10:05:00Z,88340.0,13.228,91.4,2.814,354.5,3.277,,,,,0.0,,,,12.98,,N,,11.84,101570.57,101279.0,
034HI,2024-01-15T10:10:00Z,88350.0,13.072,93.0,1.867,8.12,2.608,,,,,0.0,,,,12.98,,N,,11.95,101582.06,101297.9,
034HI,2024-01-15T10:15:00Z,88340.0,13.061,91.2,0.381,9.92,1.168,,,,,0.0,,,,12.98,,N,,11.64,101570.57,101286.98,
034HI,2024-01-15T10:20:00Z,88340.0,12.911,90.9,0.159,149.9,0.833,,,,,0.0,,,,12.97,,SSE,,11.45,101570.57,101294.17,
034HI,2024-01-15T10:25:00Z,88340.0,12.939,91.7,0.401,181.9,0.941,,,,,0.0,,,,12.97,,S,,11.61,101570.57,101292.82,
034HI,2024-01-15T10:30:00Z,88340.0,13.022,90.0,0.442,91.2,0.72,,,,,0.0,,,,12.97,,E,,11.4,101570.57,101288.86,
034HI,2024-01-15T10:35:00Z,88330.0,13.161,89.2,1.029,44.06,1.667,,,,,0.0,,,,12.96,,NE,,11.4,101559.07,101270.76,
034HI,2024-01-15T10:40:00Z,88330.0,13.028,91.5,1.389,55.96,1.723,,,,,0.0,,,,12.96,,NE,,11.66,101559.07,101277.09,
034HI,2024-01-15T10:45:00Z,88320.0,13.0,90.0,0.797,104.6,1.111,,,,,0.0,,,,12.95,,ESE,,11.38,101547.57,101266.98,
034HI,2024-01-15T10:50:00Z,88320.0,13.089,85.5,0.849,123.5,1.446,,,,,0.0,,,,12.96,,ESE,,10.69,101547.57,101262.78,
034HI,2024-01-15T10:55:00Z,88310.0,13.661,74.03,1.327,106.9,1.554,,,,,0.0,,,,12.96,,ESE,,9.08,101536.07,101224.16,
034HI,2024-01-15T11:00:00Z,88300.0,13.822,77.48,1.353,181.8,1.945,,,,,0.0,,,,12.96,,S,,9.92,101524.58,101205.0,
034HI,2024-01-15T11:05:00Z,88300.0,13.511,80.8,1.847,177.4,2.279,,,,,0.0,,,,12.96,,S,,10.25,101524.58,101219.76,
034HI,2024-01-15T11:10:00Z,88290.0,13.35,83.3,1.476,176.6,2.279,,,,,0.0,,,,12.95,,S,,10.55,101513.08,101215.94,
034HI,2024-01-15T11:15:00Z,88280.0,13.461,82.4,1.693,173.2,2.387,,,,,0.0,,,,12.95,,S,,10.49,101501.58,101199.2,
034HI,2024-01-15T11:20:00Z,88280.0,13.361,79.93,2.068,171.5,2.778,,,,,0.0,,,,12.95,,S,,9.94,101501.58,101204.0,
034HI,2024-01-15T11:25:00Z,88280.0,13.611,73.73,0.808,218.7,1.831,,,,,0.0,,,,12.94,,SW,,8.97,101501.58,101192.16,
034HI,2024-01-15T11:30:00Z,88280.0,14.461,69.24,1.955,292.2,2.778,,,,,0.0,,,,12.94,,WNW,,8.85,101501.58,101151.88,
034HI,2024-01-15T11:35:00Z,88280.0,13.95,74.35,2.732,310.1,3.277,,,,,0.0,,,,12.94,,NW,,9.42,101501.58,101176.03,
034HI,2024-01-15T11:40:00Z,88280.0,13.339,80.5,2.228,329.7,2.778,,,,,0.0,,,,12.93,,NNW,,10.02,101501.58,101205.04,
034HI,2024-01-15T11:45:00Z,88290.0,13.189,84.8,1.903,322.8,2.166,,,,,0.0,,,,12.93,,NW,,10.66,101513.08,101223.61,
034HI,2024-01-15T11:50:00Z,88290.0,13.261,85.8,2.022,323.1,2.222,,,,,0.0,,,,12.93,,NW,,10.91,101513.08,101220.16,
034HI,2024-01-15T11:55:00Z,88290.0,13.289,85.2,1.631,349.1,1.945,,,,,0.0,,,,12.92,,N,,10.83,101513.08,101218.83,
034HI,2024-01-15T12:00:00Z,88300.0,13.039,88.8,0.489,16.85,1.446,,,,,0.0,,,,12.92,,NNE,,11.22,101524.58,101242.2,
034HI,2024-01-15T12:05:00Z,88290.0,12.889,89.7,0.268,57.5,0.833,,,,,0.0,,,,12.92,,ENE,,11.22,101513.08,101237.9,
034HI,2024-01-15T12:10:00Z,88290.0,13.0,89.0,0.705,69.77,0.941,,,,,0.0,,,,12.92,,ENE,,11.21,101513.08,101232.6,
034HI,2024-01-15T12:15:00Z,88270.0,13.089,87.9,1.065,143.7,1.554,,,,,0.0,,,,12.92,,SE,,11.11,101490.08,101205.42,
034HI,2024-01-15T12:20:00Z,88260.0,12.972,88.0,1.188,158.1,1.389,,,,,0.0,,,,12.91,,SSE,,11.01,101478.58,101199.55,
034HI,2024-01-15T12:25:00Z,88260.0,12.928,89.5,0.977,137.7,1.446,,,,,0.0,,,,12.91,,SE,,11.23,101478.58,101201.64,
034HI,2024-01-15T12:30:00Z,88260.0,12.85,88.6,1.96,128.1,2.778,,,,,0.0,,,,12.91,,SE,,10.99,101478.58,101205.38,
034HI,2024-01-15T12:35:00Z,88260.0,12.672,88.6,2.032,130.6,2.829,,,,,0.0,,,,12.91,,SE,,10.82,101478.58,101213.91,
034HI,2024-01-15T12:40:00Z,88250.0,12.4,87.1,2.264,115.2,,,,,,0.0,,,,12.91,,ESE,,10.29,101467.09,101215.5,
034HI,2024-01-15T12:45:00Z,88250.0,12.472,86.3,1.878,127.7,2.608,,,,,0.0,,,,12.9,,SE,,10.22,101467.09,101212.06,
034HI,2024-01-15T12:50:00Z,88240.0,12.578,83.8,0.777,133.1,1.446,,,,,0.0,,,,12.89,,SE,,9.88,101455.59,101195.53,
034HI,2024-01-15T12:55:00Z,88240.0,12.872,80.8,0.504,171.7,0.612,,,,,0.0,,,,12.89,,S,,9.62,101455.59,101181.48,
034HI,2024-01-15T13:00:00Z,88240.0,13.178,79.71,1.034,197.5,1.389,,,,,0.0,,,,12.89,,SSW,,9.72,101455.59,101166.87,
034HI,2024-01-15T13:05:00Z,88230.0,13.539,75.89,1.528,205.6,1.775,,,,,0.0,,,,12.89,,SSW,,9.33,101444.09,101138.25,
034HI,2024-01-15T13:10:00Z,88230.0,14.172,69.02,1.461,219.8,1.831,,,,,0.0,,,,12.89,,SW,,8.52,101444.09,101108.27,
034HI,2024-01-15T13:15:00Z,88230.0,14.1,67.82,0.545,264.3,1.224,,,,,0.0,,,,12.89,,W,,8.19,101444.09,101111.7,
034HI,2024-01-15T13:20:00Z,88240.0,14.539,65.25,0.926,6.11,1.332,,,,,0.0,,,,12.88,,N,,8.04,101455.59,101102.41,
034HI,2024-01-15T13:25:00Z,88240.0,14.922,62.19,1.255,279.0,,,,,,0.0,,,,12.88,,W,,7.69,101455.59,101084.38,
034HI,2024-01-15T13:30:00Z,88250.0,14.889,63.34,2.145,277.4,2.608,,,,,0.0,,,,12.88,,W,,7.93,101467.09,101097.37,
034HI,2024-01-15T13:35:00Z,88240.0,14.55,67.04,1.77,275.1,2.279,,,,,0.0,,,,12.88,,W,,8.45,101455.59,101101.87,
034HI,2024-01-15T13:40:00Z,88240.0,14.261,69.15,1.327,277.2,2.109,,,,,0.0,,,,12.88,,W,,8.64,101455.59,101115.51,
034HI,2024-01-15T13:45:00Z,88240.0,14.1,69.35,0.252,231.0,0.89,,,,,0.0,,,,12.88,,SW,,8.52,101455.59,101123.14,
034HI,2024-01-15T13:50:00Z,88250.0,13.939,71.34,0.967,326.0,1.888,,,,,0.0,,,,12.88,,NW,,8.79,101467.09,101142.21,
034HI,2024-01-15T13:55:00Z,88250.0,13.45,74.82,1.955,343.3,2.387,,,,,0.0,,,,12.88,,NNW,,9.03,101467.09,101165.42,
034HI,2024-01-15T14:00:00Z,88260.0,13.078,80.2,1.641,10.99,2.279,,,,,0.0,,,,12.88,,N,,9.71,101478.58,101194.57,
034HI,2024-01-15T14:05:00Z,88260.0,12.911,88.0,1.188,40.23,1.554,,,,,0.0,,,,12.88,,NE,,10.95,101478.58,101202.47,
034HI,2024-01-15T14:10:00Z,88260.0,12.661,90.1,1.826,27.38,2.557,,,,,0.0,,,,12.87,,NNE,,11.06,101478.58,101214.42,
034HI,2024-01-15T14:15:00Z,88260.0,12.528,94.7,2.083,37.5,2.444,,,,,0.0,,,,12.87,,NE,,11.69,101478.58,101220.74,
034HI,2024-01-15T14:20:00Z,88270.0,12.35,96.0,2.047,50.26,2.444,,,,,0.0,,,,12.87,,NE,,11.72,101490.08,101240.74,
034HI,2024-01-15T14:25:00Z,88270.0,12.25,93.9,1.754,63.51,2.166,,,,,0.0,,,,12.87,,ENE,,11.29,101490.08,101245.57,
034HI,2024-01-15T14:30:00Z,88270.0,12.3,92.9,1.348,83.8,1.723,,,,,0.0,,,,12.87,,E,,11.17,101490.08,101243.18,
034HI,2024-01-15T14:35:00Z,88270.0,12.361,94.8,1.317,76.52,1.554,,,,,0.0,,,,12.86,,ENE,,11.54,101490.08,101240.23,
034HI,2024-01-15T14:40:00Z,88270.0,12.422,96.4,1.559,69.12,,,,,,0.0,,,,12.87,,ENE,,11.86,101490.08,101237.28,
034HI,2024-01-15T14:45:00Z,88270.0,12.3,96.5,0.983,108.4,1.497,,,,,0.0,,,,12.86,,ESE,,11.75,101490.08,101243.14,
034HI,2024-01-15T14:50:00Z,88270.0,12.239,96.5,0.34,180.9,0.89,,,,,0.0,,,,12.86,,S,,11.69,101490.08,101246.07,
034HI,2024-01-15T14:55:00Z,88260.0,12.378,97.2,0.694,48.0,0.998,,,,,0.0,,,,12.86,,NE,,11.94,101478.58,101227.92,
034HI,2024-01-15T15:00:00Z,88260.0,12.55,97.4,0.813,51.6,1.055,,,,,0.0,,,,12.86,,NE,,12.14,101478.58,101219.66,
034HI,2024-01-15T15:05:00Z,88270.0,12.489,96.7,0.993,56.15,1.389,,,,,0.0,,,,12.85,,NE,,11.97,101490.08,101234.06,
034HI,2024-01-15T15:10:00Z,88270.0,12.472,94.9,0.437,38.46,0.72,,,,,0.0,,,,12.85,,NE,,11.67,101490.08,101234.9,
034HI,2024-01-15T15:15:00Z,88270.0,12.522,90.6,0.818,327.5,1.276,,,,,0.0,,,,12.85,,NNW,,11.01,101490.08,101232.55,
034HI,2024-01-15T15:20:00Z,88270.0,12.8,88.8,1.276,312.9,1.61,,,,,0.0,,,,12.85,,NW,,10.98,101490.08,101219.24,
034HI,2024-01-15T15:25:00Z,88270.0,12.989,86.0,1.358,302.8,2.053,,,,,0.0,,,,12.85,,WNW,,10.68,101490.08,101210.23,
034HI,2024-01-15T15:30:00Z,88280.0,12.939,87.6,0.664,230.6,0.941,,,,,0.0,,,,12.85,,SW,,10.91,101501.58,101224.07,
034HI,2024-01-15T15:35:00Z,88270.0,12.678,88.0,0.787,206.5,0.998,,,,,0.0,,,,12.85,,SSW,,10.72,101490.08,101225.09,
034HI,2024-01-15T15:40:00Z,88260.0,12.811,84.3,1.327,190.8,1.723,,,,,0.0,,,,12.85,,S,,10.2,101478.58,101207.3,
034HI,2024-01-15T15:45:00Z,88260.0,12.75,85.4,1.816,171.8,2.33,,,,,0.0,,,,12.86,,S,,10.34,101478.58,101210.21,
034HI,2024-01-15T15:50:00Z,88260.0,12.85,87.6,1.693,170.8,2.33,,,,,0.0,,,,12.85,,S,,10.82,101478.58,101205.39,
034HI,2024-01-15T15:55:00Z,88260.0,12.939,89.6,0.936,194.1,1.389,,,,,0.0,,,,12.85,,SSW,,11.25,101478.58,101201.11,
034HI,2024-01-15T16:00:00Z,88260.0,13.05,80.9,0.262,299.4,1.276,,,,,0.0,,,,12.85,,WNW,,9.81,101478.58,101195.9,
034HI,2024-01-15T16:05:00Z,88270.0,13.811,70.99,1.075,329.5,1.554,,,,,0.0,,,,12.85,,NNW,,8.59,101490.08,101171.22,
034HI,2024-01-15T16:10:00Z,88270.0,14.261,65.76,0.283,317.0,0.664,,,,,0.0,,,,12.85,,NW,,7.89,101490.08,101149.93,
034HI,2024-01-15T16:15:00Z,88280.0,14.461,63.92,0.304,231.9,0.777,,,,,0.0,,,,12.84,,SW,,7.66,101501.58,101151.95,
034HI,2024-01-15T16:20:00Z,88280.0,14.839,65.85,0.875,205.4,1.831,,,,,0.0,,,,12.84,,SSW,,8.46,101501.58,101134.07,
034HI,2024-01-15T16:25:00Z,88270.0,14.939,62.21,1.209,187.5,1.389,,,,,0.0,,,,12.84,,S,,7.71,101490.08,101117.94,
034HI,2024-01-15T16:30:00Z,88270.0,15.372,56.3,1.116,165.8,1.497,,,,,0.0,,,,12.84,,SSE,,6.65,101490.08,101097.65,
034HI,2024-01-15T16:35:00Z,88270.0,15.45,57.28,1.878,173.7,2.33,,,,,0.0,,,,12.84,,S,,6.98,101490.08,101093.97,
034HI,2024-01-15T16:40:00Z,88270.0,15.511,50.81,2.387,174.1,2.665,,,,,0.0,,,,12.84,,S,,5.29,101490.08,101091.19,
034HI,2024-01-15T16:45:00Z,88270.0,15.722,46.51,2.135,174.9,2.665,,,,,0.0,,,,12.84,,S,,4.21,101490.08,101081.36,
034HI,2024-01-15T16:50:00Z,88270.0,16.2,43.87,1.883,168.3,2.279,,,,,0.0,,,,12.84,,SSE,,3.81,101490.08,101059.04,
034HI,2024-01-15T16:55:00Z,88270.0,16.55,43.72,1.811,158.8,2.886,,,,,0.0,,,,12.84,,SSE,,4.08,101490.08,101042.72,
034HI,2024-01-15T17:00:00Z,88270.0,15.65,46.66,2.269,154.5,3.164,,,,,0.0,,,,12.84,,SSE,,4.19,101490.08,101084.73,
034HI,2024-01-15T17:05:00Z,88270.0,15.8,46.27,1.986,150.5,2.557,,,,,0.0,,,,12.84,,SSE,,4.21,101490.08,101077.71,
034HI,2024-01-15T17:10:00Z,88270.0,16.361,44.2,1.492,150.5,2.166,,,,,0.0,,,,12.81,,SSE,,4.07,101490.08,101051.52,
034HI,2024-01-15T17:15:00Z,88280.0,16.6,43.56,1.271,152.5,1.775,,,,,0.0,,,,12.81,,SSE,,4.08,101501.58,101051.84,
034HI,2024-01-15T17:20:00Z,88280.0,15.939,43.67,1.44,176.0,1.723,,,,,0.0,,,,12.81,,S,,3.51,101501.58,101082.69,
034HI,2024-01-15T17:25:00Z,88280.0,16.239,44.4,1.811,134.1,2.33,,,,,0.0,,,,12.83,,SE,,4.02,101501.58,101068.66,
034HI,2024-01-15T17:30:00Z,88280.0,16.839,42.11,1.224,155.2,2.053,,,,,0.0,,,,12.84,,SSE,,3.81,101501.58,101040.75,
034HI,2024-01-15T17:35:00Z,88280.0,16.778,41.13,1.194,147.5,1.831,,,,,0.0,,,,12.85,,SSE,,3.42,101501.58,101043.6,
034HI,2024-01-15T17:40:00Z,88280.0,17.25,39.04,0.977,159.3,1.332,,,,,0.0,,,,12.86,,SSE,,3.1,101501.58,101021.72,
034HI,2024-01-15T17:45:00Z,88280.0,17.378,38.75,0.35,154.5,0.89,,,,,0.0,,,,12.87,,SSE,,3.11,101501.58,101015.79,
034HI,2024-01-15T17:50:00Z,88290.0,17.439,39.54,0.983,350.5,1.831,,,,,0.0,,,,12.88,,N,,3.46,101513.08,101024.4,
034HI,2024-01-15T17:55:00Z,88290.0,16.928,42.51,2.305,337.3,,,,,,0.0,,,,12.9,,NNW,,4.03,101513.08,101048.05,
034HI,2024-01-15T18:00:00Z,88300.0,16.428,45.74,2.305,331.5,2.886,,,,,0.0,,,,12.91,,NNW,,4.62,101524.58,101082.72,
034HI,2024-01-15T18:05:00Z,88310.0,16.078,48.86,2.706,329.6,3.555,,,,,0.0,,,,12.92,,NNW,,5.25,101536.07,101110.47,
034HI,2024-01-15T18:10:00Z,88310.0,15.472,57.08,2.562,314.8,3.112,,,,,0.0,,,,12.94,,NW,,6.95,101536.07,101138.75,
034HI,2024-01-15T18:15:00Z,88310.0,15.3,58.99,1.152,311.8,1.945,,,,,0.0,,,,12.95,,NW,,7.27,101536.07,101146.81,
034HI,2024-01-15T18:20:00Z,88320.0,15.611,57.51,0.185,292.5,0.612,,,,,0.0,,,,12.96,,WNW,,7.19,101547.57,101143.67,
034HI,2024-01-15T18:25:00Z,88320.0,16.1,55.61,0.448,3.39,1.055,,,,,0.0,,,,12.97,,N,,7.15,101547.57,101120.79,
034HI,2024-01-15T18:30:00Z,88310.0,16.739,48.12,0.89,46.63,1.276,,,,,0.0,,,,12.99,,NE,,5.64,101536.07,101079.65,
034HI,2024-01-15T18:35:00Z,88310.0,17.322,48.03,1.188,70.33,1.61,,,,,0.0,,,,13.01,,ENE,,6.15,101536.07,101052.58,
034HI,2024-01-15T18:40:00Z,88320.0,17.411,55.99,0.617,143.2,1.332,,,,,0.0,,,,13.03,,SE,,8.48,101547.57,101059.77,
034HI,2024-01-15T18:45:00Z,88320.0,17.428,52.26,0.767,146.5,1.497,,,,,0.0,,,,13.04,,SSE,,7.48,101547.57,101059.04,
034HI,2024-01-15T18:50:00Z,88320.0,17.889,50.79,0.556,113.8,1.168,,,,,0.0,,,,13.06,,ESE,,7.49,101547.57,101037.75,
034HI,2024-01-15T18:55:00Z,88320.0,18.478,48.85,0.473,57.73,1.61,,,,,0.0,,,,13.08,,ENE,,7.46,101547.57,101010.66,
034HI,2024-01-15T19:00:00Z,88320.0,18.4,44.52,0.813,36.7,1.775,,,,,0.0,,,,13.1,,NE,,6.03,101547.57,101014.31,
034HI,2024-01-15T19:05:00Z,88330.0,18.728,43.22,0.653,81.5,1.224,,,,,0.0,,,,13.12,,E,,5.9,101559.07,101010.71,
034HI,2024-01-15T19:10:00Z,88330.0,19.172,44.9,0.262,79.44,0.941,,,,,0.0,,,,13.14,,E,,6.86,101559.07,100990.34,
034HI,2024-01-15T19:15:00Z,88330.0,19.361,51.76,1.116,166.2,2.279,,,,,0.0,,,,13.16,,SSE,,9.13,101559.07,100981.59,
034HI,2024-01-15T19:20:00Z,88330.0,19.522,45.54,0.417,65.3,1.332,,,,,0.0,,,,13.17,,ENE,,7.39,101559.07,100974.34,
034HI,2024-01-15T19:25:00Z,88330.0,19.572,51.77,0.051,17.32,0.612,,,,,0.0,,,,13.19,,NNE,,9.33,101559.07,100971.95,
034HI,2024-01-15T19:30:00Z,88330.0,19.65,51.36,0.247,1.55,0.72,,,,,0.0,,,,13.2,,N,,9.29,101559.07,100968.41,
034HI,2024-01-15T19:35:00Z,88330.0,18.9,58.44,0.941,343.7,1.497,,,,,0.0,,,,13.22,,NNW,,10.52,101559.07,101002.57,
034HI,2024-01-15T19:40:00Z,88330.0,18.011,60.5,0.977,357.4,1.723,,,,,0.0,,,,13.23,,N,,10.21,101559.07,101043.41,
034HI,2024-01-15T19:45:00Z,88330.0,17.75,60.46,1.013,314.6,1.389,,,,,0.0,,,,13.24,,NW,,9.95,101559.07,101055.46,
034HI,2024-01-15T19:50:00Z,88330.0,17.661,62.01,1.255,10.63,2.109,,,,,0.0,,,,13.25,,N,,10.24,101559.07,101059.55,
034HI,2024-01-15T19:55:00Z,88330.0,17.061,65.43,1.137,25.27,2.109,,,,,0.0,,,,13.27,,NNE,,10.48,101559.07,101087.31,
034HI,2024-01-15T20:00:00Z,88330.0,17.028,65.03,1.08,36.07,1.775,,,,,0.0,,,,13.29,,NE,,10.36,101559.07,101088.85,
034HI,2024-01-15T20:05:00Z,88330.0,17.089,62.75,1.132,47.68,1.888,,,,,0.0,,,,13.33,,NE,,9.88,101559.07,101086.05,
034HI,2024-01-15T20:10:00Z,88330.0,17.528,61.64,0.957,39.74,1.723,,,,,0.0,,,,13.38,,NE,,10.03,101559.07,101065.71,
034HI,2024-01-15T20:15:00Z,88330.0,17.478,62.4,1.77,15.66,2.778,,,,,0.0,,,,13.47,,NNE,,10.17,101559.07,101068.02,
034HI,2024-01-15T20:20:00Z,88330.0,17.05,67.41,2.305,0.69,3.164,,,,,0.0,,,,13.56,,N,,10.92,101559.07,101087.79,
034HI,2024-01-15T20:25:00Z,88320.0,16.872,69.3,1.996,7.12,2.778,,,,,0.0,,,,13.66,,N,,11.17,101547.57,101084.59,
034HI,2024-01-15T20:30:00Z,88320.0,17.011,68.76,2.027,0.68,2.886,,,,,0.0,,,,13.62,,N,,11.19,101547.57,101078.14,
034HI,2024-01-15T20:35:00Z,88320.0,17.1,66.98,2.634,347.0,3.498,,,,,0.0,,,,13.64,,NNW,,10.88,101547.57,101074.03,
034HI,2024-01-15T20:40:00Z,88310.0,17.089,67.29,2.516,348.0,3.22,,,,,0.0,,,,13.64,,NNW,,10.93,101536.07,101063.09,
034HI,2024-01-15T20:45:00Z,88300.0,17.022,66.49,2.135,338.5,2.829,,,,,0.0,,,,13.64,,NNW,,10.69,101524.58,101054.77,
034HI,2024-01-15T20:50:00Z,88300.0,17.15,67.12,2.161,318.7,3.112,,,,,0.0,,,,13.64,,NW,,10.95,101524.58,101048.82,
034HI,2024-01-15T20:55:00Z,88300.0,17.239,67.7,2.325,330.4,3.442,,,,,0.0,,,,13.64,,NNW,,11.17,101524.58,101044.68,
034HI,2024-01-15T21:00:00Z,88290.0,17.15,69.94,2.078,328.0,3.334,,,,,0.0,,,,13.64,,NNW,,11.58,101513.08,101037.33,
034HI,2024-01-15T21:05:00Z,88280.0,17.5,69.54,1.687,329.3,2.778,,,,,0.0,,,,13.63,,NNW,,11.83,101501.58,101009.68,
034HI,2024-01-15T21:10:00Z,88270.0,17.5,69.92,1.939,338.4,3.334,,,,,0.0,,,,13.64,,NNW,,11.91,101490.08,100998.23,
034HI,2024-01-15T21:15:00Z,88270.0,17.422,70.88,2.459,337.5,3.555,,,,,0.0,,,,13.64,,NNW,,12.05,101490.08,101001.83,
034HI,2024-01-15T21:20:00Z,88260.0,17.472,73.94,2.341,329.4,3.498,,,,,0.0,,,,13.64,,NNW,,12.74,101478.58,100988.02,
034HI,2024-01-15T21:25:00Z,88250.0,17.3,76.32,2.402,347.2,4.054,,,,,0.0,,,,13.64,,NNW,,13.06,101467.09,100984.51,
034HI,2024-01-15T21:30:00Z,88250.0,17.472,76.1,1.466,336.0,2.665,,,,,0.0,,,,13.64,,NNW,,13.19,101467.09,100976.55,
034HI,2024-01-15T21:35:00Z,88240.0,17.689,76.09,2.264,336.0,4.218,,,,,0.0,,,,13.64,,NNW,,13.39,101455.59,100955.07,
034HI,2024-01-15T21:40:00Z,88230.0,17.622,76.44,2.696,339.6,4.388,,,,,0.0,,,,13.64,,NNW,,13.4,101444.09,100946.72,
034HI,2024-01-15T21:45:00Z,88220.0,17.589,76.25,2.5,322.6,4.11,,,,,0.0,,,,13.64,,NW,,13.33,101432.59,100936.81,
034HI,2024-01-15T21:50:00Z,88210.0,17.678,76.3,2.264,333.1,3.498,,,,,0.0,,,,13.64,,NNW,,13.43,101421.1,100921.25,
034HI,2024-01-15T21:55:00Z,88200.0,17.839,76.01,,306.4,3.334,,,,,0.0,,,,13.63,,NW,,13.52,101409.6,100902.38,
034HI,2024-01-15T22:00:00Z,88180.0,17.811,78.59,2.238,347.0,3.277,,,,,0.0,,,,13.64,,NNW,,14.01,101386.6,100880.75,
034HI,2024-01-15T22:05:00Z,88180.0,17.972,76.84,1.765,356.3,3.442,,,,,0.0,,,,13.64,,N,,13.82,101386.6,100873.36,
034HI,2024-01-15T22:10:00Z,88180.0,18.028,76.16,1.929,342.4,3.39,,,,,0.0,,,,13.64,,NNW,,13.74,101386.6,100870.79,
034HI,2024-01-15T22:15:00Z,88170.0,18.139,77.33,2.305,344.3,4.054,,,,,0.0,,,,13.64,,NNW,,14.08,101375.11,100854.22,
034HI,2024-01-15T22:20:00Z,88160.0,18.261,77.61,2.202,346.5,3.334,,,,,0.0,,,,13.64,,NNW,,14.26,101363.61,100837.17,
034HI,2024-01-15T22:25:00Z,88150.0,18.172,77.46,1.636,342.7,2.829,,,,,0.0,,,,13.64,,NNW,,14.14,101352.11,100829.82,
034HI,2024-01-15T22:30:00Z,88130.0,18.028,78.88,1.883,347.8,2.943,,,,,0.0,,,,13.64,,NNW,,14.28,101329.11,100813.55,
034HI,2024-01-15T22:35:00Z,88120.0,18.272,78.67,1.821,359.1,3.442,,,,,0.0,,,,13.64,,N,,14.48,101317.62,100790.89,
034HI,2024-01-15T22:40:00Z,88110.0,18.078,80.4,2.588,351.6,3.889,,,,,0.0,,,,13.64,,N,,14.63,101306.12,100788.35,
034HI,2024-01-15T22:45:00Z,88100.0,18.228,81.4,2.608,347.2,3.776,,,,,0.0,,,,13.64,,NNW,,14.97,101294.62,100769.99,
034HI,2024-01-15T22:50:00Z,88090.0,18.1,81.6,3.318,327.5,4.609,,,,,0.0,,,,13.64,,NNW,,14.88,101283.12,100764.44,
034HI,2024-01-15T22:55:00Z,88080.0,17.939,84.9,3.668,329.2,5.33,,,,,0.0,,,,13.64,,NNW,,15.34,101271.63,100760.35,
034HI,2024-01-15T23:00:00Z,88080.0,17.811,86.6,3.467,318.6,4.944,,,,,0.0,,,,13.64,,NW,,15.53,101271.63,100766.22,
034HI,2024-01-15T23:05:00Z,88070.0,17.411,88.6,3.869,319.8,5.165,,,,,0.0,,,,13.64,,NW,,15.49,101260.13,100773.21,
034HI,2024-01-15T23:10:00Z,88070.0,17.322,89.7,3.246,314.9,4.717,,,,,0.0,,,,13.64,,NW,,15.6,101260.13,100777.31,
034HI,2024-01-15T23:15:00Z,88060.0,17.578,89.5,3.426,336.2,5.33,,,,,0.0,,,,13.64,,NNW,,15.82,101248.63,100754.04,
034HI,2024-01-15T23:20:00Z,88060.0,17.478,89.5,3.174,354.4,5.278,,,,,0.0,,,,13.64,,N,,15.72,101248.63,100758.66,
034HI,2024-01-15T23:25:00Z,88060.0,17.211,90.4,2.819,357.3,4.553,,,,,0.0,,,,13.64,,N,,15.61,101248.63,100770.99,
034HI,2024-01-15T23:30:00Z,88050.0,17.3,90.4,2.562,2.47,3.833,,,,,0.0,,,,13.64,,N,,15.7,101237.13,100755.43,
034HI,2024-01-15T23:35:00Z,88040.0,17.4,90.0,2.48,350.0,4.054,,,,,0.0,,,,13.64,,N,,15.73,101225.64,100739.37,
034HI,2024-01-15T23:40:00Z,88040.0,17.511,90.0,2.243,349.2,3.719,,,,,0.0,,,,13.63,,N,,15.84,101225.64,100734.25,
034HI,2024-01-15T23:45:00Z,88030.0,17.589,90.3,2.222,352.6,3.833,,,,,0.0,,,,13.64,,N,,15.97,101214.14,100719.2,
034HI,2024-01-15T23:50:00Z,88030.0,17.6,89.4,2.402,352.1,3.719,,,,,0.0,,,,13.64,,N,,15.82,101214.14,100718.71,
034HI,2024-01-15T23:55:00Z,88030.0,17.8,89.8,2.284,319.8,3.555,,,,,0.0,,,,13.64,,NW,,16.09,101214.14,100709.48,
034HI,2024-01-16T00:00:00Z,88020.0,17.922,88.1,1.991,349.4,3.277,,,,,0.0,,,,13.64,,N,,15.91,101202.64,100692.45,
034HI,2024-01-16T00:05:00Z,88010.0,17.7,89.0,2.161,359.8,3.555,,,,,0.0,,,,13.64,,N,,15.85,101191.14,100691.22,
034HI,2024-01-16T00:10:00Z,88010.0,17.822,88.7,2.192,354.2,,,,,,0.0,,,,13.64,,N,,15.92,101191.14,100685.6,
034HI,2024-01-16T00:15:00Z,88010.0,17.889,88.5,2.557,352.4,4.445,,,,,0.0,,,,13.64,,N,,15.95,101191.14,100682.52,
034HI,2024-01-16T00:20:00Z,88010.0,17.722,88.5,2.742,343.3,3.941,,,,,0.0,,,,13.63,,NNW,,15.78,101191.14,100690.21,
034HI,2024-01-16T00:25:00Z,88010.0,17.65,88.8,2.51,337.6,3.555,,,,,0.0,,,,13.62,,NNW,,15.77,101191.14,100693.53,
034HI,2024-01-16T00:30:00Z,88010.0,17.661,90.3,2.727,330.7,3.997,,,,,0.0,,,,13.62,,NNW,,16.04,101191.14,100693.0,
034HI,2024-01-16T00:35:00Z,88010.0,17.928,89.0,2.85,340.6,4.11,,,,,0.0,,,,13.62,,NNW,,16.08,101191.14,100680.72,
034HI,2024-01-16T00:40:00Z,88010.0,17.678,90.0,2.732,322.4,4.553,,,,,0.0,,,,13.62,,NW,,16.0,101191.14,100692.22,
034HI,2024-01-16T00:45:00Z,88010.0,17.561,90.2,1.734,355.8,3.22,,,,,0.0,,,,13.62,,N,,15.92,101191.14,100697.61,
034HI,2024-01-16T00:50:00Z,88000.0,17.728,89.8,1.837,327.0,3.164,,,,,0.0,,,,13.62,,NNW,,16.02,101179.64,100678.47,
034HI,2024-01-16T00:55:00Z,88000.0,18.0,88.5,2.089,332.0,2.886,,,,,0.0,,,,13.62,,NNW,,16.06,101179.64,100665.97,
034HI,2024-01-16T01:00:00Z,88000.0,17.839,87.6,1.379,343.0,2.109,,,,,0.0,,,,13.62,,NNW,,15.74,101179.64,100673.4,
034HI,2024-01-16T01:05:00Z,88000.0,17.972,88.3,2.181,356.7,3.164,,,,,0.0,,,,13.62,,N,,15.99,101179.64,100667.27,
034HI,2024-01-16T01:10:00Z,88000.0,17.972,88.3,2.027,352.4,3.277,,,,,0.0,,,,13.62,,N,,15.99,101179.64,100667.27,
034HI,2024-01-16T01:15:00Z,88000.0,18.0,88.5,1.466,324.9,2.829,,,,,0.0,,,,13.62,,NW,,16.06,101179.64,100665.97,
034HI,2024-01-16T01:20:00Z,88000.0,18.05,88.6,2.104,341.3,3.39,,,,,0.0,,,,13.62,,NNW,,16.12,101179.64,100663.67,
034HI,2024-01-16T01:25:00Z,88000.0,18.022,88.8,2.562,329.2,4.054,,,,,0.0,,,,13.62,,NNW,,16.13,101179.64,100664.96,
034HI,2024-01-16T01:30:00Z,88000.0,17.828,90.0,3.174,323.8,4.388,,,,,0.0,,,,13.62,,NW,,16.15,101179.64,100673.87,
034HI,2024-01-16T01:35:00Z,88010.0,17.8,90.3,3.097,318.0,4.553,,,,,0.0,,,,13.62,,NW,,16.18,101191.14,100686.59,
034HI,2024-01-16T01:40:00Z,88010.0,17.789,90.5,3.617,342.5,5.052,,,,,0.0,,,,13.62,,NNW,,16.2,101191.14,100687.09,
034HI,2024-01-16T01:45:00Z,88020.0,17.6,91.2,2.279,336.2,4.388,,,,,0.0,,,,13.62,,NNW,,16.14,101202.64,100707.24,
034HI,2024-01-16T01:50:00Z,88020.0,17.428,91.8,2.86,340.3,3.889,,,,,0.0,,,,13.62,,NNW,,16.07,101202.64,100715.17,
034HI,2024-01-16T01:55:00Z,88030.0,17.028,93.2,2.258,336.9,3.39,,,,,0.0,,,,13.62,,NNW,,15.91,101214.14,100745.09,
034HI,2024-01-16T02:00:00Z,88030.0,16.811,94.6,2.572,314.5,3.833,,,,,0.0,,,,13.62,,NW,,15.93,101214.14,100755.13,
034HI,2024-01-16T02:05:00Z,88040.0,16.822,95.6,2.392,316.2,3.663,,,,,0.0,,,,13.62,,NW,,16.11,101225.64,100766.05,
034HI,2024-01-16T02:10:00Z,88040.0,16.822,95.9,1.965,336.4,,,,,,0.0,,,,13.62,,NNW,,16.16,101225.64,100766.05,
034HI,2024-01-16T02:15:00Z,88050.0,16.789,96.0,1.687,351.1,2.33,,,,,0.0,,,,13.62,,N,,16.14,101237.13,100779.02,
034HI,2024-01-16T02:20:00Z,88050.0,16.622,96.3,1.168,348.0,1.945,,,,,0.0,,,,13.64,,NNW,,16.03,101237.13,100786.78,
034HI,2024-01-16T02:25:00Z,88050.0,16.872,96.4,1.615,8.87,2.387,,,,,0.0,,,,13.64,,N,,16.29,101237.13,100775.17,
034HI,2024-01-16T02:30:00Z,88050.0,17.011,95.0,1.008,15.86,2.387,,,,,0.0,,,,13.65,,NNE,,16.2,101237.13,100768.74,
034HI,2024-01-16T02:35:00Z,88060.0,16.911,95.6,0.839,58.88,1.61,,,,,0.0,,,,13.65,,ENE,,16.2,101248.63,100784.81,
034HI,2024-01-16T02:40:00Z,88060.0,17.011,95.3,1.296,28.52,2.166,,,,,0.0,,,,13.65,,NNE,,16.25,101248.63,100780.18,
034HI,2024-01-16T02:45:00Z,88060.0,16.85,95.0,1.085,33.9,1.945,,,,,0.0,,,,13.65,,NE,,16.04,101248.63,100787.65,
034HI,2024-01-16T02:50:00Z,88060.0,16.85,95.4,0.355,26.74,1.667,,,,,0.0,,,,13.65,,NNE,,16.1,101248.63,100787.65,
034HI,2024-01-16T02:55:00Z,88050.0,17.05,94.8,0.159,32.7,0.89,,,,,0.0,,,,13.65,,NNE,,16.2,101237.13,100766.94,
034HI,2024-01-16T03:00:00Z,88060.0,17.161,94.2,0.17,105.2,0.998,,,,,0.0,,,,13.65,,ESE,,16.21,101248.63,100773.25,
034HI,2024-01-16T03:05:00Z,88060.0,17.122,93.1,0.885,20.01,1.723,,,,,0.0,,,,13.65,,NNE,,15.99,101248.63,100775.07,
034HI,2024-01-16T03:10:00Z,88060.0,16.661,95.0,0.947,6.0,1.667,,,,,0.0,,,,13.65,,N,,15.85,101248.63,100796.43,
034HI,2024-01-16T03:15:00Z,88070.0,16.489,95.7,1.379,0.32,2.387,,,,,0.0,,,,13.65,,N,,15.79,101260.13,100815.86,
034HI,2024-01-16T03:20:00Z,88070.0,16.55,96.4,0.957,330.2,1.554,,,,,0.0,,,,13.65,,NNW,,15.97,101260.13,100813.02,
034HI,2024-01-16T03:25:00Z,88070.0,16.55,96.4,1.291,330.2,2.109,,,,,0.0,,,,13.65,,NNW,,15.97,101260.13,100813.02,
034HI,2024-01-16T03:30:00Z,88070.0,16.328,97.0,1.883,332.5,2.387,,,,,0.0,,,,13.55,,NNW,,15.85,101260.13,100823.34,
034HI,2024-01-16T03:35:00Z,88070.0,16.139,97.7,1.924,345.9,2.387,,,,,0.0,,,,13.47,,NNW,,15.77,101260.13,100832.14,
034HI,2024-01-16T03:40:00Z,88080.0,16.061,98.2,1.693,354.3,2.222,,,,,0.0,,,,13.62,,N,,15.77,101271.63,100847.22,
034HI,2024-01-16T03:45:00Z,88090.0,16.111,98.6,1.646,330.6,,,,,,0.0,,,,13.4,,NNW,,15.89,101283.12,100856.33,
034HI,2024-01-16T03:50:00Z,88090.0,16.111,98.9,1.548,354.0,2.166,,,,,0.0,,,,13.29,,N,,15.94,101283.12,100856.33,
034HI,2024-01-16T03:55:00Z,88100.0,16.0,98.9,1.157,11.12,1.775,,,,,0.0,,,,13.23,,N,,15.83,101294.62,100872.96,
034HI,2024-01-16T04:00:00Z,88100.0,15.978,99.2,0.581,27.82,1.168,,,,,0.0,,,,13.21,,NNE,,15.85,101294.62,100873.99,
034HI,2024-01-16T04:05:00Z,88100.0,15.95,99.3,0.957,46.74,1.554,,,,,0.0,,,,13.19,,NE,,15.84,101294.62,100875.29,
034HI,2024-01-16T04:10:00Z,88110.0,15.872,99.3,1.183,78.93,1.888,,,,,0.0,,,,13.18,,E,,15.76,101306.12,100890.39,
034HI,2024-01-16T04:15:00Z,88110.0,15.789,99.4,1.127,107.5,1.775,,,,,0.0,,,,13.17,,ESE,,15.69,101306.12,100894.27,
034HI,2024-01-16T04:20:00Z,88110.0,15.822,99.6,0.983,109.6,1.831,,,,,0.0,,,,13.16,,ESE,,15.76,101306.12,100892.72,
034HI,2024-01-16T04:25:00Z,88110.0,15.822,99.7,0.797,94.7,1.554,,,,,0.0,,,,13.16,,E,,15.77,101306.12,100892.72,
034HI,2024-01-16T04:30:00Z,88120.0,15.811,99.8,1.43,47.89,2.109,,,,,0.0,,,,13.15,,NE,,15.78,101317.62,100904.69,
034HI,2024-01-16T04:35:00Z,88120.0,15.689,99.8,1.245,75.6,1.723,,,,,0.0,,,,13.14,,ENE,,15.66,101317.62,100910.4,
034HI,2024-01-16T04:40:00Z,88130.0,15.628,99.8,0.988,98.6,1.723,,,,,0.0,,,,13.14,,E,,15.6,101329.11,100924.71,
034HI,2024-01-16T04:45:00Z,88130.0,15.572,99.9,1.353,119.1,1.945,,,,,0.0,,,,13.14,,ESE,,15.56,101329.11,100927.33,
034HI,2024-01-16T04:50:00Z,88140.0,15.489,99.9,1.749,130.7,2.557,,,,,0.0,,,,13.13,,SE,,15.47,101340.61,100942.67,
034HI,2024-01-16T04:55:00Z,88150.0,15.45,100.0,1.857,141.9,2.444,,,,,0.0,,,,13.13,,SE,,15.45,101352.11,100955.95,
034HI,2024-01-16T05:00:00Z,88150.0,15.461,100.0,1.564,168.0,2.053,,,,,0.0,,,,13.12,,SSE,,15.46,101352.11,100955.44,
034HI,2024-01-16T05:05:00Z,88160.0,15.411,100.0,1.775,160.0,2.222,,,,,0.0,,,,13.12,,SSE,,15.41,101363.61,100969.24,
034HI,2024-01-16T05:10:00Z,88170.0,15.378,100.0,1.898,160.1,2.222,,,,,0.0,,,,13.11,,SSE,,15.38,101375.11,100982.24,
034HI,2024-01-16T05:15:00Z,88170.0,15.328,100.0,2.372,167.8,2.886,,,,,0.0,,,,13.11,,SSE,,15.33,101375.11,100984.59,
034HI,2024-01-16T05:20:00Z,88180.0,15.189,100.0,2.217,169.2,2.886,,,,,0.0,,,,13.11,,S,,15.19,101386.6,101002.58,
034HI,2024-01-16T05:25:00Z,88190.0,15.1,100.0,1.754,172.3,,,,,,0.0,,,,13.11,,S,,15.1,101398.1,101018.22,
034HI,2024-01-16T05:30:00Z,88190.0,14.961,100.0,1.338,196.0,1.888,,,,,0.0,,,,13.1,,SSW,,14.96,101398.1,101024.76,
034HI,2024-01-16T05:35:00Z,88200.0,15.128,100.0,1.163,191.0,2.557,,,,,0.0,,,,13.1,,S,,15.13,101409.6,101028.35,
034HI,2024-01-16T05:40:00Z,88210.0,15.15,100.0,0.859,176.9,1.61,,,,,0.0,,,,13.1,,S,,15.15,101421.1,101038.77,
034HI,2024-01-16T05:45:00Z,88210.0,15.139,100.0,1.312,164.8,1.945,,,,,0.0,,,,13.1,,SSE,,15.14,101421.1,101039.29,
034HI,2024-01-16T05:50:00Z,88210.0,14.978,100.0,1.147,146.5,1.831,,,,,0.0,,,,13.09,,SSE,,14.98,101421.1,101046.87,
034HI,2024-01-16T05:55:00Z,88220.0,14.672,100.0,1.224,153.0,1.61,,,,,0.0,,,,13.09,,SSE,,14.67,101432.59,101072.76,
034HI,2024-01-16T06:00:00Z,88220.0,14.811,99.8,0.71,141.9,1.332,,,,,0.0,,,,13.09,,SE,,14.78,101432.59,101066.21,
034HI,2024-01-16T06:05:00Z,88220.0,15.339,99.2,0.566,56.89,0.941,,,,,0.0,,,,13.09,,ENE,,15.21,101432.59,101041.35,
034HI,2024-01-16T06:10:00Z,88230.0,15.722,98.4,0.756,55.53,1.055,,,,,0.0,,,,13.08,,NE,,15.47,101444.09,101034.84,
034HI,2024-01-16T06:15:00Z,88230.0,15.972,96.7,0.849,47.51,1.111,,,,,0.0,,,,13.08,,NE,,15.44,101444.09,101023.15,
034HI,2024-01-16T06:20:00Z,88230.0,16.05,94.6,0.859,37.87,1.111,,,,,0.0,,,,13.08,,NE,,15.18,101444.09,101019.53,
034HI,2024-01-16T06:25:00Z,88230.0,16.111,94.0,0.566,57.16,0.998,,,,,0.0,,,,13.08,,ENE,,15.14,101444.09,101016.69,
034HI,2024-01-16T06:30:00Z,88240.0,16.122,93.9,0.767,70.18,0.998,,,,,0.0,,,,13.08,,ENE,,15.13,101455.59,101027.63,
034HI,2024-01-16T06:35:00Z,88240.0,16.15,93.2,0.602,98.0,0.777,,,,,0.0,,,,13.07,,E,,15.04,101455.59,101026.33,
034HI,2024-01-16T06:40:00Z,88240.0,16.211,93.1,0.684,67.24,0.998,,,,,0.0,,,,13.07,,ENE,,15.08,101455.59,101023.48,
034HI,2024-01-16T06:45:00Z,88240.0,16.211,92.9,0.664,21.91,0.833,,,,,0.0,,,,13.07,,NNE,,15.05,101455.59,101023.48,
034HI,2024-01-16T06:50:00Z,88240.0,16.172,93.7,0.818,14.53,0.998,,,,,0.0,,,,13.07,,NNE,,15.15,101455.59,101025.29,
034HI,2024-01-16T06:55:00Z,88240.0,16.128,94.2,0.9,39.81,1.168,,,,,0.0,,,,13.06,,NE,,15.19,101455.59,101027.34,
034HI,2024-01-16T07:00:00Z,88240.0,16.139,94.0,1.075,72.81,1.831,,,,,0.0,,,,13.06,,ENE,,15.16,101455.59,101026.83,
034HI,2024-01-16T07:05:00Z,88250.0,16.261,94.2,1.23,132.1,1.723,,,,,0.0,,,,13.06,,SE,,15.32,101467.09,101032.58,
034HI,2024-01-16T07:10:00Z,88250.0,16.272,94.1,0.977,135.3,1.168,,,,,0.0,,,,13.06,,SE,,15.31,101467.09,101032.07,
034HI,2024-01-16T07:15:00Z,88250.0,16.25,94.0,1.677,145.3,2.166,,,,,0.0,,,,13.06,,SE,,15.27,101467.09,101033.09,
034HI,2024-01-16T07:20:00Z,88250.0,16.111,93.6,1.77,155.0,2.222,,,,,0.0,,,,13.05,,SSE,,15.07,101467.09,101039.59,
034HI,2024-01-16T07:25:00Z,88250.0,15.928,93.6,1.775,161.5,2.166,,,,,0.0,,,,13.06,,SSE,,14.89,101467.09,101048.16,
034HI,2024-01-16T07:30:00Z,88250.0,15.689,93.5,1.559,171.6,1.831,,,,,0.0,,,,13.05,,S,,14.63,101467.09,101059.35,
034HI,2024-01-16T07:35:00Z,88250.0,15.65,94.6,1.456,149.6,1.775,,,,,0.0,,,,13.05,,SSE,,14.78,101467.09,101061.17,
034HI,2024-01-16T07:40:00Z,88260.0,15.778,94.7,1.775,141.5,2.222,,,,,0.0,,,,13.05,,SE,,14.92,101478.58,101066.62,
034HI,2024-01-16T07:45:00Z,88260.0,15.75,94.4,1.497,140.1,,,,,,0.0,,,,13.05,,SE,,14.84,101478.58,101067.93,
034HI,2024-01-16T07:50:00Z,88260.0,15.822,94.3,1.019,150.1,1.446,,,,,0.0,,,,13.05,,SSE,,14.9,101478.58,101064.56,
034HI,2024-01-16T07:55:00Z,88260.0,15.678,93.5,2.459,126.4,3.334,,,,,0.0,,,,13.05,,SE,,14.62,101478.58,101071.32,
034HI,2024-01-16T08:00:00Z,88250.0,15.139,96.3,2.505,124.5,3.889,,,,,0.0,,,,13.04,,SE,,14.55,101467.09,101085.16,
034HI,2024-01-16T08:05:00Z,88250.0,14.65,97.4,3.138,116.3,4.218,,,,,0.0,,,,13.04,,ESE,,14.24,101467.09,101108.21,
034HI,2024-01-16T08:10:00Z,88250.0,14.489,98.9,2.361,132.3,3.941,,,,,0.0,,,,13.04,,SE,,14.32,101467.09,101115.8,
034HI,2024-01-16T08:15:00Z,88240.0,14.711,99.6,2.176,117.2,2.943,,,,,0.0,,,,13.04,,ESE,,14.65,101455.59,101093.84,
034HI,2024-01-16T08:20:00Z,88240.0,14.828,99.9,1.615,128.4,2.557,,,,,0.0,,,,13.04,,SE,,14.81,101455.59,101088.31,
034HI,2024-01-16T08:25:00Z,88240.0,15.022,100.0,2.531,112.4,3.555,,,,,0.0,,,,13.04,,ESE,,15.02,101455.59,101079.17,
034HI,2024-01-16T08:30:00Z,88240.0,14.928,100.0,1.986,157.0,3.056,,,,,0.0,,,,13.04,,SSE,,14.93,101455.59,101083.6,
034HI,2024-01-16T08:35:00Z,88240.0,14.778,100.0,1.837,162.0,2.608,,,,,0.0,,,,13.03,,SSE,,14.78,101455.59,101090.67,
034HI,2024-01-16T08:40:00Z,88230.0,14.772,100.0,2.017,168.5,3.112,,,,,0.0,,,,13.03,,SSE,,14.77,101444.09,101079.5,
034HI,2024-01-16T08:45:00Z,88230.0,14.6,100.0,1.744,167.5,2.166,,,,,0.0,,,,13.03,,SSE,,14.6,101444.09,101087.62,
034HI,2024-01-16T08:50:00Z,88220.0,14.539,100.0,1.533,184.0,1.945,,,,,0.0,,,,13.03,,S,,14.54,101432.59,101079.05,
034HI,2024-01-16T08:55:00Z,88220.0,14.522,100.0,1.708,174.4,,,,,,0.0,,,,13.03,,S,,14.52,101432.59,101079.85,
034HI,2024-01-16T09:00:00Z,88210.0,14.45,100.0,1.456,173.9,1.667,,,,,0.0,,,,13.03,,S,,14.45,101421.1,101071.8,
034HI,2024-01-16T09:05:00Z,88210.0,14.322,100.0,1.415,190.3,1.888,,,,,0.0,,,,13.02,,S,,14.32,101421.1,101077.85,
034HI,2024-01-16T09:10:00Z,88210.0,14.411,100.0,0.18,211.3,0.89,,,,,0.0,,,,13.02,,SSW,,14.41,101421.1,101073.64,
034HI,2024-01-16T09:15:00Z,88210.0,14.7,100.0,1.296,296.6,1.831,,,,,0.0,,,,13.02,,WNW,,14.7,101421.1,101059.98,
034HI,2024-01-16T09:20:00Z,88220.0,14.85,100.0,2.464,297.5,3.555,,,,,0.0,,,,13.01,,WNW,,14.85,101432.59,101064.36,
034HI,2024-01-16T09:25:00Z,88220.0,14.7,100.0,2.238,317.2,3.164,,,,,0.0,,,,13.02,,NW,,14.7,101432.59,101071.44,
034HI,2024-01-16T09:30:00Z,88220.0,14.828,100.0,1.878,345.1,2.222,,,,,0.0,,,,13.02,,NNW,,14.83,101432.59,101065.4,
034HI,2024-01-16T09:35:00Z,88210.0,15.039,100.0,1.662,13.06,2.109,,,,,0.0,,,,13.01,,NNE,,15.04,101421.1,101044.0,
034HI,2024-01-16T09:40:00Z,88210.0,14.961,100.0,0.859,57.23,1.497,,,,,0.0,,,,13.01,,ENE,,14.96,101421.1,101047.67,
034HI,2024-01-16T09:45:00Z,88210.0,14.872,100.0,0.401,97.3,0.998,,,,,0.0,,,,13.01,,E,,14.87,101421.1,101051.87,
034HI,2024-01-16T09:50:00Z,88210.0,14.639,100.0,1.389,157.2,2.053,,,,,0.0,,,,13.01,,SSE,,14.64,101421.1,101062.87,
034HI,2024-01-16T09:55:00Z,88210.0,14.439,100.0,1.049,182.5,1.667,,,,,0.0,,,,13.01,,S,,14.44,101421.1,101072.32,
