# STATION: 035HI
# STATION NAME: Kona Hema
# LATITUDE: 19.2068
# LONGITUDE: -155.8110
# ELEVATION [ft]: 4209.0
# STATE: HI
Station_ID,Date_Time,pressure_set_1,air_temp_set_1,relative_humidity_set_1,wind_speed_set_1,wind_direction_set_1,wind_gust_set_1,solar_radiation_set_1,precip_accum_five_minute_set_1,volt_set_1,net_radiation_set_1,net_radiation_sw_set_1,net_radiation_lw_set_1,outgoing_radiation_sw_set_1,incoming_radiation_lw_set_1,outgoing_radiation_lw_set_1,wind_chill_set_1d,wind_cardinal_direction_set_1d,heat_index_set_1d,dew_point_temperature_set_1d,altimeter_set_1d,sea_level_pressure_set_1d,wet_bulb_temperature_set_1d
,,Pascals,Celsius,%,m/s,Degrees,m/s,W/m**2,Millimeters,volts,W/m**2,W/m**2,W/m**2,W/m**2,W/m**2,W/m**2,Celsius,code,Celsius,Celsius,Pascals,Pascals,Celsius
035HI,2024-01-15T10:05:00Z,87180.0,10.05,85.8,2.423,47.3,3.498,0.0,0.0,12.92,-73.62,-4.64,-68.99,0.81,285.9,354.89,,NE,,7.75,101738.82,101542.75,
035HI,2024-01-15T10:10:00Z,87180.0,9.889,86.7,2.397,48.28,3.663,0.0,0.0,12.87,-73.96,-4.67,-69.29,0.6,285.01,354.3,,NE,,7.75,101738.82,101551.43,
035HI,2024-01-15T10:15:00Z,87180.0,9.9,86.2,2.552,49.95,3.442,0.0,0.0,12.84,-73.15,-4.49,-68.66,0.72,288.85,357.51,,NE,,7.68,101738.82,101550.84,
035HI,2024-01-15T10:20:00Z,87170.0,9.978,85.4,2.593,47.1,3.498,0.0,0.0,12.9,-73.51,-4.38,-69.13,0.77,286.4,355.54,,NE,,7.61,101727.15,101534.99,
035HI,2024-01-15T10:25:00Z,87170.0,10.039,84.8,2.382,49.51,3.277,0.0,0.0,12.91,-73.62,-4.39,-69.23,0.8,284.98,354.22,,NE,,7.57,101727.15,101531.7,
035HI,2024-01-15T10:30:00Z,87170.0,9.922,85.0,2.032,47.59,2.721,0.0,0.0,12.92,-73.39,-4.48,-68.91,0.49,284.63,353.54,,NE,,7.49,101727.15,101538.01,
035HI,2024-01-15T10:35:00Z,87170.0,9.778,85.2,2.49,43.42,,0.0,0.0,12.92,-72.38,-4.27,-68.11,0.64,285.01,353.12,,NE,,7.38,101727.15,101545.79,
035HI,2024-01-15T10:40:00Z,87170.0,9.889,83.5,2.572,43.07,3.334,0.0,0.0,12.92,-72.61,-4.25,-68.36,0.82,284.54,352.9,,NE,,7.19,101727.15,101539.81,
035HI,2024-01-15T10:45:00Z,87180.0,9.672,84.9,2.392,46.4,3.112,0.0,0.0,12.92,-72.65,-4.43,-68.22,0.51,284.37,352.59,,NE,,7.23,101738.82,101563.18,
035HI,2024-01-15T10:50:00Z,87180.0,9.539,85.8,2.289,45.79,3.112,0.0,0.0,12.87,-72.7,-4.48,-68.22,0.61,284.03,352.25,,NE,,7.25,101738.82,101570.37,
035HI,2024-01-15T10:55:00Z,87180.0,9.522,84.8,2.598,48.47,3.833,0.0,0.0,12.83,-71.37,-4.25,-67.12,0.65,288.3,355.41,,NE,,7.06,101738.82,101571.3,
035HI,2024-01-15T11:00:00Z,87170.0,9.872,82.7,3.38,57.55,4.167,0.0,0.0,12.9,-72.63,-3.96,-68.67,0.84,285.35,354.02,,ENE,,7.04,101727.15,101540.74,
035HI,2024-01-15T11:05:00Z,87160.0,9.878,82.8,3.066,54.19,3.941,0.0,0.0,12.9,-72.76,-4.12,-68.64,0.48,284.42,353.06,,NE,,7.06,101715.48,101528.77,
035HI,2024-01-15T11:10:00Z,87160.0,9.828,83.0,2.778,50.9,3.833,0.0,0.0,12.91,-72.42,-4.13,-68.29,0.5,284.27,352.56,,NE,,7.05,101715.48,101531.46,
035HI,2024-01-15T11:15:00Z,87150.0,9.589,85.2,2.536,48.42,3.164,0.0,0.0,12.91,-72.34,-4.28,-68.06,0.23,284.07,352.12,,NE,,7.2,101703.81,101532.71,
035HI,2024-01-15T11:20:00Z,87150.0,9.45,85.8,2.382,44.89,2.778,0.0,0.0,12.86,-72.01,-4.34,-67.67,0.4,284.03,351.69,,NE,,7.17,101703.81,101540.23,
035HI,2024-01-15T11:25:00Z,87150.0,9.322,86.4,2.325,43.6,2.886,0.0,0.0,12.82,-71.08,-4.42,-66.67,0.36,287.97,354.64,,NE,,7.14,101703.81,101547.17,
035HI,2024-01-15T11:30:00Z,87150.0,9.4,85.6,2.402,42.85,3.056,0.0,0.0,12.89,-71.1,-4.2,-66.9,0.61,285.7,352.6,,NE,,7.08,101703.81,101542.95,
035HI,2024-01-15T11:35:00Z,87130.0,9.572,84.5,2.634,48.83,3.39,0.0,0.0,12.9,-71.4,-4.27,-67.13,0.64,284.55,351.68,,NE,,7.06,101680.47,101510.34,
035HI,2024-01-15T11:40:00Z,87120.0,9.689,82.4,2.546,48.87,3.164,0.0,0.0,12.9,-70.48,-4.2,-66.28,0.73,285.09,351.37,,NE,,6.8,101668.8,101492.38,
035HI,2024-01-15T11:45:00Z,87110.0,9.772,82.5,2.346,46.92,3.277,0.0,0.0,12.9,-69.41,-3.99,-65.42,0.93,285.82,351.24,,NE,,6.9,101657.13,101476.25,
035HI,2024-01-15T11:50:00Z,87110.0,9.678,83.4,2.078,40.19,2.444,0.0,0.0,12.9,-69.06,-4.24,-64.81,0.54,286.16,350.97,,NE,,6.97,101657.13,101481.32,
035HI,2024-01-15T11:55:00Z,87110.0,9.989,81.4,2.217,41.55,2.721,0.0,0.0,12.9,-68.1,-4.01,-64.09,1.26,286.98,351.07,,NE,,6.92,101657.13,101464.55,
035HI,2024-01-15T12:00:00Z,87110.0,10.05,81.6,1.924,41.13,2.943,0.0,0.0,12.9,-68.34,-4.16,-64.18,0.89,286.91,351.1,,NE,,7.01,101657.13,101461.26,
035HI,2024-01-15T12:05:00Z,87100.0,10.078,81.0,2.135,45.82,2.829,0.0,0.0,12.9,-68.4,-4.11,-64.29,0.44,286.87,351.16,,NE,,6.93,101645.46,101448.11,
035HI,2024-01-15T12:10:00Z,87090.0,9.839,82.4,2.192,45.06,2.829,0.0,0.0,12.9,-68.77,-4.09,-64.68,0.03,286.35,351.04,,NE,,6.95,101633.79,101449.33,
035HI,2024-01-15T12:15:00Z,87090.0,9.611,83.5,2.14,44.31,2.665,0.0,0.0,12.9,-68.99,-4.21,-64.77,0.09,286.0,350.77,,NE,,6.92,101633.79,101461.64,
035HI,2024-01-15T12:20:00Z,87090.0,9.572,83.3,2.51,49.31,3.277,0.0,0.0,12.9,-68.83,-4.09,-64.75,0.34,285.9,350.64,,NE,,6.85,101633.79,101463.75,
035HI,2024-01-15T12:25:00Z,87090.0,9.65,82.3,2.588,48.4,3.334,0.0,0.0,12.9,-68.1,-3.97,-64.13,0.61,286.49,350.62,,NE,,6.75,101633.79,101459.54,
035HI,2024-01-15T12:30:00Z,87090.0,9.611,82.3,2.228,52.8,3.056,0.0,0.0,12.9,-68.91,-4.15,-64.75,0.31,285.55,350.3,,NE,,6.71,101633.79,101461.65,
035HI,2024-01-15T12:35:00Z,87090.0,9.839,81.5,2.608,49.83,3.498,0.0,0.0,12.89,-68.18,-3.86,-64.32,0.89,286.13,350.45,,NE,,6.79,101633.79,101449.34,
035HI,2024-01-15T12:40:00Z,87090.0,9.628,83.1,2.691,51.52,3.719,0.0,0.0,12.89,-67.97,-3.9,-64.07,0.19,286.45,350.52,,NE,,6.87,101633.79,101460.72,
035HI,2024-01-15T12:45:00Z,87080.0,9.628,82.0,2.937,49.92,3.833,0.0,0.0,12.89,-67.76,-3.78,-63.98,0.46,286.61,350.6,,NE,,6.67,101622.12,101449.09,
035HI,2024-01-15T12:50:00Z,87080.0,9.778,81.6,2.742,45.67,3.334,0.0,0.0,12.89,-67.66,-3.85,-63.82,0.6,287.04,350.86,,NE,,6.75,101622.12,101440.99,
035HI,2024-01-15T12:55:00Z,87080.0,9.361,84.2,2.675,44.26,3.164,0.0,0.0,12.89,-67.67,-4.03,-63.63,0.0,286.83,350.47,,NE,,6.8,101622.12,101463.51,
035HI,2024-01-15T13:00:00Z,87070.0,9.278,84.4,2.639,46.3,2.943,0.0,0.0,12.89,-67.17,-3.92,-63.25,0.25,286.98,350.22,,NE,,6.75,101610.45,101456.35,
035HI,2024-01-15T13:05:00Z,87070.0,9.35,84.4,2.871,49.29,3.442,0.0,0.0,12.89,-66.9,-3.83,-63.07,0.57,287.14,350.21,,NE,,6.82,101610.45,101452.45,
035HI,2024-01-15T13:10:00Z,87070.0,9.461,84.3,3.061,48.88,3.611,0.0,0.0,12.89,-67.06,-3.84,-63.22,0.71,287.23,350.46,,NE,,6.92,101610.45,101446.44,
035HI,2024-01-15T13:15:00Z,87070.0,9.528,84.0,2.829,49.04,3.442,0.0,0.0,12.89,-66.69,-3.86,-62.83,0.63,287.79,350.61,,NE,,6.93,101610.45,101442.82,
035HI,2024-01-15T13:20:00Z,87070.0,9.728,82.5,2.459,47.61,3.22,0.0,0.0,12.89,-65.81,-3.83,-61.98,0.82,288.63,350.62,,NE,,6.86,101610.45,101432.03,
035HI,2024-01-15T13:25:00Z,87070.0,10.328,78.74,2.685,50.04,3.833,0.0,0.0,12.89,-65.7,-3.37,-62.33,1.38,288.9,351.23,,NE,,6.76,101610.45,101399.74,
035HI,2024-01-15T13:30:00Z,87080.0,10.361,79.29,2.644,40.67,3.442,0.0,0.0,12.89,-66.23,-3.84,-62.38,0.48,289.14,351.52,,NE,,6.89,101622.12,101409.6,
035HI,2024-01-15T13:35:00Z,87070.0,10.2,79.0,2.521,46.47,,0.0,0.0,12.89,-65.88,-3.87,-62.0,0.31,289.37,351.38,,NE,,6.68,101610.45,101406.62,
035HI,2024-01-15T13:40:00Z,87070.0,10.2,79.24,2.727,49.59,3.442,0.0,0.0,12.88,-65.37,-3.69,-61.68,0.42,289.67,351.35,,NE,,6.73,101610.45,101406.62,
035HI,2024-01-15T13:45:00Z,87070.0,10.7,76.57,2.665,48.68,3.442,0.0,0.0,12.88,-65.66,-3.77,-61.89,0.99,289.94,351.83,,NE,,6.71,101610.45,101379.79,
035HI,2024-01-15T13:50:00Z,87080.0,10.8,76.87,2.819,44.01,3.555,0.0,0.0,12.88,-65.62,-3.71,-61.91,0.5,290.4,352.3,,NE,,6.86,101622.12,101386.07,
035HI,2024-01-15T13:55:00Z,87080.0,10.711,77.75,2.49,47.02,3.056,0.0,0.0,12.88,-65.86,-3.8,-62.06,0.13,290.29,352.35,,NE,,6.94,101622.12,101390.83,
035HI,2024-01-15T14:00:00Z,87090.0,10.661,77.12,2.197,48.48,,0.0,0.0,12.88,-66.14,-3.82,-62.32,0.21,289.61,351.93,,NE,,6.78,101633.79,101405.16,
035HI,2024-01-15T14:05:00Z,87090.0,10.339,79.07,2.3,44.43,3.164,0.0,0.0,12.88,-66.05,-3.9,-62.15,0.0,289.35,351.5,,NE,,6.83,101633.79,101422.43,
035HI,2024-01-15T14:10:00Z,87090.0,10.161,79.98,2.289,47.58,3.164,0.0,0.0,12.88,-66.05,-3.84,-62.21,0.0,289.09,351.3,,NE,,6.82,101633.79,101432.0,
035HI,2024-01-15T14:15:00Z,87100.0,10.039,79.59,2.366,47.55,3.442,0.0,0.0,12.88,-65.5,-3.72,-61.78,0.13,289.18,350.96,,NE,,6.63,101645.46,101450.22,
035HI,2024-01-15T14:20:00Z,87100.0,10.161,78.57,2.516,45.2,3.277,0.0,0.0,12.88,-65.93,-3.79,-62.14,0.44,288.81,350.95,,NE,,6.56,101645.46,101443.66,
035HI,2024-01-15T14:25:00Z,87100.0,10.089,79.19,2.387,44.72,2.886,0.0,0.0,12.88,-65.79,-3.83,-61.96,0.19,288.95,350.91,,NE,,6.61,101645.46,101447.53,
035HI,2024-01-15T14:30:00Z,87100.0,10.311,78.87,2.829,48.37,3.498,0.0,0.0,12.88,-66.59,-3.74,-62.85,0.47,288.44,351.29,,NE,,6.77,101645.46,101435.59,
035HI,2024-01-15T14:35:00Z,87100.0,10.011,81.1,3.298,53.0,4.275,0.0,0.0,12.88,-67.2,-3.8,-63.4,0.0,287.93,351.34,,NE,,6.88,101645.46,101451.72,
035HI,2024-01-15T14:40:00Z,87110.0,10.261,79.44,3.328,53.16,3.889,0.0,0.0,12.88,-66.85,-3.52,-63.33,0.35,288.17,351.5,,NE,,6.82,101657.13,101449.92,
035HI,2024-01-15T14:45:00Z,87110.0,9.978,81.3,3.107,56.43,3.776,0.0,0.0,12.88,-66.64,-3.75,-62.89,0.0,288.35,351.25,,ENE,,6.89,101657.13,101465.14,
035HI,2024-01-15T14:50:00Z,87110.0,10.078,80.5,2.958,52.96,3.611,0.0,0.0,12.87,-65.86,-3.66,-62.2,0.38,289.01,351.2,,NE,,6.84,101657.13,101459.76,
035HI,2024-01-15T14:55:00Z,87100.0,10.372,79.26,2.804,45.43,3.498,0.0,0.0,12.87,-65.13,-3.53,-61.6,0.96,289.81,351.41,,NE,,6.9,101645.46,101432.3,
035HI,2024-01-15T15:00:00Z,87100.0,10.978,76.24,2.963,52.5,3.719,0.0,0.0,12.87,-65.45,-3.47,-61.98,0.98,290.32,352.3,,NE,,6.91,101645.46,101399.83,
035HI,2024-01-15T15:05:00Z,87110.0,11.278,74.78,2.984,53.26,3.611,0.0,0.0,12.87,-65.4,-3.41,-61.99,0.5,291.01,353.0,,NE,,6.92,101657.13,101395.44,
035HI,2024-01-15T15:10:00Z,87110.0,11.611,73.16,2.948,51.51,4.388,0.0,0.0,12.87,-65.32,-3.48,-61.83,0.5,291.9,353.74,,NE,,6.92,101657.13,101377.7,
035HI,2024-01-15T15:15:00Z,87110.0,11.5,74.0,2.387,43.51,3.334,0.0,0.0,12.87,-65.43,-3.88,-61.55,0.11,292.0,353.55,,NE,,6.98,101657.13,101383.61,
035HI,2024-01-15T15:20:00Z,87130.0,11.522,73.56,2.336,58.9,3.776,0.0,0.0,12.87,-65.67,-3.57,-62.1,0.16,291.53,353.62,,ENE,,6.91,101680.47,101405.71,
035HI,2024-01-15T15:25:00Z,87130.0,12.089,70.37,2.814,45.96,4.218,0.0,0.0,12.87,-67.03,-3.61,-63.42,0.75,290.94,354.36,,NE,,6.81,101680.47,101375.58,
035HI,2024-01-15T15:30:00Z,87130.0,11.628,73.4,2.716,48.31,3.442,0.0,0.0,12.87,-67.46,-3.83,-63.63,0.0,290.38,354.01,,NE,,6.98,101680.47,101400.07,
035HI,2024-01-15T15:35:00Z,87130.0,11.022,76.66,2.968,50.74,3.833,0.0,0.0,12.87,-67.6,-3.83,-63.76,0.0,289.96,353.72,,NE,,7.04,101680.47,101432.39,
035HI,2024-01-15T15:40:00Z,87130.0,10.65,78.71,3.184,50.44,3.997,0.0,0.0,12.87,-67.94,-3.78,-64.16,0.0,289.09,353.26,,NE,,7.07,101680.47,101452.31,
035HI,2024-01-15T15:45:00Z,87120.0,10.372,79.89,3.21,50.39,3.719,0.0,0.0,12.87,-67.76,-3.82,-63.94,0.0,288.79,352.73,,NE,,7.01,101668.8,101455.59,
035HI,2024-01-15T15:50:00Z,87120.0,10.161,80.9,3.421,51.73,4.275,0.0,0.0,12.87,-67.82,-3.7,-64.11,0.0,288.34,352.45,,NE,,6.99,101668.8,101466.93,
035HI,2024-01-15T15:55:00Z,87120.0,10.072,81.4,3.184,50.03,3.776,0.0,0.0,12.87,-67.23,-3.7,-63.53,0.0,288.73,352.26,,NE,,7.0,101668.8,101471.72,
035HI,2024-01-15T16:00:00Z,87120.0,10.261,79.87,3.02,50.05,3.719,0.0,0.0,12.87,-65.89,-3.51,-62.38,0.59,289.75,352.13,,NE,,6.9,101668.8,101461.56,
035HI,2024-01-15T16:05:00Z,87120.0,10.711,77.44,3.226,54.63,3.833,0.0,0.0,12.86,-66.16,-3.61,-62.55,0.78,289.97,352.52,,NE,,6.89,101668.8,101437.4,
035HI,2024-01-15T16:10:00Z,87130.0,11.161,74.95,3.174,54.81,4.054,0.0,0.0,12.86,-66.18,-3.57,-62.61,0.85,290.59,353.2,,NE,,6.84,101680.47,101424.98,
035HI,2024-01-15T16:15:00Z,87130.0,11.489,73.34,3.123,50.95,3.997,0.0,0.0,12.86,-66.66,-3.61,-63.05,0.53,290.81,353.86,,NE,,6.84,101680.47,101407.48,
035HI,2024-01-15T16:20:00Z,87130.0,11.189,75.18,2.973,48.71,3.663,0.0,0.0,12.86,-66.9,-3.77,-63.13,0.0,290.55,353.68,,NE,,6.91,101680.47,101423.48,
035HI,2024-01-15T16:25:00Z,87130.0,10.95,76.48,3.138,51.55,4.054,0.0,0.0,12.86,-66.79,-3.66,-63.14,0.0,290.21,353.34,,NE,,6.93,101680.47,101436.25,
035HI,2024-01-15T16:30:00Z,87130.0,10.839,77.0,3.406,52.1,4.054,0.0,0.0,12.86,-66.75,-3.59,-63.16,0.0,290.12,353.28,,NE,,6.93,101680.47,101442.19,
035HI,2024-01-15T16:35:00Z,87130.0,10.65,78.01,3.359,50.91,4.167,0.0,0.0,12.86,-66.65,-3.57,-63.08,0.0,290.16,353.24,,NE,,6.93,101680.47,101452.32,
035HI,2024-01-15T16:40:00Z,87140.0,10.5,79.17,3.251,50.53,4.218,0.0,0.0,12.86,-66.48,-3.53,-62.95,0.0,290.12,353.07,,NE,,7.01,101692.14,101472.0,
035HI,2024-01-15T16:45:00Z,87140.0,10.272,80.4,3.328,49.93,3.997,0.0,0.0,12.86,-65.82,-3.25,-62.57,0.0,290.18,352.75,,NE,,7.01,101692.14,101484.25,
035HI,2024-01-15T16:50:00Z,87140.0,10.35,79.86,3.436,50.42,4.11,0.0,0.0,12.86,-65.05,-2.51,-62.53,0.35,290.25,352.79,,NE,,6.99,101692.14,101480.06,
035HI,2024-01-15T16:55:00Z,87140.0,10.511,78.84,3.637,51.29,4.218,0.0,0.0,12.86,-63.46,-1.13,-62.33,0.56,290.72,353.06,,NE,,6.95,101692.14,101471.42,
035HI,2024-01-15T17:00:00Z,87140.0,10.511,79.11,3.694,51.24,4.275,1.28,0.0,12.86,-61.38,0.88,-62.27,0.4,291.02,353.28,,NE,,7.0,101692.14,101471.41,
035HI,2024-01-15T17:05:00Z,87140.0,10.478,79.13,3.642,52.22,4.167,3.95,0.0,12.86,-58.94,3.41,-62.35,0.54,291.08,353.43,,NE,,6.98,101692.14,101473.19,
035HI,2024-01-15T17:10:00Z,87150.0,10.511,79.03,2.876,50.41,4.054,6.77,0.0,12.84,-57.41,6.11,-63.51,0.66,289.72,353.23,,NE,,6.99,101703.81,101483.06,
035HI,2024-01-15T17:15:00Z,87160.0,10.261,80.3,2.619,61.98,3.663,9.33,0.0,12.84,-55.36,8.8,-64.16,0.53,288.64,352.8,,ENE,,6.98,101715.48,101508.14,
035HI,2024-01-15T17:20:00Z,87160.0,10.861,75.87,3.277,68.53,4.054,13.91,0.0,12.84,-52.84,11.98,-64.82,1.93,289.12,353.93,,ENE,,6.73,101715.48,101475.95,
035HI,2024-01-15T17:25:00Z,87160.0,12.2,68.99,3.462,49.41,4.167,17.92,0.0,12.84,-49.38,15.44,-64.83,2.47,290.87,355.69,,NE,,6.62,101715.48,101404.61,
035HI,2024-01-15T17:30:00Z,87170.0,11.728,72.85,3.586,51.97,4.666,18.38,0.0,12.84,-46.9,17.64,-64.54,0.74,,356.14,,NE,,6.97,101727.15,101441.3,
035HI,2024-01-15T17:35:00Z,87170.0,11.522,74.05,3.714,49.3,4.388,21.2,0.0,12.85,-43.92,20.19,-64.11,1.01,292.31,356.42,,NE,,7.01,101727.15,101452.26,
035HI,2024-01-15T17:40:00Z,87170.0,11.428,74.93,3.725,49.63,4.332,25.21,0.0,12.85,-40.08,23.83,-63.91,1.39,292.87,356.78,,NE,,7.09,101727.15,101457.27,
035HI,2024-01-15T17:45:00Z,87170.0,11.372,75.67,3.802,51.06,4.388,51.7,0.0,12.86,-14.88,49.02,-63.91,2.68,293.03,356.93,,NE,,7.19,101727.15,101460.25,
035HI,2024-01-15T17:50:00Z,87180.0,11.6,75.07,3.565,49.94,4.218,92.31,0.0,12.86,21.88,86.4,-64.52,5.91,293.14,357.66,,NE,,7.29,101738.82,101459.73,
035HI,2024-01-15T17:55:00Z,87180.0,12.072,73.25,3.611,51.69,4.332,180.86,0.0,12.87,106.71,173.12,-66.41,7.74,293.21,359.62,,NE,,7.38,101738.82,101434.62,
035HI,2024-01-15T18:00:00Z,87180.0,12.628,71.05,3.606,51.88,4.388,201.8,0.0,12.87,124.81,193.41,-68.61,8.39,293.25,361.86,,NE,,7.47,101738.82,101405.17,
035HI,2024-01-15T18:05:00Z,87180.0,13.122,69.62,3.262,48.9,4.167,222.9,0.0,12.88,140.74,211.46,-70.72,11.44,293.61,364.33,,NE,,7.64,101738.82,101379.09,
035HI,2024-01-15T18:10:00Z,87190.0,13.472,68.59,3.231,49.77,3.889,244.15,0.0,12.88,157.31,230.71,-73.4,13.44,293.75,367.15,,NE,,7.76,101750.49,101372.3,
035HI,2024-01-15T18:15:00Z,87190.0,13.9,67.2,3.097,48.97,3.663,266.01,0.0,12.88,174.36,250.62,-76.26,15.39,293.61,369.87,,NE,,7.86,101750.49,101349.84,
035HI,2024-01-15T18:20:00Z,87190.0,14.322,66.28,2.696,48.47,3.39,287.47,0.0,12.89,190.97,270.3,-79.33,17.17,293.43,372.76,,NE,,8.06,101750.49,101327.76,
035HI,2024-01-15T18:25:00Z,87200.0,14.611,65.87,2.613,48.7,3.277,309.0,0.0,12.89,208.47,290.09,-81.62,18.91,293.92,375.54,,NE,,8.25,101762.16,101324.3,
035HI,2024-01-15T18:30:00Z,87200.0,14.928,65.26,2.433,47.18,3.112,330.37,0.0,12.89,224.78,309.83,-85.05,20.54,293.5,378.55,,NE,,8.41,101762.16,101307.79,
035HI,2024-01-15T18:35:00Z,87210.0,15.628,60.43,2.49,50.46,3.164,352.37,0.0,12.89,241.03,329.42,-88.39,22.95,293.52,381.91,,NE,,7.94,101773.83,101283.14,
035HI,2024-01-15T18:40:00Z,87210.0,16.2,58.2,2.438,48.07,3.056,373.56,0.0,12.9,257.3,348.87,-91.57,24.69,293.67,385.25,,NE,,7.92,101773.83,101253.61,
035HI,2024-01-15T18:45:00Z,87220.0,16.678,55.75,2.382,52.78,,394.67,0.0,12.9,273.38,368.15,-94.76,26.53,294.11,388.88,,NE,,7.73,101785.5,101240.66,
035HI,2024-01-15T18:50:00Z,87220.0,17.2,54.07,1.888,56.74,2.721,414.57,0.0,12.9,288.2,386.12,-97.92,28.45,295.23,393.15,,ENE,,7.77,101785.5,101213.91,
035HI,2024-01-15T18:55:00Z,87230.0,17.789,52.48,1.446,60.11,2.886,433.94,0.0,12.89,302.66,403.86,-101.2,30.08,296.63,397.82,,ENE,,7.88,101797.17,101195.45,
035HI,2024-01-15T19:00:00Z,87230.0,19.05,28.08,1.23,106.8,3.334,453.57,0.0,12.91,317.55,420.72,-103.17,32.86,297.73,400.9,,ESE,,0.09,101797.17,101131.91,
035HI,2024-01-15T19:05:00Z,87230.0,20.128,23.57,1.08,103.0,2.166,471.78,0.0,12.91,330.89,437.77,-106.88,34.0,298.69,405.57,,ESE,,-1.38,101797.17,101077.78,
035HI,2024-01-15T19:10:00Z,87230.0,20.711,20.64,0.684,84.3,1.497,489.78,0.0,12.92,344.69,454.89,-110.2,34.88,299.83,410.04,,E,,-2.67,101797.17,101048.69,
035HI,2024-01-15T19:15:00Z,87240.0,21.028,20.82,0.617,135.6,1.831,507.88,0.0,12.94,359.1,472.11,-113.02,35.77,300.95,413.97,,SE,,-2.29,101808.84,101044.47,
035HI,2024-01-15T19:20:00Z,87240.0,21.25,19.09,1.121,89.8,2.778,526.66,0.0,12.96,373.88,489.56,-115.68,37.11,301.58,417.26,,E,,-3.27,101808.84,101033.47,
035HI,2024-01-15T19:25:00Z,87240.0,21.3,18.5,0.694,135.8,1.775,543.4,0.0,12.99,386.95,505.23,-118.28,38.17,302.42,420.7,,SE,,-3.64,101808.84,101031.0,
035HI,2024-01-15T19:30:00Z,87240.0,21.361,19.06,0.648,126.1,2.222,560.29,0.0,13.03,399.48,521.23,-121.75,39.07,303.04,424.78,,SE,,-3.2,101808.84,101027.96,
035HI,2024-01-15T19:35:00Z,87240.0,21.45,18.35,0.694,132.1,1.888,578.83,0.0,13.07,413.47,537.94,-124.47,40.9,303.48,427.95,,SE,,-3.63,101808.84,101023.55,
035HI,2024-01-15T19:40:00Z,87240.0,21.389,18.19,0.977,152.4,2.444,598.02,0.0,13.12,427.58,555.86,-128.27,42.16,303.33,431.6,,SSE,,-3.79,101808.84,101026.58,
035HI,2024-01-15T19:45:00Z,87240.0,21.45,16.91,1.204,115.7,,615.83,0.0,13.17,441.06,571.82,-130.76,44.01,302.44,433.19,,ESE,,-4.71,101808.84,101023.58,
035HI,2024-01-15T19:50:00Z,87240.0,21.411,16.66,0.756,144.3,2.5,633.67,0.0,13.22,453.89,588.06,-134.17,45.61,302.18,436.35,,SE,,-4.93,101808.84,101025.52,
035HI,2024-01-15T19:55:00Z,87240.0,21.572,17.34,1.209,180.2,2.444,650.76,0.0,13.26,465.08,603.7,-138.62,47.06,302.53,441.15,,S,,-4.28,101808.84,101017.52,
035HI,2024-01-15T20:00:00Z,87240.0,21.539,15.69,1.348,164.2,2.721,666.93,0.0,13.3,478.31,618.66,-140.35,48.26,302.36,442.71,,SSE,,-5.61,101808.84,101019.19,
035HI,2024-01-15T20:05:00Z,87240.0,21.522,17.08,0.803,118.4,1.945,682.1,0.0,13.34,488.52,632.39,-143.87,49.71,302.92,446.79,,ESE,,-4.52,101808.84,101020.01,
035HI,2024-01-15T20:10:00Z,87240.0,21.611,17.59,0.875,236.8,3.277,695.48,0.0,13.38,497.87,644.63,-146.76,50.86,304.13,450.89,,WSW,,-4.06,101808.84,101015.58,
035HI,2024-01-15T20:15:00Z,87230.0,21.689,18.06,1.199,170.8,2.778,710.07,0.0,13.42,508.68,658.05,-149.37,52.02,304.68,454.06,,S,,-3.64,101797.17,101000.13,
035HI,2024-01-15T20:20:00Z,87220.0,21.778,16.97,0.844,145.6,2.557,724.23,0.0,13.46,517.52,670.57,-153.05,53.66,303.86,456.91,,SE,,-4.39,101785.5,100984.17,
035HI,2024-01-15T20:25:00Z,87220.0,21.75,20.64,1.214,210.2,2.557,737.0,0.0,13.5,527.64,682.82,-155.18,54.18,305.47,460.66,,SSW,,-1.8,101785.5,100985.47,
035HI,2024-01-15T20:30:00Z,87220.0,21.672,18.18,0.803,156.4,2.721,751.8,0.0,13.55,537.45,695.9,-158.45,55.89,304.3,462.75,,SSE,,-3.57,101785.5,100989.39,
035HI,2024-01-15T20:35:00Z,87210.0,21.7,17.25,1.6,143.5,4.11,765.15,0.0,13.6,549.19,707.81,-158.62,57.34,,463.62,,SE,,-4.24,101773.83,100976.45,
035HI,2024-01-15T20:40:00Z,87210.0,21.622,17.91,1.24,194.1,2.778,777.88,0.0,13.58,558.44,719.64,-161.19,58.24,306.41,467.6,,SSW,,-3.81,101773.83,100980.29,
035HI,2024-01-15T20:45:00Z,87210.0,21.639,20.12,1.168,168.4,3.056,787.92,0.0,13.6,565.86,728.7,-162.84,59.22,307.02,469.86,,SSE,,-2.24,101773.83,100979.4,
035HI,2024-01-15T20:50:00Z,87200.0,21.672,19.81,1.929,222.3,4.774,801.02,0.0,13.61,577.17,741.07,-163.9,59.96,308.27,472.18,,SW,,-2.42,101762.16,100966.2,
035HI,2024-01-15T20:55:00Z,87200.0,21.611,21.53,1.178,163.4,3.39,808.05,0.0,13.62,582.45,746.78,-164.33,61.28,309.39,473.72,,SSE,,-1.35,101762.16,100969.18,
035HI,2024-01-15T21:00:00Z,87190.0,21.661,22.92,2.161,232.6,4.774,818.28,0.0,13.63,590.81,756.61,-165.8,61.67,310.72,476.52,,SW,,-0.45,101750.49,100955.1,
035HI,2024-01-15T21:05:00Z,87190.0,21.522,25.65,1.374,189.3,3.776,828.49,0.0,13.64,598.15,765.84,-167.7,62.65,309.95,477.65,,S,,0.98,101750.49,100961.93,
035HI,2024-01-15T21:10:00Z,87190.0,21.761,25.99,1.6,209.7,3.22,835.55,0.0,13.64,602.31,771.81,-169.49,63.74,311.78,481.28,,SSW,,1.36,101750.49,100950.08,
035HI,2024-01-15T21:15:00Z,87180.0,21.7,29.1,1.466,138.0,2.943,846.77,0.0,13.64,610.32,781.39,-171.07,65.39,311.77,482.84,,SE,,2.89,101738.82,100941.45,
035HI,2024-01-15T21:20:00Z,87170.0,21.678,29.56,1.548,217.5,4.218,854.04,0.0,13.62,615.7,788.06,-172.36,65.98,312.64,484.99,,SW,,3.09,101727.15,100930.95,
035HI,2024-01-15T21:25:00Z,87160.0,21.622,31.12,1.579,249.7,3.39,859.33,0.0,13.62,620.46,794.27,-173.81,65.06,313.51,487.32,,WSW,,3.77,101715.48,100922.11,
035HI,2024-01-15T21:30:00Z,87160.0,21.811,32.49,2.145,201.8,4.388,866.9,0.0,13.63,626.86,800.49,-173.63,66.42,314.29,487.92,,SSW,,4.55,101715.48,100912.73,
035HI,2024-01-15T21:35:00Z,87150.0,21.5,32.23,1.214,166.1,3.39,872.03,0.0,13.63,628.0,804.46,-176.46,67.57,313.75,490.21,,SSE,,4.17,101703.81,100916.56,
035HI,2024-01-15T21:40:00Z,87150.0,21.411,34.82,1.723,175.9,3.941,877.84,0.0,13.63,633.19,809.82,-176.63,68.02,314.62,491.25,,S,,5.19,101703.81,100920.91,
035HI,2024-01-15T21:45:00Z,87140.0,21.539,38.68,2.305,221.5,4.774,884.36,0.0,13.63,639.97,815.75,-175.78,68.61,316.88,492.67,,SW,,6.83,101692.14,100902.9,
035HI,2024-01-15T21:50:00Z,87140.0,21.5,38.18,2.629,218.3,4.218,889.41,0.0,13.61,644.02,820.2,-176.18,69.21,316.75,492.93,,SW,,6.61,101692.14,100904.85,
035HI,2024-01-15T21:55:00Z,87130.0,21.611,37.63,1.559,196.5,3.442,894.16,0.0,13.61,644.64,823.13,-178.49,71.03,316.03,494.52,,SSW,,6.49,101680.47,100887.78,
035HI,2024-01-15T22:00:00Z,87130.0,21.35,38.64,2.238,213.5,3.941,896.69,0.0,13.62,648.23,826.52,-178.29,70.17,317.68,495.97,,SSW,,6.64,101680.47,100900.7,
035HI,2024-01-15T22:05:00Z,87120.0,21.272,41.06,1.975,193.8,3.719,898.94,0.0,13.62,649.66,828.01,-178.35,70.93,317.89,496.24,,SSW,,7.46,101668.8,100892.94,
035HI,2024-01-15T22:10:00Z,87110.0,21.239,41.72,1.013,202.0,2.778,899.06,0.0,13.62,645.45,827.15,-181.7,71.91,318.29,499.99,,SSW,,7.67,101657.13,100882.98,
035HI,2024-01-15T22:15:00Z,87100.0,21.778,42.69,2.624,218.0,4.717,904.96,0.0,13.62,652.67,833.55,-180.87,71.41,319.85,500.72,,SW,,8.49,101645.46,100844.67,
035HI,2024-01-15T22:20:00Z,87090.0,21.35,43.19,2.094,233.0,5.108,906.26,0.0,13.62,653.17,834.85,-181.68,71.4,319.61,501.29,,SW,,8.28,101633.79,100854.28,
035HI,2024-01-15T22:25:00Z,87080.0,21.311,43.46,1.873,209.4,4.609,907.34,0.0,13.62,654.58,835.54,-180.96,71.81,319.85,500.81,,SSW,,8.33,101622.12,100844.63,
035HI,2024-01-15T22:30:00Z,87080.0,21.3,46.63,1.734,197.4,4.831,906.67,0.0,13.62,652.55,834.41,-181.86,72.27,320.3,502.16,,SSW,,9.37,101622.12,100845.1,
035HI,2024-01-15T22:35:00Z,87060.0,21.028,49.86,1.873,186.3,3.833,904.43,0.0,13.62,651.29,832.14,-180.86,72.29,321.84,502.7,,S,,10.12,101598.78,100835.38,
035HI,2024-01-15T22:40:00Z,87060.0,20.989,50.81,1.698,199.8,3.889,904.16,0.0,13.62,649.88,832.09,-182.21,72.07,321.21,503.42,,SSW,,10.37,101598.78,100837.3,
035HI,2024-01-15T22:45:00Z,87050.0,20.978,51.3,2.531,235.6,4.332,903.79,0.0,13.63,649.39,831.01,-181.62,72.77,322.65,504.27,,SW,,10.5,101587.11,100826.26,
035HI,2024-01-15T22:50:00Z,87040.0,21.55,52.03,2.222,241.1,5.222,903.15,0.0,13.63,649.07,830.09,-181.02,73.05,322.65,503.67,,WSW,,11.25,101575.44,100786.28,
035HI,2024-01-15T22:55:00Z,87030.0,21.689,53.37,2.047,200.9,6.276,900.81,0.0,13.63,644.41,827.0,-182.59,73.81,324.35,506.94,,SSW,,11.76,101563.77,100767.79,
035HI,2024-01-15T23:00:00Z,87030.0,21.589,53.15,2.202,163.4,4.609,898.51,0.0,13.63,642.61,825.38,-182.77,73.13,323.78,506.55,,SSE,,11.6,101563.77,100772.74,
035HI,2024-01-15T23:05:00Z,87010.0,21.05,54.83,1.97,222.4,4.496,892.73,0.0,13.62,637.75,820.89,-183.14,71.84,323.93,507.08,,SW,,11.57,101540.43,100776.27,
035HI,2024-01-15T23:10:00Z,87000.0,21.528,55.22,2.583,212.0,5.777,892.23,0.0,13.63,637.65,819.84,-182.19,72.39,324.93,507.12,,SSW,,12.13,101528.76,100740.98,
035HI,2024-01-15T23:15:00Z,87000.0,21.489,55.24,3.581,235.6,6.276,889.48,0.0,13.61,639.38,817.86,-178.48,71.63,323.32,501.8,,SW,,12.1,101528.76,100742.91,
035HI,2024-01-15T23:20:00Z,87000.0,21.011,55.99,3.303,231.8,5.443,884.18,0.0,13.62,634.73,812.76,-178.03,71.42,322.57,500.6,,SW,,11.86,101528.76,100766.6,
035HI,2024-01-15T23:25:00Z,86990.0,20.911,57.47,2.968,203.7,5.664,882.66,0.0,13.62,633.45,809.71,-176.26,72.95,323.04,499.31,,SSW,,12.16,101517.09,100759.96,
035HI,2024-01-15T23:30:00Z,86980.0,20.978,61.97,2.979,202.3,5.777,879.06,0.0,13.62,630.13,805.93,-175.8,73.13,324.92,500.71,,SSW,,13.38,101505.42,100744.95,
035HI,2024-01-15T23:35:00Z,86980.0,21.028,62.11,2.937,230.6,5.607,888.59,0.0,13.62,641.04,815.08,-174.04,73.51,327.63,501.68,,SW,,13.46,101505.42,100742.47,
035HI,2024-01-15T23:40:00Z,86980.0,21.072,65.49,3.833,219.0,7.331,906.21,0.0,13.62,665.88,831.7,-165.82,74.52,335.35,501.17,,SW,,14.32,101505.42,100740.21,
035HI,2024-01-15T23:45:00Z,86980.0,20.711,65.94,3.328,215.0,5.222,915.03,0.0,13.62,677.4,839.9,-162.51,75.13,337.51,500.02,,SW,,14.08,101505.42,100758.15,
035HI,2024-01-15T23:50:00Z,86970.0,20.739,67.73,3.797,219.1,6.22,916.05,0.0,13.62,677.66,840.25,-162.59,75.8,338.6,501.19,,SW,,14.53,101493.75,100745.14,
035HI,2024-01-15T23:55:00Z,86970.0,21.222,64.13,2.716,206.7,6.22,906.42,0.0,13.62,666.75,830.79,-164.03,75.64,340.37,504.4,,SSW,,14.14,101493.75,100721.21,
035HI,2024-01-16T00:00:00Z,86960.0,21.028,61.61,1.698,196.0,4.275,702.79,0.0,13.62,483.58,646.08,-162.51,56.7,341.07,503.58,,SSW,,13.34,101482.08,100719.31,
035HI,2024-01-16T00:05:00Z,86950.0,20.95,66.04,3.478,234.3,6.719,747.38,0.0,13.63,550.09,685.92,-135.83,61.45,357.49,493.32,,SW,,14.34,101470.41,100711.51,
035HI,2024-01-16T00:10:00Z,86950.0,20.989,62.45,3.786,222.6,5.278,954.41,0.0,13.63,728.89,876.16,-147.27,78.25,355.89,503.16,,SW,,13.51,101470.41,100709.65,
035HI,2024-01-16T00:15:00Z,86950.0,21.122,66.25,3.009,216.8,6.106,720.06,0.0,13.73,505.29,661.36,-156.07,58.7,344.38,500.45,,SW,,14.55,101470.41,100702.97,
035HI,2024-01-16T00:20:00Z,86950.0,20.75,68.05,2.752,230.1,4.11,391.39,0.0,13.44,221.76,361.26,-139.49,30.14,344.03,483.52,,SW,,14.61,101470.41,100721.42,
035HI,2024-01-16T00:25:00Z,86950.0,20.25,71.73,2.552,207.6,3.941,169.13,0.0,13.58,38.76,156.48,-117.71,12.65,347.54,465.25,,SSW,,14.95,101470.41,100746.27,
035HI,2024-01-16T00:30:00Z,86940.0,20.022,73.22,2.593,244.8,4.944,550.21,0.0,13.6,392.06,503.94,-111.88,46.27,356.99,468.87,,WSW,,15.05,101458.74,100746.05,
035HI,2024-01-16T00:35:00Z,86940.0,20.3,68.89,2.896,235.0,5.777,204.49,0.0,13.49,83.33,188.5,-105.17,15.99,357.19,462.36,,SW,,14.37,101458.74,100732.24,
035HI,2024-01-16T00:40:00Z,86940.0,20.189,70.76,2.721,235.4,4.496,282.4,0.0,13.61,161.05,258.86,-97.81,23.54,360.03,457.84,,SW,,14.68,101458.74,100737.75,
035HI,2024-01-16T00:45:00Z,86930.0,20.072,72.44,1.842,209.5,3.889,333.57,0.0,13.61,209.78,305.78,,27.78,362.63,458.63,,SSW,,14.93,101447.07,100731.98,
035HI,2024-01-16T00:50:00Z,86930.0,20.039,72.93,2.176,227.6,4.553,253.43,0.0,13.61,140.65,232.02,-91.37,21.41,364.28,455.65,,SW,,15.01,101447.07,100733.62,
035HI,2024-01-16T00:55:00Z,86920.0,20.05,72.13,1.235,244.1,4.11,357.8,0.0,13.63,243.72,326.84,-83.12,30.96,374.14,457.26,,WSW,,14.85,101435.4,100721.5,
035HI,2024-01-16T01:00:00Z,86920.0,20.461,69.69,3.066,214.8,4.887,385.23,0.0,13.63,273.26,353.05,-79.79,32.18,380.8,460.59,,SW,,14.71,101435.4,100701.02,
035HI,2024-01-16T01:05:00Z,86920.0,20.2,72.64,2.917,237.6,5.0,264.59,0.0,13.63,173.36,243.06,-69.7,21.53,384.8,454.49,,WSW,,15.1,101435.4,100713.99,
035HI,2024-01-16T01:10:00Z,86920.0,20.15,74.33,3.555,223.5,5.998,628.92,0.0,13.63,498.31,574.53,-76.23,54.38,385.93,462.15,,SW,,15.41,101435.4,100716.45,
035HI,2024-01-16T01:15:00Z,86920.0,20.661,69.99,3.632,229.5,5.998,656.71,0.0,13.63,505.86,601.43,-95.57,55.28,377.94,473.51,,SW,,14.96,101435.4,100691.05,
035HI,2024-01-16T01:20:00Z,86920.0,20.578,68.19,2.768,235.1,5.885,410.79,0.0,13.63,276.11,376.65,-100.54,34.13,366.42,466.96,,SW,,14.48,101435.4,100695.22,
035HI,2024-01-16T01:25:00Z,86920.0,20.172,69.86,2.531,245.9,4.445,252.63,0.0,13.63,150.92,232.39,-81.47,20.23,374.32,455.79,,WSW,,14.47,101435.4,100715.44,
035HI,2024-01-16T01:30:00Z,86920.0,20.528,73.02,3.457,235.5,6.276,382.4,0.0,13.63,277.69,350.12,-72.42,32.28,387.05,459.48,,SW,,15.5,101435.4,100697.62,
035HI,2024-01-16T01:35:00Z,86930.0,20.239,70.77,3.251,209.0,5.443,472.51,0.0,13.64,354.73,431.52,-76.79,40.99,380.46,457.26,,SSW,,14.73,101447.07,100723.67,
035HI,2024-01-16T01:40:00Z,86930.0,20.678,69.63,3.277,222.3,5.165,711.99,0.0,13.64,562.13,648.71,-86.58,63.28,386.06,472.64,,SW,,14.9,101447.07,100701.8,
035HI,2024-01-16T01:45:00Z,86940.0,20.689,69.9,2.562,223.5,4.831,367.29,0.0,13.64,255.12,336.94,-81.82,30.35,385.12,466.94,,SW,,14.97,101458.74,100712.83,
035HI,2024-01-16T01:50:00Z,86940.0,20.35,74.05,2.943,202.9,5.499,689.62,0.0,13.64,543.74,628.4,-84.66,61.22,388.72,473.37,,SSW,,15.55,101458.74,100729.64,
035HI,2024-01-16T01:55:00Z,86940.0,20.478,74.51,3.493,214.4,5.443,719.34,0.0,13.64,564.77,655.41,-90.64,63.93,390.83,481.47,,SW,,15.77,101458.74,100723.25,
035HI,2024-01-16T02:00:00Z,86950.0,20.339,74.74,2.979,233.1,5.33,634.09,0.0,13.64,478.58,578.88,-100.3,55.21,380.82,481.12,,SW,,15.68,101470.41,100741.77,
035HI,2024-01-16T02:05:00Z,86950.0,20.311,75.43,3.503,229.0,5.551,298.29,0.0,13.64,187.83,273.06,-85.23,25.24,381.87,467.1,,SW,,15.8,101470.41,100743.15,
035HI,2024-01-16T02:10:00Z,86960.0,20.339,75.57,3.159,216.9,5.443,600.35,0.0,13.64,459.24,543.93,-84.69,56.42,389.67,474.36,,SW,,15.86,101482.08,100753.34,
035HI,2024-01-16T02:15:00Z,86960.0,20.4,73.87,3.606,229.8,5.108,234.62,0.0,13.64,126.98,214.4,-87.42,20.21,375.4,462.82,,SW,,15.56,101482.08,100750.32,
035HI,2024-01-16T02:20:00Z,86950.0,20.139,76.69,2.973,233.5,5.052,425.76,0.0,13.64,302.31,385.32,-83.01,40.44,381.48,464.48,,SW,,15.89,101470.41,100751.72,
035HI,2024-01-16T02:25:00Z,86960.0,20.139,76.61,3.082,214.9,5.052,288.78,0.0,13.64,189.95,261.83,-71.87,26.96,385.82,457.7,,SW,,15.88,101482.08,100763.31,
035HI,2024-01-16T02:30:00Z,86970.0,20.028,78.97,2.742,226.5,4.887,252.09,0.0,13.64,162.03,228.39,-66.36,23.7,390.7,457.06,,SW,,16.25,101493.75,100780.4,
035HI,2024-01-16T02:35:00Z,86980.0,20.061,78.26,3.02,209.4,5.0,485.76,0.0,13.62,370.71,436.62,-65.91,49.13,395.36,461.27,,SSW,,16.14,101505.42,100790.35,
035HI,2024-01-16T02:40:00Z,86980.0,20.339,76.85,2.598,234.6,5.108,467.56,0.0,13.64,351.23,422.65,-71.42,44.91,396.15,467.57,,SW,,16.12,101505.42,100776.48,
035HI,2024-01-16T02:45:00Z,86980.0,20.111,78.72,3.287,223.8,5.222,311.62,0.0,13.64,211.21,282.55,-71.34,29.07,389.77,461.11,,SW,,16.28,101505.42,100787.84,
035HI,2024-01-16T02:50:00Z,86980.0,20.078,79.41,2.948,224.5,5.33,428.2,0.0,13.64,316.82,384.17,-67.35,44.03,395.43,462.78,,SW,,16.38,101505.42,100789.48,
035HI,2024-01-16T02:55:00Z,86980.0,20.022,78.37,2.613,237.0,4.609,347.1,0.0,13.63,240.83,312.11,-71.28,34.99,389.63,460.91,,WSW,,16.12,101505.42,100792.3,
035HI,2024-01-16T03:00:00Z,86990.0,19.828,79.56,2.829,233.4,4.609,358.22,0.0,13.64,240.53,321.79,-81.27,36.43,379.25,460.52,,SW,,16.17,101517.09,100813.58,
035HI,2024-01-16T03:05:00Z,87000.0,20.05,77.36,2.958,241.9,4.388,298.16,0.0,13.64,179.55,266.64,-87.1,31.52,370.12,457.22,,WSW,,15.94,101528.76,100814.1,
035HI,2024-01-16T03:10:00Z,87000.0,19.9,78.75,2.269,246.5,4.054,235.06,0.0,13.64,114.04,209.65,-95.61,25.41,358.08,453.69,,WSW,,16.08,101528.76,100821.58,
035HI,2024-01-16T03:15:00Z,87010.0,19.739,79.82,1.852,228.3,3.498,229.99,0.0,13.64,114.75,204.5,-89.75,25.48,361.59,451.34,,SW,,16.13,101540.43,100841.22,
035HI,2024-01-16T03:20:00Z,87010.0,19.722,79.58,1.975,256.7,3.277,238.08,0.0,13.64,127.64,212.07,-84.43,26.0,366.55,450.98,,WSW,,16.07,101540.43,100842.08,
035HI,2024-01-16T03:25:00Z,87010.0,19.689,81.1,1.914,213.7,3.39,202.95,0.0,13.64,96.01,179.8,-83.79,23.15,366.24,450.03,,SSW,,16.34,101540.43,100843.71,
035HI,2024-01-16T03:30:00Z,87010.0,19.778,79.32,1.919,223.2,2.943,163.84,0.0,13.64,54.27,144.14,-89.87,19.7,357.18,447.05,,SW,,16.07,101540.43,100839.28,
035HI,2024-01-16T03:35:00Z,87010.0,19.8,79.48,1.415,242.8,2.665,116.87,0.0,13.64,2.72,101.62,-98.9,15.25,343.82,442.72,,WSW,,16.13,101540.43,100838.17,
035HI,2024-01-16T03:40:00Z,87010.0,19.472,80.9,1.631,241.8,2.665,80.34,0.0,13.65,-36.22,68.73,-104.95,11.61,333.1,438.05,,WSW,,16.09,101540.43,100854.61,
035HI,2024-01-16T03:45:00Z,87020.0,19.261,81.6,1.096,235.0,2.109,58.85,0.0,13.64,-55.72,48.68,-104.4,10.17,329.65,434.05,,SW,,16.02,101552.1,100876.81,
035HI,2024-01-16T03:50:00Z,87020.0,19.278,81.5,1.302,225.7,,39.51,0.0,13.59,-76.96,30.61,-107.57,8.9,323.28,430.85,,SW,,16.01,101552.1,100875.95,
035HI,2024-01-16T03:55:00Z,87020.0,19.128,82.5,1.224,222.8,1.831,25.49,0.0,13.46,-88.99,17.91,-106.91,7.58,320.53,427.43,,SW,,16.06,101552.1,100883.49,
035HI,2024-01-16T04:00:00Z,87020.0,18.839,83.8,1.214,229.5,1.945,13.95,0.0,13.37,-97.16,7.71,-104.86,6.24,319.1,423.97,,SW,,16.02,101552.1,100898.05,
035HI,2024-01-16T04:05:00Z,87020.0,18.711,84.6,0.7,240.6,1.554,5.27,0.0,13.28,-102.29,0.18,-102.47,5.09,318.41,420.87,,WSW,,16.05,101552.1,100904.5,
035HI,2024-01-16T04:10:00Z,87030.0,18.6,84.6,0.051,259.9,0.442,0.0,0.0,13.21,-104.95,-5.09,-99.86,1.95,317.45,417.31,,W,,15.94,101563.77,100921.71,
035HI,2024-01-16T04:15:00Z,87040.0,18.1,86.6,0.0,,0.0,0.0,0.0,13.18,-105.17,-7.52,-97.66,1.47,316.04,413.69,,,,15.81,101575.44,100958.62,
035HI,2024-01-16T04:20:00Z,87040.0,17.8,88.4,0.0,,0.0,0.0,0.0,13.1,-105.06,-8.94,-96.12,1.91,314.98,411.1,,,,15.84,101575.44,100973.84,
035HI,2024-01-16T04:25:00Z,87040.0,17.572,88.8,0.0,,0.0,0.0,0.0,13.07,-103.28,-9.22,-94.06,1.93,318.39,412.45,,,,15.69,101575.44,100985.45,
035HI,2024-01-16T04:30:00Z,87050.0,17.361,89.3,0.0,,0.0,0.0,0.0,13.08,-102.84,-9.15,-93.69,1.65,314.62,408.31,,,,15.57,101587.11,101007.81,
035HI,2024-01-16T04:35:00Z,87050.0,17.189,89.8,0.103,56.81,0.89,0.0,0.0,13.05,-100.06,-8.19,-91.87,1.35,317.52,409.39,,ENE,,15.49,101587.11,101016.6,
035HI,2024-01-16T04:40:00Z,87060.0,17.022,89.0,0.767,52.08,1.224,0.0,0.0,13.05,-99.39,-7.93,-91.46,1.15,313.71,405.17,,NE,,15.18,101598.78,101036.76,
035HI,2024-01-16T04:45:00Z,87060.0,16.872,89.6,0.859,32.92,1.224,0.0,0.0,13.04,-97.67,-7.89,-89.78,1.23,316.43,406.21,,NNE,,15.14,101598.78,101044.43,
035HI,2024-01-16T04:50:00Z,87070.0,16.672,90.1,0.782,32.78,0.941,0.0,0.0,13.04,-97.42,-7.8,-89.62,1.07,312.57,402.19,,NNE,,15.03,101610.45,101066.29,
035HI,2024-01-16T04:55:00Z,87070.0,16.489,89.7,1.019,47.07,1.667,0.0,0.0,13.02,-95.51,-7.53,-87.98,0.96,315.4,403.38,,NE,,14.78,101610.45,101075.7,
035HI,2024-01-16T05:00:00Z,87080.0,16.328,89.7,1.224,33.98,1.61,0.0,0.0,13.03,-95.5,-7.16,-88.35,0.85,311.46,399.81,,NE,,14.62,101622.12,101095.59,
035HI,2024-01-16T05:05:00Z,87090.0,16.139,89.9,1.368,33.58,,0.0,0.0,13.01,-93.68,-7.13,-86.55,1.02,314.49,401.04,,NNE,,14.47,101633.79,101116.93,
035HI,2024-01-16T05:10:00Z,87090.0,16.178,88.8,1.631,46.22,2.109,0.0,0.0,13.02,-93.44,-6.58,-86.85,1.05,311.04,397.89,,NE,,14.31,101633.79,101114.94,
035HI,2024-01-16T05:15:00Z,87100.0,16.15,88.3,1.801,44.47,2.608,0.0,0.0,13.0,-91.85,-6.46,-85.39,0.99,314.11,399.5,,NE,,14.2,101645.46,101128.0,
035HI,2024-01-16T05:20:00Z,87100.0,15.922,88.4,1.662,40.81,2.279,0.0,0.0,13.06,-92.38,-6.61,-85.78,0.61,310.05,395.83,,NE,,13.99,101645.46,101139.76,
035HI,2024-01-16T05:25:00Z,87110.0,15.75,88.8,1.657,44.14,2.222,0.0,0.0,13.02,-91.63,-6.48,-85.16,0.77,308.26,393.42,,NE,,13.89,101657.13,101160.26,
035HI,2024-01-16T05:30:00Z,87110.0,15.661,88.6,1.867,45.8,2.608,0.0,0.0,12.99,-89.76,-6.33,-83.43,0.93,312.47,395.9,,NE,,13.77,101657.13,101164.86,
035HI,2024-01-16T05:35:00Z,87110.0,15.578,88.6,1.584,50.99,1.945,0.0,0.0,13.05,-89.83,-6.11,-83.71,0.75,308.83,392.54,,NE,,13.69,101657.13,101169.16,
035HI,2024-01-16T05:40:00Z,87120.0,15.511,88.4,1.734,50.4,2.222,0.0,0.0,13.01,-89.51,-6.15,-83.36,0.69,307.03,390.4,,NE,,13.58,101668.8,101184.24,
035HI,2024-01-16T05:45:00Z,87120.0,15.322,88.6,1.924,50.24,2.33,0.0,0.0,12.99,-87.98,-6.0,-81.98,0.71,311.07,393.05,,NE,,13.43,101668.8,101194.04,
035HI,2024-01-16T05:50:00Z,87130.0,15.172,89.2,1.873,46.71,2.387,0.0,0.0,13.0,-88.32,-6.04,-82.28,0.55,307.69,389.97,,NE,,13.39,101680.47,101213.43,
035HI,2024-01-16T05:55:00Z,87130.0,15.189,89.1,1.903,45.11,2.557,0.0,0.0,12.98,-87.21,-5.93,-81.28,0.74,310.55,391.83,,NE,,13.39,101680.47,101212.55,
035HI,2024-01-16T06:00:00Z,87140.0,15.022,89.3,2.145,45.63,2.886,0.0,0.0,12.99,-87.77,-5.95,-81.82,0.5,306.99,388.81,,NE,,13.26,101692.14,101232.84,
035HI,2024-01-16T06:05:00Z,87140.0,15.128,88.4,2.269,46.5,3.164,0.0,0.0,12.96,-86.45,-5.64,-80.81,0.88,310.31,391.12,,NE,,13.21,101692.14,101227.34,
035HI,2024-01-16T06:10:00Z,87140.0,15.078,88.1,2.047,45.38,3.056,0.0,0.0,13.03,-86.33,-5.71,-80.63,0.64,307.39,388.02,,NE,,13.1,101692.14,101229.95,
035HI,2024-01-16T06:15:00Z,87150.0,14.922,88.6,2.037,39.62,2.829,0.0,0.0,12.99,-85.41,-5.81,-79.6,0.56,306.21,385.81,,NE,,13.04,101703.81,101249.67,
035HI,2024-01-16T06:20:00Z,87150.0,14.789,88.9,0.936,33.71,2.387,0.0,0.0,12.97,-84.65,-6.19,-78.46,0.59,309.41,387.87,,NNE,,12.96,101703.81,101256.59,
035HI,2024-01-16T06:25:00Z,87160.0,14.739,88.3,1.302,72.16,2.557,0.0,0.0,13.03,-84.13,-6.07,-78.06,0.8,307.5,385.57,,ENE,,12.81,101715.48,101270.82,
035HI,2024-01-16T06:30:00Z,87160.0,14.939,85.8,2.022,59.67,2.721,0.0,0.0,13.03,-82.6,-5.26,-77.34,1.05,306.83,384.17,,ENE,,12.56,101715.48,101260.44,
035HI,2024-01-16T06:35:00Z,87160.0,14.889,85.3,1.837,38.45,2.557,0.0,0.0,13.03,-81.64,-5.4,-76.24,0.7,306.71,382.94,,NE,,12.42,101715.48,101263.05,
035HI,2024-01-16T06:40:00Z,87160.0,14.6,86.2,1.939,41.44,2.5,0.0,0.0,13.03,-80.35,-5.26,-75.08,0.53,307.23,382.31,,NE,,12.3,101715.48,101278.1,
035HI,2024-01-16T06:45:00Z,87160.0,14.328,87.1,1.806,50.8,2.387,0.0,0.0,12.99,-78.91,-5.31,-73.6,0.37,307.64,381.24,,NE,,12.19,101715.48,101292.29,
035HI,2024-01-16T06:50:00Z,87160.0,14.05,88.1,2.053,50.95,2.608,0.0,0.0,12.95,-76.84,-5.03,-71.8,0.33,312.34,384.14,,NE,,12.09,101715.48,101306.82,
035HI,2024-01-16T06:55:00Z,87160.0,13.95,88.5,2.279,48.51,2.886,0.0,0.0,13.02,-77.42,-4.88,-72.54,0.32,309.34,381.87,,NE,,12.06,101715.48,101312.05,
035HI,2024-01-16T07:00:00Z,87160.0,13.928,88.8,2.336,48.32,2.721,0.0,0.0,12.98,-76.9,-4.82,-72.08,0.58,308.32,380.4,,NE,,12.09,101715.48,101313.2,
035HI,2024-01-16T07:05:00Z,87160.0,13.85,89.1,2.233,46.41,2.5,0.0,0.0,12.95,-75.92,-4.8,-71.12,0.6,312.19,383.31,,NE,,12.07,101715.48,101317.29,
035HI,2024-01-16T07:10:00Z,87160.0,13.778,89.3,2.3,47.76,2.665,0.0,0.0,12.96,-76.58,-4.75,-71.83,0.39,309.06,380.89,,NE,,12.03,101715.48,101321.06,
035HI,2024-01-16T07:15:00Z,87160.0,13.778,89.4,2.464,47.43,2.829,0.0,0.0,12.94,-75.14,-4.62,-70.52,0.56,312.7,383.21,,NE,,12.05,101715.48,101321.06,
035HI,2024-01-16T07:20:00Z,87160.0,13.889,88.3,2.67,47.17,3.277,0.0,0.0,13.01,-74.18,-4.36,-69.82,0.51,311.06,380.88,,NE,,11.97,101715.48,101315.25,
035HI,2024-01-16T07:25:00Z,87170.0,13.85,88.2,2.778,50.32,3.334,0.0,0.0,12.97,-70.77,-4.03,-66.73,0.29,312.9,379.63,,NE,,11.91,101727.15,101328.93,
035HI,2024-01-16T07:30:00Z,87170.0,13.772,88.1,2.521,48.93,3.164,0.0,0.0,12.94,-61.53,-3.64,-57.9,0.23,325.06,382.96,,NE,,11.82,101727.15,101333.02,
035HI,2024-01-16T07:35:00Z,87170.0,14.011,86.6,2.757,46.35,3.555,0.0,0.0,13.0,-39.16,-2.38,-36.79,0.48,345.35,382.14,,NE,,11.79,101727.15,101320.51,
035HI,2024-01-16T07:40:00Z,87170.0,14.339,85.8,3.087,43.36,4.275,0.0,0.0,13.01,-32.99,-1.81,-31.18,0.64,351.1,382.28,,NE,,11.97,101727.15,101303.35,
035HI,2024-01-16T07:45:00Z,87170.0,14.789,86.1,2.567,37.94,3.719,0.19,0.0,13.01,-16.43,-1.0,-15.43,1.18,368.39,383.82,,NE,,12.47,101727.15,101279.87,
035HI,2024-01-16T07:50:00Z,87170.0,15.1,84.6,2.325,44.78,3.555,0.0,0.0,13.0,-17.42,-0.63,-16.78,0.52,368.04,384.82,,NE,,12.5,101727.15,101263.71,
035HI,2024-01-16T07:55:00Z,87170.0,14.889,85.4,2.521,37.44,3.277,0.0,0.0,13.01,-23.09,-1.08,-22.01,0.0,362.79,384.8,,NE,,12.44,101727.15,101274.67,
035HI,2024-01-16T08:00:00Z,87170.0,14.8,86.0,2.433,47.54,3.277,0.0,0.0,13.01,,-1.42,-25.58,0.0,358.99,384.56,,NE,,12.46,101727.15,101279.3,
035HI,2024-01-16T08:05:00Z,87170.0,14.772,85.7,2.541,50.05,3.498,0.0,0.0,13.01,-25.85,-1.38,-24.47,0.0,360.19,384.65,,NE,,12.38,101727.15,101280.76,
035HI,2024-01-16T08:10:00Z,87170.0,14.872,85.5,2.289,51.01,3.277,0.0,0.0,13.01,-28.57,-1.53,-27.04,0.16,357.66,384.7,,NE,,12.44,101727.15,101275.55,
035HI,2024-01-16T08:15:00Z,87160.0,14.811,86.5,2.001,46.46,2.5,0.0,0.0,13.0,-35.6,-2.19,-33.41,0.09,350.7,384.12,,NE,,12.56,101715.48,101267.1,
035HI,2024-01-16T08:20:00Z,87170.0,14.8,87.9,0.972,86.3,1.831,0.0,0.0,12.96,-48.84,-2.99,-45.85,0.37,337.29,383.14,,E,,12.8,101727.15,101279.27,
035HI,2024-01-16T08:25:00Z,87160.0,14.922,87.8,1.708,52.57,2.33,0.0,0.0,12.93,-59.64,-3.71,-55.94,0.59,329.65,385.59,,NE,,12.9,101715.48,101261.3,
035HI,2024-01-16T08:30:00Z,87160.0,14.728,88.0,2.181,46.97,2.721,0.0,0.0,12.99,-64.11,-3.84,-60.27,0.0,322.6,382.87,,NE,,12.74,101715.48,101271.4,
035HI,2024-01-16T08:35:00Z,87160.0,14.55,88.5,2.114,44.03,2.665,0.0,0.0,12.95,-62.66,-3.87,-58.79,0.0,322.47,381.26,,NE,,12.65,101715.48,101280.67,
035HI,2024-01-16T08:40:00Z,87160.0,14.428,88.6,2.485,46.55,2.943,0.0,0.0,12.92,-58.99,-3.58,-55.41,0.0,329.21,384.62,,NE,,12.55,101715.48,101287.04,
035HI,2024-01-16T08:45:00Z,87160.0,14.128,89.1,2.655,48.56,3.277,0.0,0.0,12.99,-59.48,-3.47,-56.01,0.0,325.89,381.9,,NE,,12.34,101715.48,101302.72,
035HI,2024-01-16T08:50:00Z,87160.0,14.05,89.4,2.346,42.54,,0.0,0.0,12.95,-60.07,-3.59,-56.47,0.0,323.67,380.14,,NE,,12.32,101715.48,101306.8,
035HI,2024-01-16T08:55:00Z,87160.0,14.128,88.7,2.819,48.83,3.776,0.0,0.0,12.92,-67.3,-3.88,-63.43,0.32,319.78,383.2,,NE,,12.27,101715.48,101302.73,
035HI,2024-01-16T09:00:00Z,87150.0,14.078,88.7,2.845,49.62,3.555,0.0,0.0,12.98,-70.75,-4.04,-66.72,0.12,313.68,380.39,,NE,,12.22,101703.81,101293.72,
035HI,2024-01-16T09:05:00Z,87150.0,13.972,89.0,2.871,50.8,3.663,0.0,0.0,12.94,-75.78,-4.43,-71.35,0.12,307.02,378.37,,NE,,12.17,101703.81,101299.27,
035HI,2024-01-16T09:10:00Z,87150.0,13.861,89.4,3.267,54.92,3.833,0.0,0.0,12.91,-76.35,-4.38,-71.97,0.14,309.33,381.3,,NE,,12.13,101703.81,101305.08,
035HI,2024-01-16T09:15:00Z,87150.0,13.878,88.6,2.865,47.7,3.555,0.0,0.0,12.98,-77.08,-4.47,-72.61,0.08,306.02,378.63,,NE,,12.01,101703.81,101304.2,
035HI,2024-01-16T09:20:00Z,87150.0,13.811,88.4,2.752,50.67,3.555,0.0,0.0,12.94,-75.63,-4.48,-71.15,0.29,305.81,376.96,,NE,,11.91,101703.81,101307.72,
035HI,2024-01-16T09:25:00Z,87160.0,13.922,87.5,2.788,60.52,3.442,0.0,0.0,12.91,-75.23,-4.43,-70.8,0.45,309.56,380.36,,ENE,,11.86,101715.48,101313.54,
035HI,2024-01-16T09:30:00Z,87160.0,13.989,87.6,2.747,61.49,3.498,0.0,0.0,12.98,-76.03,-4.49,-71.54,0.26,306.38,377.92,,ENE,,11.94,101715.48,101310.02,
035HI,2024-01-16T09:35:00Z,87160.0,13.839,87.5,2.603,51.67,3.277,0.0,0.0,12.93,-75.17,-4.56,-70.61,0.13,305.48,376.1,,NE,,11.78,101715.48,101317.89,
035HI,2024-01-16T09:40:00Z,87170.0,13.878,87.8,2.948,59.29,3.555,0.0,0.0,12.91,-73.49,-4.26,-69.23,0.26,310.35,379.57,,ENE,,11.87,101727.15,101327.46,
035HI,2024-01-16T09:45:00Z,87170.0,13.889,87.9,2.696,60.73,3.498,0.0,0.0,12.97,-70.21,-4.1,-66.11,0.05,311.07,377.18,,ENE,,11.9,101727.15,101326.88,
035HI,2024-01-16T09:50:00Z,87180.0,13.9,87.7,1.307,62.65,2.33,0.0,0.0,12.93,-72.6,-4.77,-67.83,0.18,307.27,375.1,,ENE,,11.87,101738.82,101337.93,
035HI,2024-01-16T09:55:00Z,87170.0,13.489,90.0,1.893,62.95,3.22,0.0,0.0,12.9,-72.02,-4.88,-67.14,0.0,310.49,377.63,,ENE,,11.86,101727.15,101347.86,
