# STATION: 036HI
# STATION NAME: Lahaina WTP
# LATITUDE: 20.8907
# LONGITUDE: -156.6549
# ELEVATION [ft]: 801.0
# STATE: HI
Station_ID,Date_Time,pressure_set_1,air_temp_set_1,relative_humidity_set_1,wind_speed_set_1,wind_direction_set_1,wind_gust_set_1,solar_radiation_set_1,soil_temp_set_1,soil_temp_set_2,soil_temp_set_3,soil_temp_set_4,precip_accum_five_minute_set_1,soil_moisture_set_1,soil_moisture_set_2,soil_moisture_set_3,volt_set_1,net_radiation_set_1,net_radiation_sw_set_1,net_radiation_lw_set_1,outgoing_radiation_sw_set_1,incoming_radiation_lw_set_1,outgoing_radiation_lw_set_1,wind_chill_set_1d,wind_cardinal_direction_set_1d,heat_index_set_1d,dew_point_temperature_set_1d,altimeter_set_1d,sea_level_pressure_set_1d,wet_bulb_temperature_set_1d
,,Pascals,Celsius,%,m/s,Degrees,m/s,W/m**2,Celsius,Celsius,Celsius,Celsius,Millimeters,%,%,%,volts,W/m**2,W/m**2,W/m**2,W/m**2,W/m**2,W/m**2,Celsius,code,Celsius,Celsius,Pascals,Pascals,Celsius
036HI,2024-01-15T10:05:00Z,98290.0,18.172,74.04,2.742,83.3,4.167,0.0,21.567,23.122,24.389,20.472,0.0,44.1,52.8,46.3,12.96,-70.01,-4.2,-65.8,0.61,333.95,399.75,,E,,13.44,101186.43,101136.68,
036HI,2024-01-15T10:10:00Z,98290.0,18.189,73.81,2.696,83.6,3.833,0.0,21.522,23.111,24.378,20.439,0.0,44.1,52.8,46.3,12.96,-70.28,-4.23,-66.05,0.67,333.7,399.75,,E,,13.41,101186.43,101136.51,
036HI,2024-01-15T10:15:00Z,98290.0,18.211,74.06,2.85,82.6,4.218,0.0,21.483,23.1,24.372,20.378,0.0,44.1,52.8,46.3,12.96,-70.38,-4.31,-66.07,0.7,333.74,399.81,,E,,13.48,101186.43,101136.29,
036HI,2024-01-15T10:20:00Z,98290.0,18.2,74.31,3.179,80.2,4.218,0.0,21.444,23.072,24.378,20.35,0.0,44.0,52.8,46.3,12.96,-70.36,-4.16,-66.21,0.64,333.68,399.88,,E,,13.52,101186.43,101136.4,
036HI,2024-01-15T10:25:00Z,98290.0,18.222,74.02,2.927,82.0,4.388,0.0,21.406,23.061,24.389,20.3,0.0,44.0,52.8,46.3,12.96,-70.05,-4.2,-65.85,0.64,333.92,399.77,,E,,13.48,101186.43,101136.18,
036HI,2024-01-15T10:30:00Z,98290.0,18.178,74.21,2.901,82.6,4.332,0.0,21.367,23.022,24.378,20.261,0.0,44.0,52.8,46.3,12.96,-69.78,-4.17,-65.61,0.51,333.93,399.54,,E,,13.48,101186.43,101136.62,
036HI,2024-01-15T10:35:00Z,98280.0,18.128,74.58,3.159,83.5,4.774,0.0,21.333,22.978,24.4,20.222,0.0,44.0,52.8,46.3,12.96,-69.99,-4.12,-65.87,0.5,333.57,399.44,,E,,13.51,101176.13,101126.82,
036HI,2024-01-15T10:40:00Z,98270.0,18.122,74.72,2.984,84.2,4.445,0.0,21.294,22.972,24.378,20.161,0.0,44.0,52.8,46.3,12.96,-70.18,-4.16,-66.02,0.55,333.41,399.44,,E,,13.53,101165.84,101116.59,
036HI,2024-01-15T10:45:00Z,98280.0,18.211,74.71,2.68,84.1,4.167,0.0,21.261,22.95,24.389,20.178,0.0,44.0,52.8,46.3,12.96,-70.32,-4.27,-66.05,0.74,333.52,399.57,,E,,13.62,101176.13,101126.0,
036HI,2024-01-15T10:50:00Z,98280.0,18.261,74.05,3.025,80.7,4.388,0.0,21.228,22.889,24.378,20.089,0.0,44.0,52.8,46.3,12.95,-70.17,-4.22,-65.95,0.74,333.54,399.49,,E,,13.53,101176.13,101125.51,
036HI,2024-01-15T10:55:00Z,98270.0,18.361,73.16,2.757,83.8,3.941,0.0,21.189,22.889,24.389,20.089,0.0,44.0,52.8,46.3,12.95,-70.01,-4.22,-65.79,0.77,333.77,399.56,,E,,13.44,101165.84,101114.23,
036HI,2024-01-15T11:00:00Z,98260.0,18.372,73.02,2.891,87.6,3.997,0.0,21.156,22.889,24.389,20.039,0.0,44.0,52.8,46.3,12.95,-69.84,-4.06,-65.78,0.52,333.69,399.46,,E,,13.42,101155.54,101103.83,
036HI,2024-01-15T11:05:00Z,98260.0,18.311,74.46,2.788,85.6,4.388,0.0,21.117,22.872,24.389,19.972,0.0,44.0,52.8,46.3,12.95,-70.15,-4.15,-66.0,0.42,333.52,399.52,,E,,13.66,101155.54,101104.43,
036HI,2024-01-15T11:10:00Z,98250.0,18.3,74.49,2.773,88.4,4.388,0.0,21.089,22.822,24.4,19.972,0.0,43.9,52.8,46.3,12.95,-70.64,-4.15,-66.5,0.48,332.99,399.48,,E,,13.66,101145.25,101094.25,
036HI,2024-01-15T11:15:00Z,98240.0,18.45,76.34,2.608,84.5,3.889,0.0,21.056,22.811,24.389,19.928,0.0,43.9,52.8,46.3,12.95,-70.86,-4.15,-66.72,0.72,333.49,400.2,,E,,14.18,101134.95,101082.47,
036HI,2024-01-15T11:20:00Z,98240.0,18.661,76.24,2.294,90.0,3.941,0.0,21.022,22.75,24.372,19.911,0.0,43.9,52.8,46.2,12.95,-71.2,-4.09,-67.11,0.75,333.47,400.58,,E,,14.37,101134.95,101080.39,
036HI,2024-01-15T11:25:00Z,98230.0,18.8,76.27,1.965,94.0,3.334,0.0,20.994,22.761,24.389,19.872,0.0,43.9,52.8,46.2,12.94,-71.24,-4.3,-66.94,0.71,333.7,400.64,,E,,14.51,101124.66,101068.73,
036HI,2024-01-15T11:30:00Z,98230.0,18.822,76.15,1.785,100.4,2.943,0.0,20.972,22.728,24.389,19.861,0.0,43.9,52.8,46.3,12.95,-70.98,-4.47,-66.51,0.61,333.87,400.37,,E,,14.5,101124.66,101068.51,
036HI,2024-01-15T11:35:00Z,98230.0,18.828,77.43,1.729,99.3,2.557,0.0,20.944,22.761,24.389,19.811,0.0,43.9,52.8,46.3,12.94,-71.16,-4.46,-66.7,0.58,333.82,400.52,,E,,14.77,101124.66,101068.45,
036HI,2024-01-15T11:40:00Z,98240.0,18.928,79.13,1.729,98.0,2.557,0.0,20.922,22.7,24.422,19.8,0.0,43.9,52.8,46.3,12.94,-71.19,-4.5,-66.68,0.77,334.34,401.02,,E,,15.21,101134.95,101077.75,
036HI,2024-01-15T11:45:00Z,98240.0,19.05,78.83,1.765,95.2,2.721,0.0,20.9,22.661,24.4,19.772,0.0,43.9,52.8,46.3,12.94,-71.0,-4.27,-66.73,0.8,334.7,401.43,,E,,15.27,101134.95,101076.55,
036HI,2024-01-15T11:50:00Z,98240.0,19.011,79.1,1.765,90.2,3.39,0.0,20.878,22.628,24.4,19.722,0.0,43.9,52.8,46.3,12.94,-70.82,-4.43,-66.39,0.51,334.6,400.99,,E,,15.28,101134.95,101076.93,
036HI,2024-01-15T11:55:00Z,98240.0,18.739,78.84,2.171,87.7,3.22,0.0,20.856,22.622,24.4,19.711,0.0,43.9,52.8,46.3,12.94,-70.3,-4.26,-66.04,0.24,334.66,400.7,,E,,14.97,101134.95,101079.61,
036HI,2024-01-15T12:00:00Z,98240.0,18.65,78.51,2.51,92.0,3.719,0.0,20.833,22.6,24.411,19.711,0.0,43.8,52.8,46.3,12.94,-70.72,-4.18,-66.54,0.3,333.93,400.47,,E,,14.81,101134.95,101080.49,
036HI,2024-01-15T12:05:00Z,98240.0,18.35,76.89,2.649,93.6,3.833,0.0,20.811,22.572,24.389,19.7,0.0,43.8,52.7,46.2,12.94,-70.72,-4.2,-66.52,0.0,332.96,399.48,,E,,14.2,101134.95,101083.46,
036HI,2024-01-15T12:10:00Z,98240.0,18.289,77.51,2.608,86.9,3.833,0.0,20.789,22.55,24.411,19.661,0.0,43.8,52.7,46.2,12.94,-70.25,-4.13,-66.12,0.27,333.32,399.45,,E,,14.26,101134.95,101084.06,
036HI,2024-01-15T12:15:00Z,98240.0,18.189,77.27,2.505,90.2,3.663,0.0,20.761,22.55,24.411,19.628,0.0,43.8,52.8,46.3,12.94,-69.61,-4.16,-65.46,0.22,333.5,398.95,,E,,14.12,101134.95,101085.05,
036HI,2024-01-15T12:20:00Z,98250.0,17.961,77.56,2.665,94.4,3.555,0.0,20.739,22.572,24.389,19.628,0.0,43.8,52.8,46.2,12.94,-67.78,-4.06,-63.72,0.12,334.65,398.36,,E,,13.95,101145.25,101097.6,
036HI,2024-01-15T12:25:00Z,98240.0,17.922,76.44,2.552,92.0,3.498,0.0,20.717,22.511,24.411,19.589,0.0,43.8,52.7,46.2,12.92,-66.92,-3.99,-62.92,0.31,335.03,397.96,,E,,13.69,101134.95,101087.7,
036HI,2024-01-15T12:30:00Z,98240.0,17.972,76.24,2.356,89.1,3.611,0.0,20.689,22.478,24.411,19.572,0.0,43.8,52.8,46.2,12.94,-66.0,-3.95,-62.05,0.53,335.82,397.87,,E,,13.7,101134.95,101087.2,
036HI,2024-01-15T12:35:00Z,98230.0,17.95,77.07,2.382,91.0,3.442,0.0,20.661,22.422,24.411,19.539,0.0,43.8,52.7,46.2,12.93,-65.81,-3.93,-61.88,0.5,335.91,397.8,,E,,13.84,101124.66,101077.13,
036HI,2024-01-15T12:40:00Z,98220.0,18.039,77.27,2.701,93.4,3.941,0.0,20.633,22.472,24.4,19.55,0.0,43.8,52.7,46.2,12.93,-67.68,-3.85,-63.82,0.61,334.5,398.33,,E,,13.97,101114.36,101065.95,
036HI,2024-01-15T12:45:00Z,98210.0,18.3,77.76,2.408,89.6,3.555,0.0,20.606,22.428,24.4,19.489,0.0,43.8,52.7,46.2,12.93,-69.2,-4.03,-65.16,0.79,333.72,398.88,,E,,14.32,101104.07,101053.08,
036HI,2024-01-15T12:50:00Z,98210.0,18.472,78.41,2.15,82.8,3.719,0.0,20.578,22.439,24.411,19.472,0.0,43.7,52.7,46.2,12.93,-69.5,-4.24,-65.27,0.8,333.75,399.01,,E,,14.62,101104.07,101051.38,
036HI,2024-01-15T12:55:00Z,98210.0,18.539,79.51,1.857,85.6,2.829,0.0,20.556,22.389,24.411,19.45,0.0,43.7,52.7,46.2,12.93,-68.81,-4.06,-64.75,0.68,334.5,399.25,,E,,14.9,101104.07,101050.72,
036HI,2024-01-15T13:00:00Z,98200.0,18.5,78.27,2.516,83.3,3.997,0.0,20.533,22.372,24.411,19.422,0.0,43.7,52.7,46.2,12.92,-69.53,-4.11,-65.43,0.49,333.79,399.21,,E,,14.62,101093.77,101040.81,
036HI,2024-01-15T13:05:00Z,98200.0,18.25,76.92,2.356,91.0,3.776,0.0,20.511,22.372,24.4,19.389,0.0,43.7,52.7,46.2,12.93,-69.49,-4.16,-65.33,0.14,333.06,398.4,,E,,14.11,101093.77,101043.29,
036HI,2024-01-15T13:10:00Z,98190.0,18.078,75.83,2.469,96.3,3.776,0.0,20.494,22.322,24.411,19.4,0.0,43.7,52.7,46.2,12.93,-69.25,-4.1,-65.16,0.13,332.56,397.72,,E,,13.72,101083.48,101034.7,
036HI,2024-01-15T13:15:00Z,98200.0,17.822,75.84,2.346,88.2,3.941,0.0,20.472,22.311,24.422,19.35,0.0,43.7,52.7,46.2,12.93,-67.82,-4.18,-63.64,0.03,333.21,396.85,,E,,13.47,101093.77,101047.53,
036HI,2024-01-15T13:20:00Z,98210.0,17.928,75.91,2.603,86.1,3.39,0.0,20.45,22.289,24.422,19.35,0.0,43.7,52.7,46.2,12.92,-66.33,-3.89,-62.43,0.53,334.75,397.19,,E,,13.59,101104.07,101056.77,
036HI,2024-01-15T13:25:00Z,98220.0,17.961,76.06,2.546,85.9,3.889,0.0,20.422,22.3,24.411,19.311,0.0,43.7,52.7,46.2,12.92,-66.53,-3.92,-62.61,0.48,334.62,397.23,,E,,13.65,101114.36,101066.73,
036HI,2024-01-15T13:30:00Z,98220.0,17.878,76.4,2.644,83.3,3.833,0.0,20.394,22.272,24.411,19.289,0.0,43.7,52.7,46.2,12.92,-66.93,-3.95,-62.99,0.34,333.83,396.82,,E,,13.64,101114.36,101067.55,
036HI,2024-01-15T13:35:00Z,98220.0,17.772,75.75,3.066,82.1,4.666,0.0,20.372,22.239,24.428,19.278,0.0,43.7,52.7,46.2,12.92,-66.95,-3.9,-63.05,0.33,333.51,396.56,,E,,13.4,101114.36,101068.61,
036HI,2024-01-15T13:40:00Z,98220.0,17.778,74.97,3.092,80.4,4.496,0.0,20.344,22.228,24.428,19.272,0.0,43.7,52.7,46.2,12.92,-66.31,-3.89,-62.42,0.47,333.99,396.41,,E,,13.25,101114.36,101068.55,
036HI,2024-01-15T13:45:00Z,98220.0,17.828,74.84,3.061,79.52,4.445,0.0,20.317,22.2,24.411,19.211,0.0,43.7,52.7,46.2,12.92,-65.66,-3.81,-61.86,0.53,334.6,396.45,,E,,13.27,101114.36,101068.05,
036HI,2024-01-15T13:50:00Z,98220.0,17.872,74.97,2.727,82.8,3.997,0.0,20.289,22.189,24.422,19.2,0.0,43.6,52.7,46.2,12.92,-63.74,-3.74,-60.01,0.51,336.68,396.69,,E,,13.34,101114.36,101067.62,
036HI,2024-01-15T13:55:00Z,98210.0,17.861,74.77,2.516,88.0,4.054,0.0,20.267,22.161,24.4,19.189,0.0,43.6,52.7,46.2,12.92,-66.82,-3.91,-62.91,0.46,333.48,396.39,,E,,13.29,101104.07,101057.44,
036HI,2024-01-15T14:00:00Z,98210.0,17.778,75.26,2.665,96.3,4.275,0.0,20.244,22.15,24.422,19.15,0.0,43.6,52.7,46.2,12.92,-67.33,-3.99,-63.35,0.29,332.76,396.1,,E,,13.31,101104.07,101058.26,
036HI,2024-01-15T14:05:00Z,98200.0,17.9,78.55,2.577,86.2,3.941,0.0,20.217,22.161,24.411,19.122,0.0,43.6,52.7,46.2,12.92,-67.31,-3.89,-63.42,0.62,333.48,396.9,,E,,14.09,101093.77,101046.75,
036HI,2024-01-15T14:10:00Z,98200.0,18.272,81.2,1.837,89.4,2.886,0.0,20.194,22.122,24.428,19.1,0.0,43.6,52.7,46.2,12.92,-67.57,-4.04,-63.54,0.92,334.19,397.73,,E,,14.97,101093.77,101043.06,
036HI,2024-01-15T14:15:00Z,98200.0,18.261,82.6,1.574,97.5,,0.0,20.178,22.111,24.428,19.078,0.0,43.6,52.7,46.2,12.91,-67.53,-4.24,-63.29,0.57,334.23,397.52,,E,,15.23,101093.77,101043.16,
036HI,2024-01-15T14:20:00Z,98200.0,18.25,82.3,1.492,90.7,2.444,0.0,20.167,22.078,24.428,19.039,0.0,43.6,52.7,46.2,12.91,-67.39,-4.15,-63.24,0.61,334.41,397.65,,E,,15.16,101093.77,101043.27,
036HI,2024-01-15T14:25:00Z,98210.0,18.489,81.9,1.327,91.5,1.831,0.0,20.15,22.078,24.422,19.039,0.0,43.6,52.7,46.2,12.91,-66.41,-4.04,-62.37,0.87,335.64,398.01,,E,,15.32,101104.07,101051.2,
036HI,2024-01-15T14:30:00Z,98210.0,18.539,80.3,1.446,91.4,2.279,0.0,20.133,22.039,24.428,19.022,0.0,43.6,52.7,46.2,12.91,-65.76,-3.89,-61.88,0.6,335.88,397.75,,E,,15.06,101104.07,101050.71,
036HI,2024-01-15T14:35:00Z,98210.0,18.489,79.08,2.135,91.7,3.22,0.0,20.111,22.028,24.428,19.011,0.0,43.6,52.7,46.2,12.91,-65.68,-3.76,-61.92,0.39,335.73,397.65,,E,,14.77,101104.07,101051.21,
036HI,2024-01-15T14:40:00Z,98220.0,18.2,78.11,2.495,90.7,3.39,0.0,20.094,22.022,24.439,18.989,0.0,43.6,52.7,46.2,12.9,-65.96,-3.87,-62.09,0.05,335.12,397.21,,E,,14.3,101114.36,101064.36,
036HI,2024-01-15T14:45:00Z,98210.0,17.922,77.32,2.619,91.7,3.889,0.0,20.078,22.0,24.439,19.0,0.0,43.6,52.7,46.2,12.91,-65.43,-3.86,-61.57,0.0,335.15,396.72,,E,,13.87,101104.07,101056.82,
036HI,2024-01-15T14:50:00Z,98210.0,17.728,76.77,2.464,91.8,3.776,0.0,20.061,21.989,24.45,18.95,0.0,43.6,52.7,46.2,12.91,-62.69,-3.78,-58.91,0.02,337.18,396.1,,E,,13.57,101104.07,101058.75,
036HI,2024-01-15T14:55:00Z,98210.0,17.65,77.42,2.351,95.8,3.555,0.0,20.044,21.961,24.439,18.922,0.0,43.6,52.7,46.2,12.91,-63.01,-3.74,-59.27,0.21,336.62,395.89,,E,,13.62,101104.07,101059.52,
036HI,2024-01-15T15:00:00Z,98210.0,17.661,77.67,2.284,90.8,3.442,0.0,20.022,21.939,24.422,18.911,0.0,43.6,52.7,46.2,12.9,-64.53,-3.93,-60.6,0.44,335.13,395.73,,E,,13.68,101104.07,101059.41,
036HI,2024-01-15T15:05:00Z,98210.0,17.772,77.57,2.485,91.8,3.442,0.0,20.006,21.928,24.439,18.922,0.0,43.6,52.7,46.2,12.9,-59.36,-3.61,-55.75,0.58,340.64,396.4,,E,,13.77,101104.07,101058.31,
036HI,2024-01-15T15:10:00Z,98210.0,18.178,78.89,2.053,83.3,2.943,0.0,19.983,21.911,24.439,18.889,0.0,43.6,52.6,46.2,12.91,-55.51,-3.01,-52.5,0.95,345.58,398.08,,E,,14.43,101104.07,101054.28,
036HI,2024-01-15T15:15:00Z,98210.0,18.378,79.51,1.744,96.5,2.665,0.0,19.961,21.889,24.45,18.861,0.0,43.5,52.6,46.2,12.9,-64.01,-3.71,-60.3,0.74,337.44,397.74,,E,,14.75,101104.07,101052.3,
036HI,2024-01-15T15:20:00Z,98200.0,18.311,81.7,1.641,113.1,2.387,0.0,19.944,21.878,24.45,18.85,0.0,43.5,52.6,46.2,12.91,-66.82,-4.27,-62.56,0.49,335.05,397.6,,ESE,,15.11,101093.77,101042.67,
036HI,2024-01-15T15:25:00Z,98200.0,18.428,81.9,2.047,131.4,,0.0,19.933,21.872,24.45,18.828,0.0,43.5,52.6,46.2,12.9,-68.34,-4.29,-64.05,0.91,334.4,398.45,,SE,,15.26,101093.77,101041.51,
036HI,2024-01-15T15:30:00Z,98200.0,18.55,81.7,2.12,137.9,3.334,0.0,19.922,21.872,24.45,18.822,0.0,43.5,52.6,46.2,12.9,-68.8,-4.37,-64.42,0.96,334.55,398.98,,SE,,15.34,101093.77,101040.31,
036HI,2024-01-15T15:35:00Z,98190.0,18.55,81.3,2.032,133.8,3.056,,19.911,21.822,24.45,18.822,0.0,43.5,52.6,46.2,12.9,-69.15,-4.41,-64.74,0.71,334.18,398.93,,SE,,15.26,101083.48,101030.02,
036HI,2024-01-15T15:40:00Z,98190.0,18.45,81.9,2.233,136.6,3.22,0.0,19.9,21.828,24.45,18.8,0.0,43.5,52.6,46.2,12.9,-69.31,-4.37,-64.94,0.56,333.98,398.93,,SE,,15.28,101083.48,101031.01,
036HI,2024-01-15T15:45:00Z,98180.0,18.5,81.7,2.438,136.4,3.555,0.0,19.889,21.811,24.439,18.778,0.0,43.5,52.6,46.2,12.9,-69.75,-4.22,-65.53,0.66,333.68,399.21,,SE,,15.29,101073.18,101020.22,
036HI,2024-01-15T15:50:00Z,98180.0,18.478,81.6,2.305,145.0,3.334,0.0,19.878,21.811,24.45,18.772,0.0,43.5,52.6,46.2,12.9,-69.77,-4.33,-65.44,0.61,333.82,399.26,,SE,,15.25,101073.18,101020.44,
036HI,2024-01-15T15:55:00Z,98180.0,18.5,80.8,2.274,145.9,3.22,0.0,19.867,21.778,24.45,18.761,0.0,43.5,52.6,46.2,12.9,-69.58,-4.36,-65.22,0.69,333.91,399.13,,SE,,15.12,101073.18,101020.23,
036HI,2024-01-15T16:00:00Z,98180.0,18.539,81.2,2.135,147.8,3.442,0.0,19.856,21.761,24.461,18.778,0.0,43.5,52.6,46.2,12.9,-69.87,-4.38,-65.49,0.85,333.95,399.43,,SSE,,15.23,101073.18,101019.84,
036HI,2024-01-15T16:05:00Z,98180.0,18.611,81.6,2.094,148.4,3.889,0.0,19.844,21.722,24.461,18.772,0.0,43.5,52.6,46.2,12.9,-70.21,-4.42,-65.78,0.93,334.08,399.87,,SSE,,15.38,101073.18,101019.13,
036HI,2024-01-15T16:10:00Z,98180.0,18.639,80.7,2.536,143.1,3.776,0.0,19.833,21.722,24.461,18.739,0.0,43.5,52.6,46.2,12.9,-70.58,-4.39,-66.19,0.84,333.66,399.85,,SE,,15.23,101073.18,101018.86,
036HI,2024-01-15T16:15:00Z,98180.0,18.622,80.5,2.31,143.3,3.833,0.0,19.822,21.722,24.439,18.761,0.0,43.5,52.6,46.2,12.9,-69.99,-4.39,-65.59,0.68,334.11,399.7,,SE,,15.18,101073.18,101019.03,
036HI,2024-01-15T16:20:00Z,98190.0,18.722,80.5,2.269,148.5,3.498,0.0,19.811,21.722,24.461,18.739,0.0,43.5,52.6,46.1,12.9,-69.91,-4.36,-65.55,0.86,334.38,399.93,,SSE,,15.28,101083.48,101028.33,
036HI,2024-01-15T16:25:00Z,98190.0,18.722,80.1,2.372,143.1,3.719,0.0,19.8,21.7,24.461,18.8,0.0,43.5,52.6,46.1,12.9,-69.44,-4.39,-65.06,0.72,334.82,399.88,,SE,,15.2,101083.48,101028.33,
036HI,2024-01-15T16:30:00Z,98190.0,18.75,79.87,2.469,140.8,3.611,0.0,19.789,21.672,24.461,18.75,0.0,43.5,52.6,46.1,12.89,-69.44,-4.31,-65.13,0.67,334.71,399.84,,SE,,15.18,101083.48,101028.06,
036HI,2024-01-15T16:35:00Z,98190.0,18.889,80.0,2.315,138.2,3.334,0.0,19.778,21.661,24.439,18.728,0.0,43.5,52.6,46.1,12.9,-69.29,-4.24,-65.05,0.81,335.1,400.14,,SE,,15.34,101083.48,101026.69,
036HI,2024-01-15T16:40:00Z,98190.0,18.9,80.4,2.526,139.0,4.496,0.0,19.772,21.65,24.461,18.728,0.0,43.5,52.6,46.1,12.89,-69.04,-4.17,-64.87,0.67,335.58,400.45,,SE,,15.43,101083.48,101026.58,
036HI,2024-01-15T16:45:00Z,98190.0,19.011,80.4,2.33,139.8,3.719,0.0,19.761,21.622,24.472,18.722,0.0,43.5,52.6,46.1,12.9,-69.58,-4.28,-65.3,0.83,335.55,400.85,,SE,,15.54,101083.48,101025.48,
036HI,2024-01-15T16:50:00Z,98190.0,18.9,80.3,2.125,133.0,,0.0,19.75,21.622,24.461,18.728,0.0,43.5,52.6,46.1,12.89,-68.92,-4.11,-64.82,0.52,335.62,400.44,,SE,,15.41,101083.48,101026.58,
036HI,2024-01-15T16:55:00Z,98190.0,18.972,80.5,2.583,135.5,3.776,0.0,19.744,21.611,24.461,18.689,0.0,43.5,52.6,46.1,12.89,-68.47,-3.5,-64.97,0.75,335.81,400.78,,SE,,15.52,101083.48,101025.87,
036HI,2024-01-15T17:00:00Z,98190.0,19.05,80.5,3.02,135.3,4.553,0.0,19.739,21.6,24.461,18.722,0.0,43.5,52.6,46.1,12.89,-66.46,-2.3,-64.16,0.85,337.32,401.47,,SE,,15.6,101083.48,101025.1,
036HI,2024-01-15T17:05:00Z,98200.0,19.25,80.8,3.169,137.7,5.278,0.3,19.728,21.589,24.461,18.7,0.0,43.4,52.6,46.1,12.89,-66.55,-0.83,-65.73,1.13,336.67,402.4,,SE,,15.85,101093.77,101033.42,
036HI,2024-01-15T17:10:00Z,98200.0,19.289,80.6,2.917,139.9,4.496,2.4,19.722,21.578,24.461,18.7,0.0,43.4,52.6,46.1,12.89,-63.08,1.27,-64.35,1.13,338.52,402.87,,SE,,15.85,101093.77,101033.04,
036HI,2024-01-15T17:15:00Z,98210.0,19.3,81.2,2.459,146.3,4.332,5.41,19.717,21.561,24.461,18.7,0.0,43.4,52.6,46.1,12.89,-54.9,4.13,-59.03,1.27,344.5,403.53,,SSE,,15.98,101104.07,101043.22,
036HI,2024-01-15T17:20:00Z,98210.0,19.25,81.0,2.701,138.6,3.997,8.14,19.717,21.539,24.461,18.711,0.0,43.4,52.6,46.1,12.88,-59.08,6.76,-65.83,1.38,337.31,403.15,,SE,,15.89,101104.07,101043.71,
036HI,2024-01-15T17:25:00Z,98210.0,19.239,81.9,2.68,143.9,4.054,11.77,19.717,21.55,24.461,18.689,0.0,43.4,52.6,46.1,12.88,-56.03,10.03,-66.06,1.74,337.4,403.46,,SE,,16.05,101104.07,101043.82,
036HI,2024-01-15T17:30:00Z,98210.0,19.228,81.8,2.392,141.1,3.611,14.98,19.717,21.539,24.472,18.7,0.0,43.4,52.6,46.1,12.88,-52.63,13.06,-65.69,1.92,337.87,403.56,,SE,,16.02,101104.07,101043.92,
036HI,2024-01-15T17:35:00Z,98210.0,19.261,81.1,2.675,137.8,4.275,17.63,19.717,21.511,24.461,18.711,0.0,43.4,52.6,46.1,12.88,-52.34,15.41,-67.75,2.21,335.95,403.71,,SE,,15.92,101104.07,101043.6,
036HI,2024-01-15T17:40:00Z,98210.0,19.35,80.4,2.408,135.6,3.889,21.11,19.717,21.489,24.472,18.722,0.0,43.4,52.5,46.1,12.88,-49.21,18.66,-67.88,2.45,336.04,403.91,,SE,,15.87,101104.07,101042.73,
036HI,2024-01-15T17:45:00Z,98220.0,19.322,80.6,2.51,142.4,3.776,25.37,19.717,21.489,24.461,18.75,0.0,43.4,52.5,46.1,12.89,-44.76,22.65,-67.41,2.72,336.79,404.2,,SE,,15.88,101114.36,101053.29,
036HI,2024-01-15T17:50:00Z,98230.0,19.289,80.7,1.975,141.7,3.498,34.32,19.717,21.472,24.472,18.722,0.0,43.4,52.5,46.1,12.9,-34.85,30.73,-65.58,3.59,338.89,404.47,,SE,,15.87,101124.66,101063.91,
036HI,2024-01-15T17:55:00Z,98230.0,19.422,80.9,2.747,144.0,4.717,60.03,19.722,21.472,24.478,18.739,0.0,43.4,52.5,46.1,12.95,0.52,53.43,-52.92,6.59,353.87,406.78,,SE,,16.04,101124.66,101062.6,
036HI,2024-01-15T18:00:00Z,98240.0,19.7,80.4,2.382,147.6,4.388,67.13,19.733,21.45,24.461,18.739,0.0,43.4,52.5,46.1,12.98,2.38,59.88,-57.5,7.26,350.94,408.44,,SSE,,16.21,101134.95,101070.17,
036HI,2024-01-15T18:05:00Z,98240.0,19.778,80.5,1.929,147.1,3.39,174.39,19.744,21.45,24.472,18.772,0.0,43.4,52.5,46.1,13.2,99.46,161.26,-61.8,13.13,347.08,408.88,,SSE,,16.31,101134.95,101069.4,
036HI,2024-01-15T18:10:00Z,98240.0,19.878,79.75,1.636,143.3,3.056,192.44,19.756,21.439,24.472,18.739,0.0,43.4,52.5,46.1,13.39,108.81,175.86,-67.05,16.57,343.3,410.36,,SE,,16.26,101134.95,101068.43,
036HI,2024-01-15T18:15:00Z,98240.0,20.028,79.76,2.361,150.0,3.889,216.71,19.767,21.428,24.472,18.789,0.0,43.4,52.5,46.1,13.58,129.14,195.86,-66.73,20.84,346.16,412.89,,SSE,,16.4,101134.95,101066.96,
036HI,2024-01-15T18:20:00Z,98240.0,20.228,79.07,2.207,152.8,4.666,231.87,19.789,21.422,24.472,18.811,0.0,43.5,52.5,46.1,13.67,140.87,208.98,-68.11,22.9,347.19,415.3,,SSE,,16.46,101134.95,101065.01,
036HI,2024-01-15T18:25:00Z,98230.0,20.361,78.33,2.804,161.8,4.388,261.22,19.822,21.411,24.472,18.828,0.0,43.5,52.5,46.1,13.64,162.0,234.89,-72.89,26.33,344.25,417.14,,SSE,,16.44,101124.66,101053.43,
036HI,2024-01-15T18:30:00Z,98230.0,20.55,77.66,3.082,164.4,5.108,289.4,19.861,21.389,24.472,18.878,0.0,43.5,52.5,46.1,13.64,190.48,259.93,-69.45,29.47,350.38,419.83,,SSE,,16.49,101124.66,101051.59,
036HI,2024-01-15T18:35:00Z,98230.0,20.661,77.07,2.979,159.1,4.445,307.4,19.906,21.378,24.478,18.9,0.0,43.4,52.5,46.1,13.64,203.89,276.01,-72.12,31.4,349.29,421.41,,SSE,,16.48,101124.66,101050.51,
036HI,2024-01-15T18:40:00Z,98220.0,20.922,77.7,2.562,177.5,4.445,309.85,19.95,21.361,24.472,18.95,0.0,43.5,52.5,46.1,13.64,197.72,278.12,-80.41,31.73,343.34,423.75,,S,,16.86,101114.36,101037.68,
036HI,2024-01-15T18:45:00Z,98220.0,21.2,78.11,2.963,180.9,5.278,327.38,19.989,21.361,24.472,18.978,0.0,43.5,52.5,46.1,13.64,209.98,293.96,-83.98,33.42,342.09,426.07,,S,,17.21,101114.36,101034.99,
036HI,2024-01-15T18:50:00Z,98210.0,21.3,77.76,3.123,180.6,5.165,347.25,20.039,21.361,24.478,19.028,0.0,43.5,52.5,46.1,13.65,226.58,311.82,-85.24,35.44,342.44,427.67,,S,,17.24,101104.07,101023.73,
036HI,2024-01-15T18:55:00Z,98210.0,21.428,77.08,3.051,182.3,5.052,366.33,20.111,21.361,24.461,19.05,0.0,43.5,52.5,46.1,13.65,241.99,328.77,-86.78,37.56,342.59,429.37,,S,,17.22,101104.07,101022.5,
036HI,2024-01-15T19:00:00Z,98220.0,21.589,76.34,3.087,188.6,5.721,385.51,20.183,21.339,24.461,19.1,0.0,43.5,52.5,46.1,13.65,257.44,345.95,-88.51,39.56,343.11,431.62,,S,,17.23,101114.36,101031.23,
036HI,2024-01-15T19:05:00Z,98220.0,21.689,75.38,3.246,183.5,6.554,406.32,20.239,21.339,24.461,19.122,0.0,43.5,52.5,46.1,13.64,273.99,364.49,-90.49,41.83,342.81,433.3,,S,,17.12,101114.36,101030.27,
036HI,2024-01-15T19:10:00Z,98220.0,21.789,73.45,4.486,170.9,6.832,426.95,20.283,21.35,24.478,19.178,0.0,43.5,52.5,46.1,13.63,292.46,382.82,-90.37,44.12,343.48,433.84,,S,,16.81,101114.36,101029.31,
036HI,2024-01-15T19:15:00Z,98220.0,21.811,74.05,3.74,181.8,6.22,445.97,20.317,21.322,24.461,19.289,0.0,43.5,52.5,46.1,13.63,309.07,399.86,-90.79,46.11,344.59,435.38,,S,,16.96,101114.36,101029.09,
036HI,2024-01-15T19:20:00Z,98220.0,21.922,74.19,3.277,187.3,5.777,462.35,20.361,21.328,24.461,19.311,0.0,43.5,52.5,46.1,13.63,321.36,414.84,-93.47,47.51,344.48,437.95,,S,,17.1,101114.36,101028.02,
036HI,2024-01-15T19:25:00Z,98220.0,22.028,73.77,3.02,190.0,6.106,480.09,20.422,21.35,24.472,19.35,0.0,43.6,52.5,46.1,13.63,335.47,430.88,-95.42,49.2,344.85,440.27,,S,,17.11,101114.36,101027.0,
036HI,2024-01-15T19:30:00Z,98220.0,22.178,73.46,3.061,187.0,5.885,496.2,20.511,21.339,24.478,19.472,0.0,43.6,52.5,46.1,13.63,348.7,445.86,-97.16,50.34,345.53,442.69,,S,,17.19,101114.36,101025.56,
036HI,2024-01-15T19:35:00Z,98220.0,22.278,73.0,3.73,185.6,6.554,513.94,20.6,21.328,24.478,19.561,0.0,43.6,52.5,46.1,13.6,363.62,461.69,-98.07,52.24,345.7,443.77,,S,,17.18,101114.36,101024.6,
036HI,2024-01-15T19:40:00Z,98220.0,22.35,72.87,3.097,189.4,6.384,531.95,20.683,21.328,24.472,19.661,0.0,43.6,52.5,46.1,13.61,378.14,478.02,-99.88,53.93,345.96,445.84,,S,,17.23,101114.36,101023.91,
036HI,2024-01-15T19:45:00Z,98220.0,22.5,72.54,3.611,185.1,6.662,549.73,20.778,21.339,24.472,19.772,0.0,43.6,52.5,46.1,13.61,392.23,493.97,-101.74,55.76,346.63,448.37,,S,,17.3,101114.36,101022.47,
036HI,2024-01-15T19:50:00Z,98210.0,22.639,71.74,3.93,180.3,6.996,566.63,20.883,21.339,24.422,19.9,0.0,43.6,52.5,46.1,13.61,407.0,509.01,-102.01,57.62,347.43,449.44,,S,,17.26,101104.07,101010.85,
036HI,2024-01-15T19:55:00Z,98200.0,22.611,72.23,4.085,192.9,6.996,582.12,20.983,21.339,24.472,19.989,0.0,43.6,52.5,46.1,13.61,419.1,523.39,-104.29,58.73,346.89,451.19,,SSW,,17.34,101093.77,101000.83,
036HI,2024-01-15T20:00:00Z,98200.0,22.578,73.01,3.894,184.1,6.775,598.35,21.089,21.339,24.472,20.172,0.0,43.7,52.4,46.1,13.61,433.25,537.68,-104.43,60.67,347.84,452.27,,S,,17.48,101093.77,101001.14,
036HI,2024-01-15T20:05:00Z,98200.0,22.639,72.5,3.226,192.3,7.166,612.27,21.194,21.328,24.428,20.272,0.0,43.7,52.4,46.1,13.61,442.72,550.55,-107.84,61.72,347.93,455.77,,SSW,,17.42,101093.77,101000.56,
036HI,2024-01-15T20:10:00Z,98210.0,22.678,72.56,3.822,185.1,6.554,627.5,21.311,21.339,24.472,20.4,0.0,43.7,52.4,46.1,13.6,456.25,564.11,-107.86,63.39,348.48,456.34,,S,,17.47,101104.07,101010.47,
036HI,2024-01-15T20:15:00Z,98200.0,22.789,72.33,3.791,189.9,6.719,641.87,21.417,21.372,24.472,20.528,0.0,43.8,52.4,46.1,13.59,466.29,577.12,-110.83,64.75,348.46,459.29,,S,,17.53,101093.77,100999.12,
036HI,2024-01-15T20:20:00Z,98200.0,22.828,72.48,3.143,192.6,6.384,657.41,21.533,21.378,24.478,20.672,0.0,43.8,52.4,46.1,13.59,478.77,591.29,-112.51,66.12,349.04,461.55,,SSW,,17.6,101093.77,100998.75,
036HI,2024-01-15T20:25:00Z,98200.0,22.922,72.06,2.881,191.2,5.664,675.98,21.644,21.4,24.472,20.839,0.0,43.8,52.4,46.1,13.59,494.07,607.92,-113.85,68.06,350.47,464.32,,S,,17.6,101093.77,100997.85,
036HI,2024-01-15T20:30:00Z,98200.0,22.978,71.46,3.256,193.2,5.607,694.36,21.772,21.4,24.45,20.95,0.0,43.8,52.4,46.1,13.59,508.94,624.73,-115.79,69.63,350.53,466.33,,SSW,,17.52,101093.77,100997.32,
036HI,2024-01-15T20:35:00Z,98190.0,22.878,72.97,3.287,189.4,5.721,679.01,21.9,21.411,24.472,21.122,0.0,43.9,52.4,46.1,13.59,495.61,611.07,-115.46,67.94,351.52,466.99,,S,,17.76,101083.48,100987.98,
036HI,2024-01-15T20:40:00Z,98180.0,23.172,72.48,3.37,186.5,5.607,716.79,22.017,21.428,24.478,21.278,0.0,43.9,52.4,46.1,13.59,525.58,644.21,-118.64,72.58,353.4,472.04,,S,,17.93,101073.18,100974.89,
036HI,2024-01-15T20:45:00Z,98170.0,23.239,70.9,2.804,187.2,5.607,721.11,22.15,21.428,24.472,21.461,0.0,43.9,52.4,46.1,13.59,526.73,648.44,-121.72,72.67,351.24,472.96,,S,,17.65,101062.89,100963.97,
036HI,2024-01-15T20:50:00Z,98160.0,23.411,70.46,3.004,184.2,5.551,732.55,22.283,21.45,24.472,21.622,0.0,44.0,52.4,46.1,13.58,536.26,658.73,-122.47,73.82,352.52,474.99,,S,,17.71,101052.59,100952.04,
036HI,2024-01-15T20:55:00Z,98150.0,23.561,69.77,2.449,193.7,5.998,739.35,22.417,21.472,24.472,21.8,0.0,44.0,52.4,46.1,13.58,539.64,665.03,-125.38,74.32,352.33,477.71,,SSW,,17.7,101042.3,100940.33,
036HI,2024-01-15T21:00:00Z,98140.0,23.472,70.14,3.251,190.0,6.333,750.38,22.55,21.511,24.478,21.961,0.0,44.0,52.4,46.1,13.57,550.59,675.14,-124.56,75.23,352.66,477.21,,S,,17.7,101032.0,100930.89,
036HI,2024-01-15T21:05:00Z,98130.0,23.439,70.2,2.912,191.2,6.775,762.49,22.672,21.539,24.472,22.15,0.0,44.0,52.4,46.1,13.58,558.4,685.69,-127.3,76.8,352.5,479.79,,S,,17.68,101021.71,100920.92,
036HI,2024-01-15T21:10:00Z,98120.0,23.4,70.95,2.876,189.4,6.775,740.13,22.806,21.561,24.472,22.328,0.0,44.1,52.4,46.0,13.58,539.17,665.65,-126.48,74.48,353.08,479.56,,S,,17.81,101011.42,100911.01,
036HI,2024-01-15T21:15:00Z,98110.0,23.422,71.74,3.138,193.2,7.439,789.36,22.928,21.589,24.478,22.522,0.0,44.1,52.4,46.0,13.57,580.76,709.43,-128.67,79.93,353.65,482.32,,SSW,,18.01,101001.12,100900.51,
036HI,2024-01-15T21:20:00Z,98110.0,23.539,71.12,2.68,194.1,6.22,803.92,23.061,21.55,24.472,22.7,0.0,44.1,52.4,46.0,13.57,591.89,722.29,-130.4,81.63,355.45,485.85,,SSW,,17.98,101001.12,100899.4,
036HI,2024-01-15T21:25:00Z,98100.0,23.6,71.77,3.344,187.5,6.22,795.62,23.206,21.639,24.472,22.85,0.0,44.2,52.4,46.0,13.58,586.15,715.24,-129.09,80.38,357.88,486.97,,S,,18.19,100990.83,100888.53,
036HI,2024-01-15T21:30:00Z,98090.0,23.439,72.12,3.323,193.0,6.276,677.3,23.339,21.672,24.45,23.05,0.0,44.2,52.4,46.0,13.57,489.22,610.09,-120.87,67.21,362.08,482.95,,SSW,,18.11,100980.53,100879.78,
036HI,2024-01-15T21:35:00Z,98070.0,23.439,72.31,2.773,193.7,6.719,822.51,23.444,21.711,24.478,23.239,0.0,44.3,52.4,46.0,13.58,613.06,738.9,-125.84,83.61,361.69,487.53,,SSW,,18.15,100959.94,100859.21,
036HI,2024-01-15T21:40:00Z,98070.0,23.572,71.68,2.315,190.0,5.829,840.61,23.561,21.739,24.461,23.378,0.0,44.3,52.4,46.0,13.57,623.72,755.11,-131.39,85.51,359.09,490.48,,S,,18.14,100959.94,100857.94,
036HI,2024-01-15T21:45:00Z,98060.0,23.528,71.74,3.622,192.2,6.996,784.95,23.7,21.722,24.461,23.561,0.0,44.3,52.4,46.0,13.56,583.06,706.01,-122.95,78.94,367.19,490.13,,SSW,,18.11,100949.65,100848.08,
036HI,2024-01-15T21:50:00Z,98050.0,23.65,71.87,3.046,190.8,6.163,825.37,23.828,21.811,24.472,23.772,0.0,44.4,52.4,46.0,13.57,607.82,741.49,-133.67,83.87,361.57,495.24,,S,,18.26,100939.35,100836.63,
036HI,2024-01-15T21:55:00Z,98040.0,23.8,71.3,3.678,186.9,7.994,881.26,23.972,21.822,24.472,23.911,0.0,44.4,52.4,46.0,13.56,657.26,790.75,-133.49,90.51,363.84,497.33,,S,,18.28,100929.06,100824.93,
036HI,2024-01-15T22:00:00Z,98030.0,23.711,70.88,3.632,188.6,6.441,823.25,24.117,21.872,24.45,24.111,0.0,44.4,52.4,46.0,13.56,601.56,738.79,-137.23,84.45,359.16,496.39,,S,,18.1,100918.76,100815.49,
036HI,2024-01-15T22:05:00Z,98010.0,23.772,71.28,3.107,194.7,6.055,797.93,24.25,21.878,24.478,24.3,0.0,44.5,52.4,46.0,13.56,577.71,715.91,-138.19,82.02,358.21,496.4,,SSW,,18.24,100898.17,100794.34,
036HI,2024-01-15T22:10:00Z,98000.0,23.822,71.62,3.03,192.9,6.497,872.54,24.372,21.961,24.461,24.522,0.0,44.5,52.4,46.0,13.56,642.22,782.32,-140.09,90.22,360.16,500.25,,SSW,,18.37,100887.88,100783.58,
036HI,2024-01-15T22:15:00Z,98000.0,23.961,70.81,3.776,189.0,7.609,885.64,24.506,21.978,24.461,24.672,0.0,44.5,52.4,46.0,13.56,654.07,793.82,-139.75,91.82,363.15,502.9,,S,,18.32,100887.88,100782.26,
036HI,2024-01-15T22:20:00Z,98000.0,23.889,70.83,3.123,194.0,5.443,881.3,24.656,22.022,24.461,24.872,0.0,44.6,52.4,46.0,13.56,647.29,789.41,-142.12,91.89,362.06,504.18,,SSW,,18.26,100887.88,100782.95,
036HI,2024-01-15T22:25:00Z,97990.0,24.2,70.51,2.613,194.5,6.605,882.19,24.794,22.072,24.472,25.072,0.0,44.6,52.4,46.0,13.56,644.75,789.67,-144.92,92.52,363.25,508.17,,SSW,,18.48,100877.58,100769.71,
036HI,2024-01-15T22:30:00Z,97980.0,24.111,71.14,3.869,192.1,6.333,904.05,24.939,22.1,24.461,25.261,0.0,44.7,52.3,46.0,13.56,668.66,809.42,-140.76,94.63,367.59,508.36,,SSW,,18.54,100867.29,100760.27,
036HI,2024-01-15T22:35:00Z,97970.0,24.122,71.42,3.951,188.2,6.775,930.26,25.083,22.161,24.472,25.439,0.0,44.7,52.3,46.0,13.56,692.23,831.63,-139.4,98.63,372.31,511.71,,S,,18.61,100857.0,100749.88,
036HI,2024-01-15T22:40:00Z,97960.0,23.922,71.53,3.853,191.7,7.11,705.21,25.233,22.2,24.461,25.639,0.0,44.7,52.4,46.0,13.56,505.15,631.51,-126.36,73.69,377.58,503.95,,SSW,,18.45,100846.7,100741.49,
036HI,2024-01-15T22:45:00Z,97950.0,23.272,73.47,2.613,192.2,5.551,463.46,25.311,22.272,24.45,25.872,0.0,44.8,52.3,46.0,13.56,310.99,417.15,-106.16,46.31,381.71,487.87,,SSW,,18.25,100836.41,100737.38,
036HI,2024-01-15T22:50:00Z,97940.0,23.028,74.5,3.328,191.5,6.719,513.6,25.311,22.3,24.461,26.039,0.0,44.8,52.3,46.0,13.56,362.18,460.24,-98.06,53.36,383.72,481.78,,SSW,,18.23,100826.11,100729.42,
036HI,2024-01-15T22:55:00Z,97920.0,23.428,73.93,3.159,191.3,6.055,927.82,25.328,22.322,24.45,26.139,0.0,44.8,52.3,46.0,13.56,689.19,827.89,-138.7,99.93,366.81,505.51,,SSW,,18.5,100805.52,100705.04,
036HI,2024-01-15T23:00:00Z,97900.0,23.839,72.42,3.689,190.1,6.276,879.83,25.461,22.411,24.461,26.25,0.0,44.8,52.3,46.0,13.56,639.98,785.75,-145.76,94.08,360.63,506.39,,S,,18.56,100784.93,100680.57,
036HI,2024-01-15T23:05:00Z,97890.0,23.878,72.02,4.008,190.5,7.274,866.0,25.6,22.472,24.45,26.328,0.0,44.9,52.3,46.0,13.56,634.95,774.16,-139.21,91.84,368.17,507.38,,S,,18.51,100774.64,100669.92,
036HI,2024-01-15T23:10:00Z,97880.0,23.889,71.61,4.208,192.3,7.83,739.19,25.733,22.511,24.472,26.478,0.0,44.9,52.3,46.0,13.56,513.21,661.26,-148.05,77.93,356.76,504.81,,SSW,,18.43,100764.34,100659.53,
036HI,2024-01-15T23:15:00Z,97870.0,23.411,72.73,5.067,174.1,8.771,495.93,25.822,22.55,24.461,26.639,0.0,44.9,52.3,46.0,13.56,330.2,444.63,-114.43,51.3,369.9,484.33,,S,,18.22,100754.05,100653.78,
036HI,2024-01-15T23:20:00Z,97860.0,23.622,71.6,3.668,191.3,7.495,866.77,25.839,22.622,24.472,26.75,0.0,44.9,52.3,46.0,13.56,633.28,773.46,-140.18,93.31,360.07,500.25,,SSW,,18.17,100743.75,100641.5,
036HI,2024-01-15T23:25:00Z,97860.0,23.678,71.12,4.121,192.4,7.886,882.46,25.928,22.65,24.461,26.85,0.0,45.0,52.3,46.0,13.56,643.77,788.08,-144.3,94.39,362.09,506.39,,SSW,,18.12,100743.75,100640.97,
036HI,2024-01-15T23:30:00Z,97850.0,23.678,71.16,4.63,190.7,8.272,807.06,26.044,22.722,24.45,26.95,0.0,45.0,52.3,46.0,13.55,575.17,720.75,-145.58,86.3,357.54,503.12,,S,,18.13,100733.46,100630.69,
036HI,2024-01-15T23:35:00Z,97850.0,23.639,71.57,4.059,194.8,8.442,825.7,26.144,22.778,24.45,27.039,0.0,45.0,52.4,46.0,13.56,590.16,737.22,-147.06,88.48,356.5,503.56,,SSW,,18.18,100733.46,100631.05,
036HI,2024-01-15T23:40:00Z,97840.0,23.678,71.77,4.728,189.2,8.55,819.22,26.239,22.811,24.45,27.139,0.0,45.0,52.3,46.0,13.56,583.84,730.94,-147.1,88.28,356.81,503.91,,S,,18.26,100723.16,100620.4,
036HI,2024-01-15T23:45:00Z,97840.0,23.761,71.43,4.496,186.8,7.274,806.75,26.322,22.878,24.439,27.289,0.0,45.1,52.3,46.0,13.56,571.91,719.52,-147.61,87.23,355.81,503.43,,S,,18.27,100723.16,100619.61,
036HI,2024-01-15T23:50:00Z,97830.0,23.689,71.85,4.27,188.5,7.83,819.03,26.406,22.922,24.461,27.411,0.0,45.1,52.3,46.0,13.56,584.06,730.37,-146.31,88.66,358.35,504.65,,S,,18.29,100712.87,100610.01,
036HI,2024-01-15T23:55:00Z,97830.0,23.522,72.63,4.362,189.8,8.55,814.42,26.489,22.978,24.439,27.522,0.0,45.1,52.3,46.0,13.56,581.51,726.14,-144.63,88.28,359.6,504.23,,S,,18.3,100712.87,100611.59,
036HI,2024-01-16T00:00:00Z,97830.0,23.528,72.21,4.805,188.3,7.943,822.31,26.567,23.039,24.439,27.639,0.0,45.1,52.3,46.0,13.56,588.22,732.2,-143.99,90.11,359.57,503.56,,S,,18.22,100712.87,100611.54,
036HI,2024-01-16T00:05:00Z,97820.0,23.55,72.2,4.959,189.8,9.44,693.65,26.65,23.089,24.472,27.739,0.0,45.1,52.3,46.0,13.56,481.89,617.83,-135.94,75.82,365.15,501.09,,S,,18.24,100702.58,100601.04,
036HI,2024-01-16T00:10:00Z,97830.0,23.672,71.48,3.611,195.1,6.996,759.18,26.711,23.128,24.45,27.85,0.0,45.2,52.3,46.0,13.56,537.67,674.6,-136.93,84.58,365.9,502.83,,SSW,,18.19,100712.87,100610.17,
036HI,2024-01-16T00:15:00Z,97820.0,23.528,70.88,4.152,190.9,7.994,705.0,26.767,23.189,24.461,27.928,0.0,45.2,52.3,46.0,13.56,501.3,627.63,-126.34,77.36,373.44,499.78,,S,,17.92,100702.58,100601.26,
036HI,2024-01-16T00:20:00Z,97820.0,23.639,70.65,3.956,193.0,7.166,785.16,26.811,23.239,24.45,28.028,0.0,45.2,52.3,46.0,13.57,566.09,697.77,-131.68,87.4,371.68,503.36,,SSW,,17.97,100702.58,100600.21,
036HI,2024-01-16T00:25:00Z,97820.0,23.628,70.56,5.371,185.4,8.771,738.83,26.872,23.289,24.428,28.15,0.0,45.2,52.3,46.0,13.57,536.68,657.71,-121.02,81.12,380.8,501.83,,S,,17.94,100702.58,100600.31,
036HI,2024-01-16T00:30:00Z,97820.0,23.878,69.54,3.488,191.8,7.552,794.88,26.933,23.328,24.45,28.2,0.0,45.2,52.3,46.0,13.57,577.08,705.83,-128.75,89.06,377.86,506.61,,SSW,,17.95,100702.58,100597.94,
036HI,2024-01-16T00:35:00Z,97820.0,23.8,69.86,4.419,190.6,9.219,728.46,27.006,23.411,24.439,28.261,0.0,45.2,52.3,46.0,13.57,515.48,647.35,-131.87,81.11,372.2,504.06,,S,,17.95,100702.58,100598.68,
036HI,2024-01-16T00:40:00Z,97810.0,23.761,69.5,4.579,188.2,8.72,689.84,27.061,23.45,24.439,28.322,0.0,45.2,52.3,46.0,13.57,479.06,612.41,-133.35,77.43,367.11,500.46,,S,,17.83,100692.28,100588.77,
036HI,2024-01-16T00:45:00Z,97810.0,23.739,69.08,5.016,187.1,8.612,708.78,27.111,23.511,24.439,28.422,0.0,45.3,52.3,46.0,13.56,494.55,628.27,-133.72,80.51,366.95,500.68,,S,,17.71,100692.28,100588.98,
036HI,2024-01-16T00:50:00Z,97810.0,23.811,69.42,4.738,186.0,8.221,690.59,27.167,23.539,24.439,28.489,0.0,45.3,52.3,46.0,13.57,475.45,611.5,-136.04,79.1,366.45,502.5,,S,,17.86,100692.28,100588.3,
036HI,2024-01-16T00:55:00Z,97810.0,23.711,69.52,5.036,185.3,8.55,679.46,27.228,23.589,24.428,28.578,0.0,45.3,52.3,46.0,13.57,465.33,600.8,-135.47,78.66,365.35,500.82,,S,,17.79,100692.28,100589.24,
036HI,2024-01-16T01:00:00Z,97810.0,23.772,69.3,4.46,188.3,8.658,658.18,27.283,23.65,24.439,28.678,0.0,45.3,52.3,46.0,13.57,440.24,580.96,-140.71,77.22,359.18,499.89,,S,,17.8,100692.28,100588.67,
036HI,2024-01-16T01:05:00Z,97810.0,23.622,69.38,4.435,187.1,9.162,639.85,27.328,23.689,24.45,28.711,0.0,45.3,52.3,46.0,13.55,426.26,564.49,-138.23,75.37,358.67,496.89,,S,,17.67,100692.28,100590.09,
036HI,2024-01-16T01:10:00Z,97810.0,23.689,69.05,4.435,191.3,7.717,628.31,27.372,23.728,24.428,28.761,0.0,45.3,52.3,45.9,13.56,416.32,553.37,-137.05,74.94,360.65,497.7,,SSW,,17.66,100692.28,100589.45,
036HI,2024-01-16T01:15:00Z,97820.0,23.628,68.86,5.16,185.9,9.162,600.08,27.411,23.8,24.428,28.811,0.0,45.3,52.3,46.0,13.57,390.01,527.76,-137.74,72.33,356.75,494.5,,S,,17.56,100702.58,100600.32,
036HI,2024-01-16T01:20:00Z,97820.0,23.539,69.73,5.577,181.0,8.941,594.49,27.433,23.85,24.439,28.85,0.0,45.3,52.3,45.9,13.57,390.58,521.91,-131.33,72.58,360.73,492.06,,S,,17.67,100702.58,100601.16,
036HI,2024-01-16T01:25:00Z,97820.0,23.639,70.1,5.072,184.9,9.219,577.76,27.444,23.9,24.428,28.889,0.0,45.3,52.3,46.0,13.56,376.44,506.33,-129.88,71.44,360.82,490.7,,S,,17.85,100702.58,100600.21,
036HI,2024-01-16T01:30:00Z,97820.0,23.778,70.35,3.617,189.7,7.439,606.21,27.456,23.928,24.422,28.911,0.0,45.3,52.3,46.0,13.57,412.39,531.45,-119.06,74.76,375.03,494.09,,S,,18.04,100702.58,100598.89,
036HI,2024-01-16T01:35:00Z,97820.0,23.839,69.46,3.565,192.0,7.495,599.41,27.472,23.95,24.428,28.928,0.0,45.3,52.3,46.0,13.57,405.24,525.28,-120.04,74.14,376.61,496.66,,SSW,,17.9,100702.58,100598.31,
036HI,2024-01-16T01:40:00Z,97810.0,23.65,69.63,5.186,190.0,7.717,521.69,27.506,24.011,24.428,28.939,0.0,45.3,52.3,46.0,13.57,323.25,455.47,-132.23,66.22,358.33,490.55,,S,,17.75,100692.28,100589.82,
036HI,2024-01-16T01:45:00Z,97820.0,23.511,71.09,5.0,184.0,9.162,509.48,27.522,24.072,24.422,28.978,0.0,45.3,52.3,45.9,13.57,315.22,443.78,-128.56,65.7,359.76,488.32,,S,,17.95,100702.58,100601.42,
036HI,2024-01-16T01:50:00Z,97820.0,23.478,70.91,4.625,188.9,9.219,500.72,27.533,24.1,24.422,29.022,0.0,45.3,52.3,45.9,13.57,312.14,435.16,-123.02,65.56,364.26,487.28,,S,,17.88,100702.58,100601.73,
036HI,2024-01-16T01:55:00Z,97820.0,23.389,71.68,4.934,190.6,7.83,475.33,27.539,24.139,24.422,28.972,0.0,45.3,52.3,45.9,13.57,286.68,411.92,-125.24,63.42,359.62,484.86,,S,,17.97,100702.58,100602.58,
036HI,2024-01-16T02:00:00Z,97820.0,23.339,71.0,3.997,194.9,7.943,456.48,27.544,24.189,24.428,28.961,0.0,45.3,52.3,45.9,13.57,271.5,395.02,-123.52,61.46,360.72,484.25,,SSW,,17.77,100702.58,100603.05,
036HI,2024-01-16T02:05:00Z,97820.0,23.411,70.45,4.651,189.8,7.11,426.41,27.539,24.211,24.428,28.95,0.0,45.3,52.3,45.9,13.57,240.42,367.48,-127.06,58.93,354.71,481.77,,S,,17.71,100702.58,100602.37,
036HI,2024-01-16T02:10:00Z,97820.0,23.278,71.08,4.99,189.9,9.162,407.2,27.528,24.25,24.428,28.961,0.0,45.3,52.3,45.9,13.57,224.38,349.82,-125.44,57.38,352.79,478.22,,S,,17.72,100702.58,100603.63,
036HI,2024-01-16T02:15:00Z,97820.0,23.222,71.78,4.1,191.3,8.499,387.25,27.517,24.328,24.422,28.928,0.0,45.2,52.3,45.9,13.57,207.74,331.21,-123.47,56.05,352.93,476.4,,SSW,,17.83,100702.58,100604.16,
036HI,2024-01-16T02:20:00Z,97830.0,23.222,71.83,4.141,186.9,7.886,371.89,27.494,24.339,24.411,28.9,0.0,45.2,52.3,45.9,13.57,196.39,317.02,-120.62,54.88,355.09,475.71,,S,,17.84,100712.87,100614.45,
036HI,2024-01-16T02:25:00Z,97830.0,23.25,70.9,5.335,181.3,8.998,351.07,27.467,24.372,24.422,28.828,0.0,45.2,52.3,45.9,13.57,178.46,298.16,-119.7,52.91,353.09,472.79,,S,,17.66,100712.87,100614.19,
036HI,2024-01-16T02:30:00Z,97830.0,23.272,71.03,5.144,185.8,8.55,331.47,27.433,24.411,24.422,28.789,0.0,45.2,52.3,45.9,13.57,162.21,280.06,-117.85,51.41,352.85,470.69,,S,,17.71,100712.87,100613.98,
036HI,2024-01-16T02:35:00Z,97840.0,23.078,71.45,4.825,190.0,9.111,309.28,27.4,24.439,24.411,28.722,0.0,45.2,52.3,45.9,13.57,141.88,260.29,-118.42,48.99,351.1,469.52,,S,,17.61,100723.16,100626.11,
036HI,2024-01-16T02:40:00Z,97850.0,22.978,71.72,5.016,186.3,8.499,289.94,27.361,24.461,24.411,28.672,0.0,45.2,52.3,45.9,13.57,127.98,242.78,-114.81,47.15,351.89,466.7,,S,,17.58,100733.46,100637.34,
036HI,2024-01-16T02:45:00Z,97850.0,22.989,71.8,4.373,189.9,7.773,270.0,27.322,24.522,24.4,28.6,0.0,45.2,52.3,45.9,13.57,114.73,225.48,-110.75,44.52,354.62,465.38,,S,,17.61,100733.46,100637.24,
036HI,2024-01-16T02:50:00Z,97850.0,22.939,72.56,5.062,182.6,8.828,251.15,27.278,24.539,24.411,28.5,0.0,45.1,52.3,45.9,13.58,97.33,208.46,-111.14,42.68,352.04,463.18,,S,,17.73,100733.46,100637.71,
036HI,2024-01-16T02:55:00Z,97860.0,22.711,73.95,5.397,181.4,9.162,229.68,27.233,24.55,24.411,28.439,0.0,45.1,52.3,45.9,13.57,80.61,189.65,-109.03,40.03,350.67,459.7,,S,,17.81,100743.75,100650.17,
036HI,2024-01-16T03:00:00Z,97860.0,22.689,73.69,5.607,180.0,8.72,199.65,27.183,24.572,24.422,28.339,0.0,45.1,52.3,45.9,13.58,57.48,163.33,-105.85,36.32,350.82,456.67,,S,,17.73,100743.75,100650.38,
036HI,2024-01-16T03:05:00Z,97860.0,22.728,72.26,5.222,180.2,8.89,125.81,27.117,24.6,24.411,28.278,0.0,45.1,52.3,45.9,13.41,9.09,105.12,-96.03,20.69,356.75,452.77,,S,,17.46,100743.75,100650.01,
036HI,2024-01-16T03:10:00Z,97870.0,22.272,73.61,5.252,179.9,8.108,41.84,27.05,24.622,24.422,28.161,0.0,45.0,52.3,45.9,13.32,-54.78,37.71,-92.5,4.13,350.87,443.37,,S,,17.31,100754.05,100664.66,
036HI,2024-01-16T03:15:00Z,97870.0,22.172,74.99,5.433,179.6,8.272,113.81,26.95,24.639,24.4,28.039,0.0,45.0,52.3,45.9,13.44,-6.49,90.32,-96.81,23.49,347.41,444.22,,S,,17.51,100754.05,100665.61,
036HI,2024-01-16T03:20:00Z,97880.0,22.278,75.3,5.885,177.1,8.329,137.63,26.856,24.672,24.422,27.878,0.0,45.0,52.3,45.9,13.56,30.04,110.55,-80.51,27.07,365.87,446.38,,S,,17.68,100764.34,100674.88,
036HI,2024-01-16T03:25:00Z,97890.0,22.278,74.44,4.944,181.3,8.72,71.44,26.761,24.672,24.428,27.739,0.0,44.9,52.3,45.9,13.39,-22.5,59.67,-82.17,11.76,361.18,443.35,,S,,17.49,100774.64,100685.17,
036HI,2024-01-16T03:30:00Z,97890.0,22.128,74.68,4.038,184.1,6.163,59.18,26.683,24.689,24.422,27.622,0.0,44.9,52.3,45.9,13.34,-20.18,50.68,-70.87,8.49,370.25,441.12,,S,,17.4,100774.64,100686.61,
036HI,2024-01-16T03:35:00Z,97900.0,22.011,74.85,4.656,182.5,7.166,42.2,26.589,24.728,24.422,27.461,0.0,44.9,52.3,45.9,13.27,-34.89,36.1,-70.99,6.11,367.45,438.44,,S,,17.32,100784.93,100698.01,
036HI,2024-01-16T03:40:00Z,97900.0,21.922,75.53,4.11,181.0,6.333,33.55,26.494,24.689,24.4,27.272,0.0,44.8,52.3,45.9,13.22,-46.12,28.46,-74.58,5.1,362.26,436.84,,S,,17.38,100784.93,100698.87,
036HI,2024-01-16T03:45:00Z,97900.0,21.822,75.99,5.314,174.2,7.886,23.05,26.4,24.722,24.422,27.122,0.0,44.8,52.3,45.9,13.17,-63.72,19.06,-82.77,3.99,351.36,434.13,,S,,17.38,100784.93,100699.83,
036HI,2024-01-16T03:50:00Z,97920.0,21.789,75.87,4.815,174.1,7.053,25.22,26.3,24.739,24.411,27.0,0.0,44.8,52.3,45.9,13.14,-58.17,18.35,-76.52,6.87,356.96,433.48,,S,,17.32,100805.52,100720.72,
036HI,2024-01-16T03:55:00Z,97920.0,21.872,75.27,4.784,173.6,6.605,20.74,26.2,24.75,24.389,26.828,0.0,44.8,52.3,45.9,13.11,-49.63,16.16,-65.8,4.58,367.9,433.7,,S,,17.28,100805.52,100719.92,
036HI,2024-01-16T04:00:00Z,97940.0,21.839,75.39,4.455,173.7,6.333,8.43,26.106,24.739,24.411,26.639,0.0,44.7,52.3,45.9,13.1,-64.82,6.39,-71.21,2.04,360.58,431.79,,S,,17.27,100826.11,100740.81,
036HI,2024-01-16T04:05:00Z,97950.0,21.761,75.82,4.352,170.2,6.775,5.0,26.011,24.761,24.4,26.522,0.0,44.7,52.3,45.9,13.09,-44.01,3.58,-47.59,1.42,384.66,432.25,,S,,17.29,100836.41,100751.84,
036HI,2024-01-16T04:10:00Z,97960.0,21.778,75.86,4.975,171.0,7.886,1.76,25.922,24.772,24.411,26.35,0.0,44.6,52.3,45.9,13.09,-61.2,0.59,-61.8,1.17,369.07,430.87,,S,,17.31,100846.7,100761.97,
036HI,2024-01-16T04:15:00Z,97970.0,21.75,76.14,4.867,163.5,7.331,0.0,25.828,24.778,24.411,26.239,0.0,44.6,52.3,45.9,13.08,-64.62,-1.56,-63.06,0.92,366.9,429.96,,SSE,,17.34,100857.0,100772.52,
036HI,2024-01-16T04:20:00Z,97980.0,21.689,76.28,4.337,157.0,7.218,0.0,25.744,24.778,24.411,26.061,0.0,44.6,52.3,45.9,13.07,-44.55,-1.75,-42.8,0.77,387.72,430.52,,SSE,,17.31,100867.29,100783.39,
036HI,2024-01-16T04:25:00Z,98000.0,21.722,76.36,4.774,161.2,7.274,0.0,25.661,24.761,24.389,25.878,0.0,44.6,52.3,45.9,13.07,-50.23,-2.41,-47.82,0.74,382.32,430.13,,SSE,,17.36,100887.88,100803.65,
036HI,2024-01-16T04:30:00Z,98010.0,21.7,77.03,4.728,168.5,6.662,0.0,25.583,24.761,24.411,25.778,0.0,44.5,52.3,45.9,13.06,-67.68,-3.25,-64.43,0.59,364.39,428.83,,SSE,,17.48,100898.17,100814.14,
036HI,2024-01-16T04:35:00Z,98010.0,21.611,77.45,4.424,166.8,6.662,0.0,25.506,24.728,24.411,25.661,0.0,44.5,52.3,45.9,13.06,-76.57,-4.11,-72.47,0.58,354.94,427.4,,SSE,,17.48,100898.17,100815.0,
036HI,2024-01-16T04:40:00Z,98010.0,21.528,77.9,4.609,162.5,6.662,0.0,25.428,24.761,24.411,25.539,0.0,44.5,52.3,45.9,13.06,-79.77,-4.25,-75.52,0.58,350.9,426.41,,SSE,,17.49,100898.17,100815.8,
036HI,2024-01-16T04:45:00Z,98020.0,21.45,78.16,4.337,164.6,6.22,0.0,25.356,24.739,24.411,25.422,0.0,44.4,52.3,45.9,13.05,-79.27,-4.31,-74.96,0.58,350.65,425.61,,SSE,,17.47,100908.47,100826.84,
036HI,2024-01-16T04:50:00Z,98020.0,21.439,77.19,3.545,155.3,5.885,0.0,25.283,24.761,24.389,25.3,0.0,44.4,52.3,45.9,13.05,-69.72,-4.06,-65.67,0.76,359.97,425.64,,SSE,,17.26,100908.47,100826.95,
036HI,2024-01-16T04:55:00Z,98030.0,21.489,76.76,3.956,147.3,5.777,0.0,25.211,24.739,24.4,25.2,0.0,44.4,52.3,45.9,13.05,-74.14,-4.12,-70.03,0.85,355.3,425.32,,SSE,,17.22,100918.76,100836.75,
036HI,2024-01-16T05:00:00Z,98040.0,21.522,76.09,3.426,150.9,5.664,0.0,25.139,24.739,24.389,25.078,0.0,44.3,52.3,45.9,13.04,-73.78,-4.41,-69.37,0.89,355.57,424.94,,SSE,,17.11,100929.06,100846.72,
036HI,2024-01-16T05:05:00Z,98040.0,21.572,75.89,4.105,151.7,6.832,0.0,25.067,24.728,24.4,24.972,0.0,44.3,52.3,45.9,13.04,-79.39,-4.42,-74.98,0.9,349.51,424.48,,SSE,,17.12,100929.06,100846.24,
036HI,2024-01-16T05:10:00Z,98040.0,21.539,75.88,3.73,146.6,6.441,0.0,24.989,24.7,24.4,24.861,0.0,44.3,52.3,45.9,13.04,-80.56,-4.76,-75.81,0.8,348.01,423.82,,SSE,,17.08,100929.06,100846.56,
036HI,2024-01-16T05:15:00Z,98040.0,21.511,75.81,3.74,140.8,5.942,0.0,24.917,24.689,24.389,24.761,0.0,44.3,52.3,45.9,13.04,-80.05,-4.79,-75.26,0.75,348.04,423.29,,SE,,17.04,100929.06,100846.83,
036HI,2024-01-16T05:20:00Z,98050.0,21.528,75.81,2.979,146.6,5.108,0.0,24.85,24.7,24.422,24.65,0.0,44.2,52.3,45.9,13.03,-77.67,-4.76,-72.91,0.85,350.28,423.19,,SSE,,17.06,100939.35,100856.95,
036HI,2024-01-16T05:25:00Z,98060.0,21.6,76.23,3.328,148.0,5.721,0.0,24.783,24.689,24.4,24.572,0.0,44.2,52.3,45.9,13.03,-56.23,-3.85,-52.38,0.93,372.19,424.57,,SSE,,17.22,100949.65,100866.54,
036HI,2024-01-16T05:30:00Z,98060.0,21.772,75.63,4.131,162.1,6.163,0.0,24.711,24.661,24.411,24.478,0.0,44.2,52.3,45.9,13.03,-30.44,-2.07,-28.37,0.89,398.55,426.91,,SSE,,17.26,100949.65,100864.89,
036HI,2024-01-16T05:35:00Z,98060.0,21.872,75.87,4.651,166.2,6.94,0.0,24.65,24.672,24.4,24.378,0.0,44.2,52.3,45.9,13.03,-42.94,-2.15,-40.79,0.55,386.31,427.1,,SSE,,17.4,100949.65,100863.92,
036HI,2024-01-16T05:40:00Z,98070.0,21.861,77.17,4.815,157.3,7.665,0.0,24.594,24.672,24.422,24.272,0.0,44.2,52.3,45.9,13.02,-52.04,-2.57,-49.46,0.41,377.59,427.05,,SSE,,17.66,100959.94,100874.31,
036HI,2024-01-16T05:45:00Z,98060.0,21.828,78.54,4.861,156.8,8.55,0.0,24.539,24.639,24.4,24.222,0.0,44.1,52.2,45.9,13.02,-64.81,-3.29,-61.52,0.4,364.86,426.38,,SSE,,17.91,100949.65,100864.34,
036HI,2024-01-16T05:50:00Z,98060.0,21.839,78.07,5.345,160.3,7.552,0.0,24.494,24.622,24.389,24.172,0.0,44.1,52.3,45.9,13.02,-43.06,-2.61,-40.45,0.41,386.54,426.99,,SSE,,17.83,100949.65,100864.23,
036HI,2024-01-16T05:55:00Z,98060.0,21.839,79.52,5.505,161.0,8.658,0.0,24.444,24.6,24.389,24.111,0.0,44.1,52.3,45.9,13.02,-45.76,-2.46,-43.31,0.32,383.96,427.27,,SSE,,18.12,100949.65,100864.23,
036HI,2024-01-16T06:00:00Z,98060.0,21.828,80.4,6.004,166.6,8.941,0.0,24.4,24.572,24.4,24.05,0.0,44.1,52.3,45.9,13.02,-29.35,-1.49,-27.86,0.29,400.6,428.46,,SSE,,18.29,100949.65,100864.33,
036HI,2024-01-16T06:05:00Z,98070.0,21.778,81.0,5.757,164.3,8.658,0.0,24.361,24.572,24.389,23.961,0.0,44.1,52.3,45.9,13.02,-62.86,-2.86,-59.99,0.22,366.55,426.55,,SSE,,18.36,100959.94,100875.09,
036HI,2024-01-16T06:10:00Z,98080.0,21.628,81.9,5.433,164.2,8.051,0.0,24.322,24.55,24.411,23.922,0.0,44.0,52.3,45.9,13.01,-74.22,-3.71,-70.52,0.21,354.46,424.98,,SSE,,18.39,100970.24,100886.82,
036HI,2024-01-16T06:15:00Z,98080.0,21.478,82.4,4.712,160.6,7.886,0.0,24.283,24.511,24.411,23.872,0.0,44.0,52.2,45.9,13.02,-78.44,-4.09,-74.35,0.3,349.53,423.88,,SSE,,18.34,100970.24,100888.27,
036HI,2024-01-16T06:20:00Z,98090.0,21.422,82.5,4.522,152.6,7.943,0.0,24.244,24.528,24.389,23.811,0.0,44.0,52.3,45.9,13.01,-78.93,-4.32,-74.61,0.53,348.71,423.32,,SSE,,18.3,100980.53,100899.1,
036HI,2024-01-16T06:25:00Z,98090.0,21.4,82.0,4.615,146.9,7.439,0.0,24.2,24.511,24.411,23.772,0.0,44.0,52.3,45.9,13.0,-78.75,-4.39,-74.36,0.64,348.47,422.83,,SSE,,18.18,100980.53,100899.31,
036HI,2024-01-16T06:30:00Z,98090.0,21.511,77.45,4.856,144.8,7.552,0.0,24.156,24.489,24.389,23.711,0.0,44.0,52.3,45.8,13.01,-77.83,-4.34,-73.49,0.77,348.42,421.9,,SE,,17.38,100980.53,100898.26,
036HI,2024-01-16T06:35:00Z,98090.0,21.672,74.13,3.91,142.9,6.497,0.0,24.1,24.472,24.422,23.661,0.0,43.9,52.3,45.8,13.01,-68.0,-4.06,-63.94,0.78,357.96,421.91,,SE,,16.84,100980.53,100896.71,
036HI,2024-01-16T06:40:00Z,98090.0,21.822,72.58,3.689,138.5,5.998,0.0,24.039,24.461,24.4,23.611,0.0,43.9,52.3,45.8,13.01,-43.61,-2.93,-40.68,0.75,382.83,423.51,,SE,,16.65,100980.53,100895.27,
036HI,2024-01-16T06:45:00Z,98100.0,21.972,71.48,3.683,145.3,5.443,0.0,23.983,24.422,24.4,23.528,0.0,43.9,52.3,45.9,13.01,-35.76,-2.21,-33.55,0.61,391.09,424.64,,SE,,16.56,100990.83,100904.12,
036HI,2024-01-16T06:50:00Z,98100.0,22.1,70.95,3.653,132.1,5.052,0.0,23.933,24.411,24.389,23.472,0.0,43.9,52.3,45.8,13.01,-25.52,-1.75,-23.77,0.54,402.18,425.95,,SE,,16.56,100990.83,100902.89,
036HI,2024-01-16T06:55:00Z,98090.0,22.322,71.14,3.519,135.2,6.832,0.0,23.889,24.411,24.4,23.411,0.0,43.9,52.3,45.8,13.01,-15.66,-1.07,-14.59,0.51,413.14,427.73,,SE,,16.82,100980.53,100890.47,
036HI,2024-01-16T07:00:00Z,98080.0,22.289,73.6,4.044,161.5,8.051,0.0,23.856,24.378,24.411,23.35,0.0,43.9,52.3,45.8,13.0,-20.64,-1.19,-19.45,0.19,408.76,428.21,,SSE,,17.32,100970.24,100880.49,
036HI,2024-01-16T07:05:00Z,98090.0,22.239,74.92,4.064,153.7,7.11,0.0,23.828,24.411,24.411,23.3,0.0,43.8,52.3,45.8,13.0,-25.33,-1.51,-23.82,0.08,404.31,428.13,,SSE,,17.56,100980.53,100891.25,
036HI,2024-01-16T07:10:00Z,98080.0,22.122,77.01,3.863,156.5,6.384,0.0,23.8,24.339,24.422,23.3,0.0,43.9,52.3,45.9,13.0,-21.36,-1.37,-19.99,0.0,408.49,428.48,,SSE,,17.88,100970.24,100882.08,
036HI,2024-01-16T07:15:00Z,98090.0,22.1,77.54,4.301,160.7,8.391,0.0,23.772,24.328,24.411,23.228,0.0,43.8,52.3,45.8,13.0,-26.21,-1.41,-24.8,0.13,403.61,428.41,,SSE,,17.97,100980.53,100892.58,
036HI,2024-01-16T07:20:00Z,98090.0,22.111,79.2,3.951,140.7,6.94,0.0,23.75,24.311,24.428,23.222,0.0,43.8,52.3,45.8,13.0,-24.81,-1.49,-23.33,0.19,405.43,428.75,,SE,,18.32,100980.53,100892.47,
036HI,2024-01-16T07:25:00Z,98090.0,22.05,79.53,4.435,155.8,7.11,0.0,23.728,24.3,24.4,23.172,0.0,43.8,52.3,45.8,13.0,-21.67,-1.28,-20.39,0.13,408.47,428.86,,SSE,,18.33,100980.53,100893.05,
036HI,2024-01-16T07:30:00Z,98090.0,22.011,81.0,3.699,152.0,6.055,0.0,23.711,24.289,24.411,23.178,0.0,43.8,52.3,45.8,13.0,-28.43,-1.71,-26.72,0.1,401.73,428.45,,SSE,,18.58,100980.53,100893.42,
036HI,2024-01-16T07:35:00Z,98090.0,21.939,80.7,3.858,149.9,5.885,0.0,23.689,24.25,24.411,23.139,0.0,43.8,52.3,45.8,13.0,-31.38,-1.69,-29.69,0.13,398.4,428.1,,SSE,,18.45,100980.53,100894.12,
036HI,2024-01-16T07:40:00Z,98080.0,21.978,79.21,3.725,139.6,5.998,0.0,23.672,24.228,24.389,23.1,0.0,43.8,52.3,45.8,13.0,-24.29,-1.56,-22.73,0.28,405.39,428.12,,SE,,18.19,100970.24,100883.46,
036HI,2024-01-16T07:45:00Z,98080.0,22.078,78.49,3.915,142.1,6.22,0.0,23.644,24.211,24.411,23.1,0.0,43.8,52.3,45.8,13.0,-26.64,-1.52,-25.12,0.34,403.11,428.22,,SE,,18.15,100970.24,100882.5,
036HI,2024-01-16T07:50:00Z,98080.0,22.15,77.62,3.755,136.5,6.055,0.0,23.622,24.2,24.411,23.072,0.0,43.8,52.2,45.8,13.0,-19.45,-1.27,-18.18,0.31,410.48,428.66,,SE,,18.04,100970.24,100881.81,
036HI,2024-01-16T07:55:00Z,98080.0,22.2,78.05,3.37,155.2,5.108,0.0,23.594,24.2,24.422,23.072,0.0,43.8,52.2,45.8,13.0,-11.28,-0.8,-10.48,0.25,419.04,429.53,,SSE,,18.17,100970.24,100881.33,
036HI,2024-01-16T08:00:00Z,98070.0,22.25,77.63,3.354,149.0,4.831,0.0,23.572,24.161,24.4,23.05,0.0,43.7,52.2,45.8,13.0,-9.96,-0.75,-9.21,0.23,420.73,429.94,,SSE,,18.14,100959.94,100870.56,
036HI,2024-01-16T08:05:00Z,98060.0,22.278,79.64,4.337,148.6,6.888,0.0,23.556,24.172,24.422,23.039,0.0,43.7,52.2,45.8,12.99,-11.35,-0.68,-10.67,0.11,419.68,430.35,,SSE,,18.57,100949.65,100860.0,
036HI,2024-01-16T08:10:00Z,98060.0,22.222,80.3,3.935,164.6,6.163,0.0,23.539,24.139,24.411,22.972,0.0,43.7,52.2,45.8,12.99,-13.15,-1.15,-12.0,0.06,418.26,430.26,,SSE,,18.65,100949.65,100860.54,
036HI,2024-01-16T08:15:00Z,98060.0,22.061,82.0,4.29,165.9,6.441,0.0,23.522,24.122,24.422,22.978,0.0,43.7,52.2,45.8,12.99,-19.15,-3.07,-16.08,0.11,413.48,429.56,,SSE,,18.83,100949.65,100862.08,
036HI,2024-01-16T08:20:00Z,98060.0,21.95,82.1,3.704,172.2,5.499,0.0,23.511,24.089,24.411,22.989,0.0,43.7,52.2,45.8,12.99,-14.09,-1.46,-12.63,0.06,416.71,429.34,,S,,18.74,100949.65,100863.15,
036HI,2024-01-16T08:25:00Z,98060.0,21.878,82.5,3.57,177.8,5.551,0.0,23.5,24.111,24.422,22.95,0.0,43.7,52.3,45.8,12.99,-16.64,-1.68,-14.97,0.11,413.92,428.89,,S,,18.75,100949.65,100863.84,
036HI,2024-01-16T08:30:00Z,98060.0,21.922,82.5,4.455,163.5,6.163,0.0,23.483,24.089,24.411,22.961,0.0,43.7,52.2,45.8,12.98,-14.53,-1.77,-12.76,0.33,416.23,428.99,,SSE,,18.79,100949.65,100863.41,
036HI,2024-01-16T08:35:00Z,98050.0,21.928,84.2,3.442,160.8,5.777,0.0,23.467,24.061,24.422,22.95,0.0,43.7,52.2,45.8,12.99,-21.89,-2.27,-19.62,0.34,409.36,428.98,,SSE,,19.13,100939.35,100853.06,
036HI,2024-01-16T08:40:00Z,98050.0,21.889,84.5,3.817,167.8,6.276,0.0,23.45,24.039,24.422,22.922,0.0,43.7,52.2,45.8,12.99,-9.59,-1.23,-8.36,0.22,421.19,429.54,,SSE,,19.15,100939.35,100853.44,
036HI,2024-01-16T08:45:00Z,98040.0,21.85,85.2,4.136,167.2,6.276,0.0,23.439,24.028,24.428,22.928,0.0,43.7,52.2,45.8,12.99,-10.84,-1.3,-9.53,0.15,420.09,429.62,,SSE,,19.24,100929.06,100843.52,
036HI,2024-01-16T08:50:00Z,98040.0,21.839,85.9,4.404,164.0,6.554,0.0,23.428,24.028,24.422,22.911,0.0,43.7,52.3,45.8,12.99,-10.82,-0.78,-10.04,0.14,419.64,429.67,,SSE,,19.36,100929.06,100843.63,
036HI,2024-01-16T08:55:00Z,98030.0,21.839,85.9,3.184,172.8,5.0,0.0,23.417,24.028,24.411,22.9,0.0,43.7,52.2,45.8,12.99,-9.43,-0.65,-8.79,0.14,421.03,429.81,,S,,19.36,100918.76,100833.34,
036HI,2024-01-16T09:00:00Z,98020.0,21.839,86.9,3.74,172.7,5.664,0.0,23.411,23.978,24.422,22.889,0.0,43.7,52.2,45.8,12.98,-9.02,-0.83,-8.19,0.2,421.89,430.07,,S,,19.55,100908.47,100823.05,
036HI,2024-01-16T09:05:00Z,98030.0,21.761,88.0,2.49,192.4,4.887,0.0,23.4,23.978,24.422,22.878,0.0,43.7,52.2,45.8,12.94,-15.73,-3.42,-12.31,0.39,417.0,429.31,,SSW,,19.68,100918.76,100834.09,
036HI,2024-01-16T09:10:00Z,98030.0,21.622,89.5,3.647,182.1,5.998,0.0,23.428,23.978,24.422,22.9,0.0,43.7,52.2,45.8,12.88,-11.65,-2.72,-8.93,0.22,421.05,429.97,,S,,19.81,100918.76,100835.42,
036HI,2024-01-16T09:15:00Z,98020.0,21.55,90.2,4.013,169.3,6.497,0.0,23.411,23.972,24.428,22.889,0.0,43.7,52.2,45.8,12.91,-10.06,-1.42,-8.64,0.0,421.78,430.42,,S,,19.87,100908.47,100825.83,
036HI,2024-01-16T09:20:00Z,98010.0,21.4,91.1,3.714,159.8,5.998,0.0,23.406,23.939,24.428,22.872,0.0,43.7,52.2,45.8,12.84,-10.87,-4.29,-6.58,0.89,422.49,429.07,,SSE,,19.88,100898.17,100816.98,
036HI,2024-01-16T09:25:00Z,98020.0,21.289,92.1,3.833,160.2,5.998,0.0,23.428,23.928,24.428,22.878,0.0,43.7,52.2,45.8,12.83,-9.96,-3.86,-6.1,0.96,423.18,429.28,,SSE,,19.95,100908.47,100828.34,
036HI,2024-01-16T09:30:00Z,98020.0,21.239,92.8,4.059,165.6,5.998,0.0,23.411,23.911,24.422,22.872,0.0,43.6,52.2,45.8,12.83,-10.46,-3.38,-7.08,0.78,422.25,429.32,,SSE,,20.02,100908.47,100828.82,
036HI,2024-01-16T09:35:00Z,98020.0,21.139,93.3,4.244,157.2,6.775,0.0,23.394,23.911,24.428,22.861,0.0,43.6,52.2,45.8,12.82,-10.09,-3.12,-6.96,0.76,421.83,428.79,,SSE,,20.01,100908.47,100829.79,
036HI,2024-01-16T09:40:00Z,98010.0,21.022,94.2,4.311,159.1,6.832,0.0,23.378,23.889,24.428,22.85,0.0,43.6,52.2,45.8,12.82,-7.78,-2.45,-5.33,0.7,422.75,428.08,,SSE,,20.05,100898.17,100820.63,
036HI,2024-01-16T09:45:00Z,98010.0,20.872,94.2,4.213,159.8,7.053,0.0,23.372,23.9,24.439,22.828,0.0,43.7,52.2,45.8,12.82,-6.42,-2.72,-3.7,1.04,422.87,426.57,,SSE,,19.9,100898.17,100822.08,
036HI,2024-01-16T09:50:00Z,98010.0,20.65,94.4,5.139,157.1,7.83,0.0,23.361,23.878,24.439,22.828,0.254,43.7,52.2,45.8,12.81,-5.96,-2.49,-3.47,0.88,421.67,425.13,,SSE,,19.71,100898.17,100824.24,
036HI,2024-01-16T09:55:00Z,98000.0,20.55,95.3,4.558,161.6,7.665,0.0,23.35,23.872,24.422,22.85,0.254,43.7,52.2,45.8,12.8,-5.07,-1.77,-3.31,0.65,421.28,424.58,,SSE,,19.77,100887.88,100814.92,
