# STATION: 039HI
# STATION NAME: Lipoa
# LATITUDE: 20.74580
# LONGITUDE: -156.43060
# ELEVATION [ft]: 289.0
# STATE: HI
Station_ID,Date_Time,pressure_set_1,air_temp_set_1,relative_humidity_set_1,wind_speed_set_1,wind_direction_set_1,wind_gust_set_1,solar_radiation_set_1,soil_temp_set_1,soil_temp_set_2,soil_temp_set_3,soil_temp_set_4,precip_accum_five_minute_set_1,soil_moisture_set_1,soil_moisture_set_2,soil_moisture_set_3,volt_set_1,net_radiation_set_1,net_radiation_sw_set_1,net_radiation_lw_set_1,outgoing_radiation_sw_set_1,incoming_radiation_lw_set_1,outgoing_radiation_lw_set_1,wind_chill_set_1d,wind_cardinal_direction_set_1d,heat_index_set_1d,dew_point_temperature_set_1d,altimeter_set_1d,sea_level_pressure_set_1d,wet_bulb_temperature_set_1d
,,Pascals,Celsius,%,m/s,Degrees,m/s,W/m**2,Celsius,Celsius,Celsius,Celsius,Millimeters,%,%,%,volts,W/m**2,W/m**2,W/m**2,W/m**2,W/m**2,W/m**2,Celsius,code,Celsius,Celsius,Pascals,Pascals,Celsius
039HI,2024-01-15T10:05:00Z,100170.0,18.878,76.47,2.583,96.5,3.334,0.0,21.911,21.689,24.1,25.672,0.0,40.0,37.4,11.4,13.05,-63.76,-3.93,-59.83,0.36,342.62,402.45,,E,,14.62,101223.27,101206.47,
039HI,2024-01-15T10:10:00Z,100180.0,18.778,76.94,2.449,94.4,3.112,0.0,21.872,21.639,24.089,25.672,0.0,40.0,37.4,11.4,13.05,-63.72,-4.01,-59.71,0.38,342.48,402.19,,E,,14.62,101233.38,101216.93,
039HI,2024-01-15T10:15:00Z,100170.0,18.739,77.15,2.552,92.1,3.39,0.0,21.839,21.622,24.05,25.672,0.0,40.0,37.4,11.4,13.05,-63.52,-3.99,-59.53,0.49,342.48,402.01,,E,,14.63,101223.27,101206.97,
039HI,2024-01-15T10:20:00Z,100170.0,18.789,76.7,2.624,89.6,3.442,0.0,21.8,21.55,24.022,25.639,0.0,40.0,37.4,11.4,13.05,-63.13,-3.94,-59.2,0.68,342.75,401.95,,E,,14.58,101223.27,101206.79,
039HI,2024-01-15T10:25:00Z,100160.0,18.839,76.31,2.485,89.5,3.277,0.0,21.761,21.522,24.0,25.661,0.0,40.0,37.4,11.4,13.05,-63.05,-3.92,-59.13,0.69,342.8,401.93,,E,,14.55,101213.17,101196.51,
039HI,2024-01-15T10:30:00Z,100160.0,18.85,75.91,2.459,89.0,,0.0,21.722,21.472,24.0,25.672,0.0,40.0,37.4,11.4,13.05,-63.23,-3.92,-59.31,0.56,342.43,401.74,,E,,14.48,101213.17,101196.47,
039HI,2024-01-15T10:35:00Z,100160.0,18.761,75.98,2.336,89.9,3.056,0.0,21.683,21.439,23.922,25.661,0.0,40.0,37.4,11.4,13.04,-63.16,-3.97,-59.19,0.48,342.27,401.47,,E,,14.41,101213.17,101196.78,
039HI,2024-01-15T10:40:00Z,100160.0,18.761,75.66,2.505,93.2,,0.0,21.65,21.378,23.928,25.678,0.0,40.0,37.4,11.4,13.04,-62.88,-3.93,-58.95,0.59,342.37,401.33,,E,,14.34,101213.17,101196.78,
039HI,2024-01-15T10:45:00Z,100160.0,18.75,75.75,2.474,92.3,3.164,0.0,21.611,21.35,23.878,25.672,0.0,40.0,37.4,11.4,13.04,-62.68,-3.93,-58.75,0.54,342.4,401.15,,E,,14.35,101213.17,101196.82,
039HI,2024-01-15T10:50:00Z,100160.0,18.672,76.18,2.284,92.3,2.829,0.0,21.578,21.339,23.861,25.672,0.0,39.9,37.4,11.4,13.04,-62.37,-3.91,-58.46,0.45,342.49,400.95,,E,,14.37,101213.17,101197.1,
039HI,2024-01-15T10:55:00Z,100160.0,18.678,76.38,2.181,92.5,2.665,0.0,21.544,21.261,23.85,25.672,0.0,39.9,37.4,11.4,13.04,-62.01,-3.9,-58.11,0.57,342.79,400.9,,E,,14.41,101213.17,101197.08,
039HI,2024-01-15T11:00:00Z,100160.0,18.578,76.77,2.171,91.6,2.608,0.0,21.517,21.211,23.822,25.661,0.0,39.9,37.4,11.4,13.04,-62.06,-3.91,-58.15,0.47,342.51,400.66,,E,,14.39,101213.17,101197.44,
039HI,2024-01-15T11:05:00Z,100160.0,18.489,76.91,2.171,95.2,2.721,0.0,21.489,21.178,23.778,25.678,0.0,39.9,37.4,11.4,13.03,-61.96,-3.89,-58.06,0.43,342.27,400.33,,E,,14.34,101213.17,101197.76,
039HI,2024-01-15T11:10:00Z,100160.0,18.411,77.32,1.903,96.9,2.557,0.0,21.461,21.128,23.789,25.672,0.0,39.9,37.4,11.4,13.03,-62.06,-3.96,-58.1,0.41,341.86,399.97,,E,,14.34,101213.17,101198.03,
039HI,2024-01-15T11:15:00Z,100150.0,18.239,78.34,1.826,94.3,2.33,0.0,21.433,21.111,23.75,25.672,0.0,39.9,37.4,11.4,13.03,-62.06,-4.02,-58.04,0.25,341.5,399.54,,E,,14.38,101203.06,101188.55,
039HI,2024-01-15T11:20:00Z,100140.0,18.172,78.81,1.873,97.0,2.279,0.0,21.411,21.089,23.7,25.672,0.0,39.9,37.4,11.4,13.03,-62.01,-4.0,-58.01,0.52,341.23,399.24,,E,,14.41,101192.96,101178.68,
039HI,2024-01-15T11:25:00Z,100130.0,18.222,78.75,1.955,98.4,2.557,0.0,21.383,21.039,23.689,25.678,0.0,39.9,37.4,11.4,13.03,-62.51,-4.07,-58.45,0.71,340.68,399.13,,E,,14.44,101182.85,101168.4,
039HI,2024-01-15T11:30:00Z,100120.0,18.089,79.18,1.981,98.5,2.33,0.0,21.35,21.0,23.65,25.65,0.0,39.9,37.4,11.4,13.02,-62.65,-3.98,-58.68,0.49,340.02,398.69,,E,,14.4,101172.75,101158.77,
039HI,2024-01-15T11:35:00Z,100110.0,17.978,79.71,1.852,100.7,2.279,0.0,21.317,20.911,23.628,25.689,0.0,39.9,37.4,11.4,13.02,-62.9,-4.02,-58.88,0.42,339.49,398.37,,E,,14.4,101162.64,101149.07,
039HI,2024-01-15T11:40:00Z,100110.0,17.989,79.97,1.826,104.9,2.279,0.0,21.289,20.911,23.6,25.689,0.0,39.9,37.4,11.4,13.02,-63.15,-4.1,-59.05,0.65,339.25,398.3,,ESE,,14.46,101162.64,101149.03,
039HI,2024-01-15T11:45:00Z,100110.0,18.011,80.0,1.765,102.2,2.33,0.0,21.256,20.878,23.572,25.661,0.0,39.8,37.4,11.4,13.02,-63.52,-4.14,-59.38,0.65,338.89,398.27,,ESE,,14.48,101162.64,101148.95,
039HI,2024-01-15T11:50:00Z,100110.0,17.911,80.5,1.641,97.2,2.222,0.0,21.222,20.839,23.539,25.7,0.0,39.8,37.4,11.4,13.01,-63.64,-4.22,-59.42,0.55,338.49,397.91,,E,,14.48,101162.64,101149.31,
039HI,2024-01-15T11:55:00Z,100110.0,17.828,80.7,1.693,106.6,2.387,0.0,21.189,20.811,23.528,25.672,0.0,39.8,37.4,11.4,13.02,-63.09,-4.13,-58.95,0.56,338.62,397.57,,ESE,,14.44,101162.64,101149.6,
039HI,2024-01-15T12:00:00Z,100110.0,17.689,81.2,1.538,97.4,2.053,0.0,21.167,20.772,23.528,25.678,0.0,39.8,37.4,11.4,13.02,-62.61,-4.13,-58.48,0.42,338.71,397.19,,E,,14.4,101162.64,101150.1,
039HI,2024-01-15T12:05:00Z,100110.0,17.628,81.3,2.053,97.9,2.778,0.0,21.133,20.75,23.489,25.678,0.0,39.8,37.4,11.4,13.01,-61.96,,-57.96,0.64,339.12,397.08,,E,,14.36,101162.64,101150.32,
039HI,2024-01-15T12:10:00Z,100110.0,17.672,80.9,2.222,95.4,,0.0,21.094,20.7,23.461,25.672,0.0,39.8,37.4,11.4,13.01,-61.35,-3.9,-57.46,0.73,339.67,397.12,,E,,14.33,101162.64,101150.16,
039HI,2024-01-15T12:15:00Z,100120.0,17.678,80.5,2.382,95.8,3.112,0.0,21.056,20.661,23.439,25.672,0.0,39.8,37.4,11.4,13.01,-49.74,-3.39,-46.34,0.67,351.37,397.71,,E,,14.26,101172.75,101160.25,
039HI,2024-01-15T12:20:00Z,100120.0,17.711,80.3,2.31,97.4,2.943,0.0,21.028,20.639,23.428,25.689,0.0,39.8,37.4,11.4,13.01,-25.97,-1.9,-24.07,0.59,375.52,399.59,,E,,14.25,101172.75,101160.13,
039HI,2024-01-15T12:25:00Z,100110.0,17.789,80.1,2.562,93.2,3.22,0.0,21.011,20.6,23.422,25.672,0.0,39.8,37.4,11.4,13.01,-31.64,-1.84,-29.8,0.54,370.26,400.06,,E,,14.29,101162.64,101149.74,
039HI,2024-01-15T12:30:00Z,100120.0,17.939,79.49,2.67,91.6,3.334,0.0,20.989,20.55,23.35,25.689,0.0,39.8,37.4,11.4,13.01,-27.26,-1.69,-25.57,0.57,375.29,400.86,,E,,14.31,101172.75,101159.31,
039HI,2024-01-15T12:35:00Z,100120.0,18.061,78.08,2.886,91.1,3.833,0.0,20.967,20.528,23.361,25.678,0.0,39.7,37.4,11.4,13.01,-20.38,-1.31,-19.07,0.46,382.54,401.6,,E,,14.15,101172.75,101158.87,
039HI,2024-01-15T12:40:00Z,100110.0,18.178,77.37,2.963,92.2,3.889,0.0,20.95,20.5,23.35,25.7,0.0,39.8,37.4,11.4,13.0,-12.87,-0.86,-12.02,0.41,390.63,402.65,,E,,14.13,101162.64,101148.35,
039HI,2024-01-15T12:45:00Z,100100.0,18.328,77.27,2.634,89.3,3.663,0.0,20.95,20.472,23.3,25.7,0.0,39.7,37.4,11.4,13.0,-9.41,-0.66,-8.75,0.38,394.93,403.68,,E,,14.25,101152.54,101137.71,
039HI,2024-01-15T12:50:00Z,100100.0,18.561,76.46,2.773,92.1,3.442,0.0,20.944,20.439,23.261,25.7,0.0,39.7,37.4,11.4,13.0,-9.4,-0.55,-8.85,0.48,395.66,404.51,,E,,14.31,101152.54,101136.88,
039HI,2024-01-15T12:55:00Z,100090.0,18.678,76.19,2.588,96.6,3.611,0.0,20.939,20.411,23.272,25.689,0.0,39.7,37.4,11.4,13.0,-10.48,-0.65,-9.83,0.26,395.22,405.06,,E,,14.37,101142.43,101126.36,
039HI,2024-01-15T13:00:00Z,100080.0,18.8,75.63,2.598,90.8,3.334,0.0,20.933,20.389,23.222,25.689,0.0,39.7,37.4,11.4,13.0,-19.68,-0.96,-18.72,0.26,386.28,405.0,,E,,14.38,101132.33,101115.82,
039HI,2024-01-15T13:05:00Z,100070.0,18.811,75.31,2.613,90.1,3.442,0.0,20.917,20.372,23.189,25.7,0.0,39.7,37.4,11.4,13.0,-39.81,-2.11,-37.7,0.14,365.99,403.69,,E,,14.32,101122.22,101105.68,
039HI,2024-01-15T13:10:00Z,100080.0,18.822,75.03,2.603,87.5,3.498,0.0,20.894,20.35,23.172,25.689,0.0,39.7,37.4,11.4,13.0,-30.55,-2.02,-28.52,0.19,375.23,403.75,,E,,14.27,101132.33,101115.74,
039HI,2024-01-15T13:15:00Z,100070.0,18.789,74.99,2.428,92.6,3.22,0.0,20.883,20.322,23.172,25.711,0.0,39.7,37.4,11.4,13.0,-34.57,-2.02,-32.55,0.1,370.97,403.52,,E,,14.23,101122.22,101105.75,
039HI,2024-01-15T13:20:00Z,100070.0,18.728,74.67,2.032,96.7,2.829,0.0,20.861,20.35,23.128,25.711,0.0,39.7,37.4,11.4,12.99,-57.6,-3.25,-54.35,0.12,347.44,401.79,,E,,14.11,101122.22,101105.97,
039HI,2024-01-15T13:25:00Z,100070.0,18.572,74.97,1.574,100.4,2.557,0.0,20.833,20.278,23.111,25.711,0.0,39.7,37.4,11.4,12.99,-63.65,-4.14,-59.51,0.05,340.71,400.21,,E,,14.02,101122.22,101106.53,
039HI,2024-01-15T13:30:00Z,100070.0,18.439,74.89,2.351,89.9,3.555,0.0,20.817,20.322,23.089,25.7,0.0,39.7,37.4,11.4,12.99,-62.83,-4.01,-58.82,0.33,340.7,399.52,,E,,13.87,101122.22,101107.0,
039HI,2024-01-15T13:35:00Z,100080.0,18.372,74.36,2.685,91.3,3.39,0.0,20.789,20.261,23.072,25.7,0.0,39.7,37.3,11.4,12.99,-61.93,-3.76,-58.17,0.35,340.81,398.98,,E,,13.7,101132.33,101117.35,
039HI,2024-01-15T13:40:00Z,100080.0,18.261,74.04,2.747,93.8,3.776,0.0,20.756,20.311,23.078,25.711,0.0,39.7,37.3,11.4,12.99,-61.63,-3.73,-57.9,0.29,340.54,398.44,,E,,13.53,101132.33,101117.75,
039HI,2024-01-15T13:45:00Z,100080.0,18.172,73.87,2.66,95.2,3.555,0.0,20.717,20.272,23.039,25.711,0.0,39.7,37.3,11.4,12.99,-61.0,-3.7,-57.3,0.27,340.66,397.96,,E,,13.4,101132.33,101118.07,
039HI,2024-01-15T13:50:00Z,100080.0,18.139,73.76,2.531,92.2,3.442,0.0,20.683,20.239,23.028,25.711,0.0,39.7,37.3,11.4,12.99,-60.76,-3.71,-57.05,0.39,340.61,397.66,,E,,13.35,101132.33,101118.18,
039HI,2024-01-15T13:55:00Z,100090.0,18.128,73.77,2.495,91.9,3.112,0.0,20.65,20.211,23.0,25.711,0.0,39.7,37.4,11.4,12.99,-60.89,-3.73,-57.16,0.47,340.29,397.44,,E,,13.34,101142.43,101128.33,
039HI,2024-01-15T14:00:00Z,100090.0,18.128,74.01,2.284,93.1,,0.0,20.622,20.189,22.972,25.722,0.0,39.7,37.3,11.4,12.99,-60.38,-3.74,-56.64,0.45,340.64,397.29,,E,,13.39,101142.43,101128.33,
039HI,2024-01-15T14:05:00Z,100090.0,18.1,73.94,2.186,95.2,2.778,0.0,20.594,20.172,22.95,25.711,0.0,39.7,37.3,11.4,12.98,-60.57,-3.76,-56.81,0.43,340.2,397.01,,E,,13.35,101142.43,101128.43,
039HI,2024-01-15T14:10:00Z,100080.0,18.028,74.28,1.744,99.1,2.721,0.0,20.567,20.161,22.939,25.722,0.0,39.7,37.3,11.4,12.98,-61.06,-3.91,-57.15,0.36,339.47,396.61,,E,,13.35,101132.33,101118.58,
039HI,2024-01-15T14:15:00Z,100080.0,17.989,74.74,1.842,96.7,2.387,0.0,20.544,20.122,22.95,25.711,0.0,39.7,37.3,11.4,12.98,-60.95,-3.97,-56.99,0.52,339.38,396.37,,E,,13.41,101132.33,101118.72,
039HI,2024-01-15T14:20:00Z,100080.0,17.972,75.08,1.77,96.6,2.33,0.0,20.517,20.1,22.861,25.689,0.0,39.6,37.3,11.4,12.98,-60.99,-3.92,-57.07,0.51,339.08,396.15,,E,,13.46,101132.33,101118.78,
039HI,2024-01-15T14:25:00Z,100080.0,17.9,75.84,1.651,96.0,2.053,0.0,20.494,20.061,22.872,25.728,0.0,39.6,37.3,11.4,12.98,-60.94,-3.93,-57.01,0.5,338.97,395.98,,E,,13.55,101132.33,101119.04,
039HI,2024-01-15T14:30:00Z,100080.0,17.822,76.36,1.96,98.1,2.5,0.0,20.472,20.011,22.861,25.728,0.0,39.6,37.3,11.4,12.98,-60.74,-3.88,-56.86,0.51,338.92,395.78,,E,,13.58,101132.33,101119.32,
039HI,2024-01-15T14:35:00Z,100080.0,17.75,76.63,2.001,100.6,2.557,0.0,20.444,19.978,22.839,25.711,0.0,39.6,37.3,11.4,12.97,-60.84,-3.84,-57.0,0.45,338.51,395.51,,E,,13.56,101132.33,101119.58,
039HI,2024-01-15T14:40:00Z,100080.0,17.611,77.23,2.12,100.6,2.665,0.0,20.417,19.978,22.85,25.722,0.0,39.6,37.3,11.4,12.98,-60.07,-3.79,-56.28,0.32,338.93,395.22,,E,,13.55,101132.33,101120.08,
039HI,2024-01-15T14:45:00Z,100080.0,17.539,77.42,2.366,96.2,3.056,0.0,20.389,19.939,22.789,25.722,0.0,39.6,37.3,11.4,12.98,-59.16,-3.66,-55.49,0.39,339.64,395.14,,E,,13.52,101132.33,101120.33,
039HI,2024-01-15T14:50:00Z,100080.0,17.489,77.05,2.557,99.6,3.442,0.0,20.361,19.922,22.8,25.728,0.0,39.6,37.3,11.4,12.98,-56.57,-3.41,-53.16,0.38,341.95,395.11,,E,,13.39,101132.33,101120.52,
039HI,2024-01-15T14:55:00Z,100080.0,17.461,77.18,2.557,95.9,3.164,0.0,20.333,19.878,22.75,25.711,0.0,39.6,37.3,11.4,12.97,-56.15,-3.27,-52.88,0.38,342.22,395.1,,E,,13.39,101132.33,101120.62,
039HI,2024-01-15T15:00:00Z,100080.0,17.428,77.52,2.418,102.6,3.22,0.0,20.3,19.872,22.739,25.711,0.0,39.6,37.3,11.4,12.97,-57.54,-3.4,-54.14,0.38,340.75,394.9,,ESE,,13.43,101132.33,101120.73,
039HI,2024-01-15T15:05:00Z,100090.0,17.389,77.69,2.156,98.7,2.829,0.0,20.272,19.828,22.75,25.7,0.0,39.6,37.3,11.4,12.97,-57.49,-3.47,-54.02,0.35,340.71,394.73,,E,,13.42,101142.43,101130.98,
039HI,2024-01-15T15:10:00Z,100090.0,17.422,77.86,2.192,98.1,2.886,0.0,20.25,19.822,22.711,25.689,0.0,39.6,37.3,11.4,12.97,-52.31,-3.34,-48.98,0.51,346.03,395.0,,E,,13.49,101142.43,101130.86,
039HI,2024-01-15T15:15:00Z,100100.0,17.5,77.83,2.176,97.7,2.778,0.0,20.228,19.789,22.7,25.728,0.0,39.6,37.3,11.4,12.97,-46.11,-2.82,-43.29,0.66,352.43,395.72,,E,,13.56,101152.54,101140.68,
039HI,2024-01-15T15:20:00Z,100100.0,17.572,77.71,2.022,103.1,2.5,0.0,20.2,19.761,22.672,25.739,0.0,39.6,37.3,11.4,12.97,-45.57,-2.87,-42.7,0.57,353.24,395.95,,ESE,,13.61,101152.54,101140.42,
039HI,2024-01-15T15:25:00Z,100100.0,17.561,77.93,1.821,105.1,2.608,0.0,20.183,19.689,22.65,25.739,0.0,39.6,37.3,11.4,12.97,-49.28,-2.91,-46.37,0.51,349.61,395.98,,ESE,,13.64,101152.54,101140.46,
039HI,2024-01-15T15:30:00Z,100090.0,17.561,78.1,1.79,106.5,2.444,0.0,20.172,19.7,22.622,25.7,0.0,39.6,37.3,11.4,12.97,-57.24,-3.56,-53.68,0.45,341.64,395.32,,ESE,,13.67,101142.43,101130.36,
039HI,2024-01-15T15:35:00Z,100090.0,17.578,78.06,1.79,99.4,2.829,,20.156,19.65,22.622,25.728,0.0,39.6,37.3,11.4,12.97,-58.13,-3.71,-54.42,0.61,340.72,395.14,,E,,13.68,101142.43,101130.3,
039HI,2024-01-15T15:40:00Z,100080.0,17.589,78.08,1.801,101.6,2.608,0.0,20.139,19.65,22.611,25.728,0.0,39.6,37.3,11.4,12.96,-59.41,-3.84,-55.57,0.67,339.31,394.88,,ESE,,13.7,101132.33,101120.15,
039HI,2024-01-15T15:45:00Z,100080.0,17.622,78.15,1.657,105.9,2.557,0.0,20.117,19.622,22.572,25.739,0.0,39.6,37.3,11.4,12.96,-60.31,-3.92,-56.39,0.68,338.26,394.65,,ESE,,13.74,101132.33,101120.04,
039HI,2024-01-15T15:50:00Z,100070.0,17.611,78.2,1.595,98.1,2.166,0.0,20.1,19.578,22.55,25.728,0.0,39.5,37.3,11.4,12.97,-60.37,-3.94,-56.43,0.64,337.95,394.38,,E,,13.74,101122.22,101109.97,
039HI,2024-01-15T15:55:00Z,100060.0,17.589,78.29,1.605,97.7,2.053,0.0,20.078,19.572,22.539,25.75,0.0,39.5,37.3,11.4,12.96,-60.54,-3.93,-56.61,0.64,337.56,394.17,,E,,13.74,101112.11,101099.95,
039HI,2024-01-15T16:00:00Z,100070.0,17.539,78.57,1.502,103.1,2.166,0.0,20.056,19.561,22.522,25.722,0.0,39.6,37.3,11.4,12.96,-60.64,-4.02,-56.63,0.66,337.34,393.97,,ESE,,13.74,101122.22,101110.23,
039HI,2024-01-15T16:05:00Z,100070.0,17.422,79.03,1.512,97.9,1.945,0.0,20.033,19.522,22.5,25.75,0.0,39.5,37.3,11.4,12.96,-60.56,-3.99,-56.57,0.5,337.04,393.61,,E,,13.72,101122.22,101110.65,
039HI,2024-01-15T16:10:00Z,100070.0,17.361,79.14,1.888,102.1,2.886,0.0,20.011,19.511,22.472,25.711,0.0,39.5,37.3,11.4,12.96,-60.78,-3.98,-56.8,0.64,336.69,393.5,,ESE,,13.68,101122.22,101110.87,
039HI,2024-01-15T16:15:00Z,100070.0,17.361,79.01,1.826,104.0,2.444,0.0,19.989,19.489,22.439,25.728,0.0,39.5,37.3,11.4,12.96,-60.96,-3.92,-57.04,0.64,336.32,393.36,,ESE,,13.66,101122.22,101110.87,
039HI,2024-01-15T16:20:00Z,100070.0,17.278,79.32,1.903,101.6,2.5,0.0,19.967,19.461,22.439,25.728,0.0,39.5,37.2,11.4,12.96,-61.0,-3.9,-57.1,0.52,336.09,393.19,,ESE,,13.64,101122.22,101111.17,
039HI,2024-01-15T16:25:00Z,100080.0,17.2,79.65,1.903,102.2,2.5,0.0,19.939,19.411,22.439,25.7,0.0,39.5,37.2,11.4,12.96,-60.97,-3.91,-57.05,0.52,335.96,393.02,,ESE,,13.63,101132.33,101121.55,
039HI,2024-01-15T16:30:00Z,100070.0,17.128,80.1,1.96,102.5,2.886,0.0,19.917,19.4,22.428,25.728,0.0,39.5,37.2,11.4,12.96,-60.85,-3.91,-56.94,0.46,335.81,392.75,,ESE,,13.64,101122.22,101111.71,
039HI,2024-01-15T16:35:00Z,100070.0,17.089,80.4,2.109,99.2,2.721,0.0,19.894,19.378,22.378,25.711,0.0,39.5,37.2,11.4,12.96,-60.77,-3.89,-56.89,0.6,335.86,392.75,,E,,13.66,101122.22,101111.85,
039HI,2024-01-15T16:40:00Z,100070.0,17.122,80.3,2.5,98.1,3.39,0.0,19.872,19.35,22.372,25.728,0.0,39.5,37.2,11.4,12.96,-60.94,-3.8,-57.14,0.69,335.62,392.76,,E,,13.68,101122.22,101111.73,
039HI,2024-01-15T16:45:00Z,100080.0,17.089,80.5,2.063,99.8,2.829,0.0,19.844,19.328,22.361,25.739,0.0,39.5,37.2,11.4,12.96,-60.8,-3.78,-57.01,0.64,335.64,392.65,,E,,13.68,101132.33,101121.95,
039HI,2024-01-15T16:50:00Z,100080.0,17.122,80.3,2.366,95.5,3.112,0.0,19.817,19.311,22.328,25.739,0.0,39.5,37.2,11.4,12.96,-60.39,-3.49,-56.91,0.75,335.83,392.74,,E,,13.68,101132.33,101121.83,
039HI,2024-01-15T16:55:00Z,100080.0,17.128,80.2,2.109,102.6,2.886,0.0,19.794,19.289,22.328,25.75,0.0,39.5,37.2,11.4,12.96,-60.25,-2.94,-57.31,0.8,335.39,392.7,,ESE,,13.66,101132.33,101121.81,
039HI,2024-01-15T17:00:00Z,100080.0,17.1,80.4,2.058,97.7,2.778,0.0,19.778,19.272,22.272,25.761,0.0,39.5,37.2,11.4,12.96,-58.98,-1.88,-57.1,0.88,335.54,392.64,,E,,13.67,101132.33,101121.91,
039HI,2024-01-15T17:05:00Z,100080.0,17.128,80.3,2.516,98.4,3.39,1.1,19.756,19.239,22.289,25.761,0.0,39.5,37.2,11.4,12.96,-57.69,-0.01,-57.69,1.1,335.11,392.79,,E,,13.68,101132.33,101121.81,
039HI,2024-01-15T17:10:00Z,100090.0,17.089,80.6,2.192,97.5,2.829,3.33,19.739,19.228,22.261,25.722,0.0,39.5,37.2,11.4,12.96,-55.64,2.19,-57.83,1.14,334.96,392.8,,E,,13.7,101142.43,101132.06,
039HI,2024-01-15T17:15:00Z,100090.0,17.139,80.6,2.397,96.8,3.164,6.32,19.722,19.189,22.239,25.75,0.0,39.4,37.2,11.4,12.95,-53.13,4.85,-57.98,1.47,335.06,393.04,,E,,13.75,101142.43,101131.88,
039HI,2024-01-15T17:20:00Z,100090.0,17.178,80.4,2.402,95.7,3.112,9.23,19.706,19.172,22.211,25.739,0.0,39.5,37.2,11.4,12.94,-50.34,7.62,-57.96,1.61,335.32,393.28,,E,,13.75,101142.43,101131.74,
039HI,2024-01-15T17:25:00Z,100090.0,17.239,79.86,2.541,95.1,3.334,12.35,19.689,19.15,22.211,25.75,0.0,39.4,37.2,11.4,12.94,-47.92,10.48,-58.4,1.87,335.23,393.63,,E,,13.7,101142.43,101131.52,
039HI,2024-01-15T17:30:00Z,100090.0,17.272,79.55,2.5,95.8,3.39,15.26,19.678,19.15,22.189,25.728,0.0,39.4,37.2,11.4,12.94,-45.48,13.33,-58.81,1.93,335.04,393.85,,E,,13.68,101142.43,101131.4,
039HI,2024-01-15T17:35:00Z,100090.0,17.272,79.35,2.51,99.1,3.663,18.13,19.661,19.122,22.172,25.728,0.0,39.4,37.2,11.4,12.94,-43.37,16.07,-59.44,2.06,334.62,394.06,,E,,13.64,101142.43,101131.4,
039HI,2024-01-15T17:40:00Z,100090.0,17.311,79.2,2.325,97.6,3.334,21.14,19.65,19.1,22.161,25.739,0.0,39.4,37.2,11.4,12.94,-40.87,18.87,-59.74,2.27,334.58,394.32,,E,,13.65,101142.43,101131.26,
039HI,2024-01-15T17:45:00Z,100090.0,17.411,78.43,2.675,93.8,3.611,25.45,19.644,19.1,22.15,25.711,0.0,39.4,37.2,11.4,12.95,-37.19,22.72,-59.91,2.72,334.81,394.72,,E,,13.59,101142.43,101130.9,
039HI,2024-01-15T17:50:00Z,100090.0,17.461,77.8,2.474,96.7,3.277,33.99,19.633,19.061,22.1,25.722,0.0,39.4,37.2,11.4,12.96,-29.97,30.36,-60.33,3.63,334.78,395.11,,E,,13.52,101142.43,101130.72,
039HI,2024-01-15T17:55:00Z,100100.0,17.628,77.29,2.264,100.9,3.164,116.55,19.639,19.05,22.111,25.728,0.0,39.4,37.2,11.4,12.98,38.55,101.05,-62.5,15.5,334.79,397.29,,E,,13.58,101152.54,101140.22,
039HI,2024-01-15T18:00:00Z,100100.0,18.011,76.11,2.274,95.6,3.22,143.19,19.683,19.028,22.1,25.761,0.0,39.4,37.2,11.4,13.01,60.27,124.86,-64.59,18.33,335.91,400.5,,E,,13.71,101152.54,101138.85,
039HI,2024-01-15T18:05:00Z,100110.0,18.389,74.54,2.377,97.2,3.112,161.39,19.739,18.978,22.039,25.722,0.0,39.4,37.2,11.4,13.04,74.61,141.24,-66.63,20.16,336.53,403.16,,E,,13.75,101162.64,101147.6,
039HI,2024-01-15T18:10:00Z,100120.0,18.778,73.17,2.361,97.4,3.22,180.62,19.8,19.011,22.072,25.739,0.0,39.4,37.2,11.4,13.09,90.09,158.41,-68.33,22.21,337.43,405.76,,E,,13.84,101172.75,101156.31,
039HI,2024-01-15T18:15:00Z,100120.0,19.222,72.18,2.264,95.7,,200.27,19.867,18.989,22.022,25.728,0.0,39.4,37.2,11.4,13.15,105.93,175.76,-69.83,24.51,338.78,408.61,,E,,14.06,101172.75,101154.73,
039HI,2024-01-15T18:20:00Z,100130.0,19.65,70.95,2.171,91.0,,219.62,19.933,18.972,22.028,25.739,0.0,39.4,37.2,11.4,13.21,121.46,192.94,-71.48,26.68,340.05,411.53,,E,,14.2,101182.85,101163.32,
039HI,2024-01-15T18:25:00Z,100130.0,20.1,69.95,2.109,89.9,2.829,239.21,20.006,19.022,22.022,25.75,0.0,39.4,37.2,11.4,13.3,136.68,210.27,-73.59,28.94,341.07,414.66,,E,,14.42,101182.85,101161.72,
039HI,2024-01-15T18:30:00Z,100130.0,20.511,68.79,2.13,90.1,2.829,258.38,20.106,19.011,21.978,25.739,0.0,39.4,37.2,11.4,13.4,151.91,227.33,-75.41,31.05,342.21,417.63,,E,,14.55,101182.85,101160.27,
039HI,2024-01-15T18:35:00Z,100130.0,20.9,67.88,1.687,96.8,2.665,277.74,20.217,19.028,21.972,25.75,0.0,39.4,37.2,11.4,13.51,167.15,244.6,-77.46,33.13,343.46,420.92,,E,,14.72,101182.85,101158.9,
039HI,2024-01-15T18:40:00Z,100120.0,21.361,67.52,1.569,90.2,2.444,297.58,20.35,19.061,21.961,25.728,0.0,39.5,37.2,11.4,13.61,182.71,262.37,-79.66,35.21,344.65,424.31,,E,,15.07,101172.75,101147.18,
039HI,2024-01-15T18:45:00Z,100120.0,21.728,67.57,1.518,82.2,2.387,318.15,20.456,19.139,21.961,25.739,0.0,39.5,37.2,11.4,13.72,198.6,280.8,-82.2,37.34,345.6,427.8,,E,,15.44,101172.75,101145.89,
039HI,2024-01-15T18:50:00Z,100120.0,21.922,67.54,0.839,86.7,1.554,336.98,20.55,19.178,21.928,25.739,0.0,39.5,37.2,11.4,13.71,213.11,298.01,-84.9,38.96,346.19,431.1,,E,,15.62,101172.75,101145.22,
039HI,2024-01-15T18:55:00Z,100110.0,22.211,67.08,0.329,174.2,1.111,354.52,20.733,19.261,21.922,25.728,0.0,39.5,37.1,11.4,13.71,226.4,314.15,-87.75,40.37,346.99,434.74,,S,,15.79,101162.64,101134.1,
039HI,2024-01-15T19:00:00Z,100110.0,22.278,68.11,0.761,230.0,1.332,372.12,20.939,19.328,21.9,25.75,0.0,39.6,37.1,11.4,13.71,240.86,330.59,-89.72,41.54,347.69,437.42,,SW,,16.09,101162.64,101133.87,
039HI,2024-01-15T19:05:00Z,100110.0,22.35,68.14,0.268,209.3,0.998,389.94,21.122,19.389,21.9,25.739,0.0,39.6,37.1,11.4,13.71,254.12,346.69,-92.57,43.25,348.0,440.57,,SSW,,16.16,101162.64,101133.62,
039HI,2024-01-15T19:10:00Z,100110.0,22.439,67.75,0.643,221.5,1.446,408.81,21.267,19.511,21.872,25.75,0.0,39.6,37.1,11.4,13.71,270.96,365.25,-94.29,43.56,349.04,443.33,,SW,,16.16,101162.64,101133.31,
039HI,2024-01-15T19:15:00Z,100110.0,22.439,67.16,0.792,268.5,1.945,427.4,21.361,19.622,21.889,25.739,0.0,39.6,37.1,11.4,13.71,286.49,382.24,-95.74,45.16,349.53,445.28,,W,,16.02,101162.64,101133.31,
039HI,2024-01-15T19:20:00Z,100110.0,22.461,66.95,0.777,233.4,1.667,445.0,21.533,19.722,21.878,25.75,0.0,39.7,37.1,11.4,13.71,299.65,397.57,-97.92,47.43,349.69,447.61,,SW,,15.99,101162.64,101133.23,
039HI,2024-01-15T19:25:00Z,100110.0,22.672,67.42,0.875,252.7,2.33,464.55,21.722,19.872,21.861,25.739,0.0,39.7,37.2,11.4,13.71,314.79,414.6,-99.81,49.96,350.78,450.59,,WSW,,16.31,101162.64,101132.5,
039HI,2024-01-15T19:30:00Z,100100.0,22.95,66.68,1.137,247.5,2.608,482.81,21.872,20.011,21.872,25.739,0.0,39.7,37.1,11.4,13.71,329.51,431.14,-101.63,51.68,351.04,452.67,,WSW,,16.4,101152.54,101121.43,
039HI,2024-01-15T19:35:00Z,100110.0,23.022,66.78,1.389,248.4,2.721,499.79,22.006,20.128,21.861,25.739,0.0,39.8,37.1,11.4,13.71,343.63,446.55,-102.92,53.24,351.22,454.14,,WSW,,16.49,101162.64,101131.28,
039HI,2024-01-15T19:40:00Z,100100.0,23.072,66.79,1.199,250.0,2.33,517.76,22.072,20.261,21.878,25.75,0.0,39.8,37.1,11.4,13.69,357.35,462.23,-104.88,55.53,351.44,456.32,,WSW,,16.54,101152.54,101121.01,
039HI,2024-01-15T19:45:00Z,100100.0,22.972,66.64,1.831,252.3,3.056,534.77,22.189,20.422,21.85,25.75,0.0,39.9,37.1,11.4,13.69,372.21,477.56,-105.35,57.21,352.3,457.65,,WSW,,16.41,101152.54,101121.36,
039HI,2024-01-15T19:50:00Z,100100.0,23.35,66.34,1.476,226.7,2.829,551.2,22.356,20.572,21.85,25.75,0.0,39.9,37.1,11.4,13.68,383.31,490.88,-107.57,60.32,352.92,460.49,,SW,,16.7,101152.54,101120.05,
039HI,2024-01-15T19:55:00Z,100100.0,23.6,65.43,1.734,237.9,3.39,566.35,22.522,20.722,21.861,25.728,0.0,39.9,37.1,11.4,13.69,395.3,504.48,-109.18,61.87,353.65,462.83,,WSW,,16.72,101152.54,101119.18,
039HI,2024-01-15T20:00:00Z,100090.0,23.378,65.99,1.77,233.3,2.829,582.26,22.667,20.878,21.889,25.739,0.0,40.0,37.1,11.4,13.69,409.36,519.08,-109.72,63.18,354.0,463.72,,SW,,16.64,101142.43,101109.85,
039HI,2024-01-15T20:05:00Z,100090.0,23.4,67.31,1.523,269.0,2.721,596.24,22.756,21.039,21.9,25.739,0.0,40.0,37.1,11.4,13.69,419.71,531.83,-112.12,64.41,354.38,466.5,,W,,16.98,101142.43,101109.77,
039HI,2024-01-15T20:10:00Z,100090.0,23.361,67.75,1.765,259.4,2.829,608.54,22.789,21.189,21.9,25.728,0.0,40.0,37.1,11.4,13.68,430.53,543.35,-112.81,65.2,354.86,467.67,,W,,17.04,101142.43,101109.9,
039HI,2024-01-15T20:15:00Z,100080.0,23.372,68.6,1.723,246.8,3.442,625.24,22.95,21.372,21.9,25.75,0.0,40.1,37.1,11.4,13.67,443.01,557.48,-114.47,67.76,355.68,470.15,,WSW,,17.25,101132.33,101099.76,
039HI,2024-01-15T20:20:00Z,100080.0,23.428,68.75,1.693,260.7,3.498,638.32,23.133,21.522,21.922,25.722,0.0,40.1,37.1,11.4,13.67,453.25,569.13,-115.89,69.18,356.14,472.03,,W,,17.34,101132.33,101099.57,
039HI,2024-01-15T20:25:00Z,100070.0,23.589,69.14,1.77,253.0,3.776,652.46,23.294,21.65,21.939,25.739,0.0,40.2,37.1,11.4,13.67,464.84,581.54,-116.7,70.91,357.23,473.93,,WSW,,17.58,101122.22,101088.91,
039HI,2024-01-15T20:30:00Z,100060.0,23.639,69.54,1.677,238.8,3.112,665.75,23.456,21.828,21.972,25.722,0.0,40.2,37.1,11.4,13.67,474.7,593.22,-118.51,72.53,358.05,476.56,,WSW,,17.72,101112.11,101078.64,
039HI,2024-01-15T20:35:00Z,100050.0,23.822,69.53,1.451,228.8,3.776,678.58,23.583,21.989,21.989,25.761,0.0,40.2,37.1,11.4,13.66,484.1,604.25,-120.15,74.33,359.08,479.23,,SW,,17.9,101102.01,101067.9,
039HI,2024-01-15T20:40:00Z,100050.0,24.411,66.91,2.258,234.6,4.054,693.21,23.689,22.15,22.022,25.728,0.0,40.3,37.1,11.4,13.67,496.46,616.64,-120.18,76.57,361.1,481.28,,SW,,17.85,101102.01,101065.88,
039HI,2024-01-15T20:45:00Z,100040.0,24.611,65.01,3.298,219.1,5.165,708.05,23.722,22.328,22.028,25.728,0.0,40.3,37.1,11.4,13.66,510.26,629.75,-119.49,,361.09,480.58,,SW,,17.58,101091.9,101055.09,
039HI,2024-01-15T20:50:00Z,100030.0,24.45,66.39,3.118,217.7,5.33,719.28,23.806,22.489,22.072,25.728,0.0,40.4,37.0,11.4,13.66,519.54,639.41,-119.87,79.87,360.88,480.75,,SW,,17.76,101081.8,101045.54,
039HI,2024-01-15T20:55:00Z,100020.0,24.561,66.41,3.184,228.3,5.551,729.26,23.944,22.639,22.089,25.728,0.0,40.4,37.0,11.4,13.66,526.6,647.71,-121.1,81.56,361.05,482.15,,SW,,17.87,101071.69,101035.06,
039HI,2024-01-15T21:00:00Z,100010.0,24.811,65.09,3.148,228.0,5.607,741.17,24.094,22.828,22.122,25.728,0.0,40.4,37.0,11.4,13.66,534.71,657.78,-123.07,83.39,361.22,484.29,,SW,,17.79,101061.59,101024.1,
039HI,2024-01-15T21:05:00Z,100000.0,24.761,65.37,3.4,221.1,6.996,751.04,24.217,22.989,22.172,25.739,0.0,40.5,37.0,11.4,13.65,543.96,666.78,-122.82,84.26,362.13,484.95,,SW,,17.81,101051.48,101014.17,
039HI,2024-01-15T21:10:00Z,,25.039,67.48,2.804,227.2,4.609,759.78,24.383,23.128,22.189,25.728,0.0,40.5,37.0,11.4,13.65,549.65,673.95,-124.3,85.84,364.42,488.72,,SW,,18.58,,None,
039HI,2024-01-15T21:15:00Z,,24.861,67.18,3.961,226.7,6.384,771.76,24.528,23.278,22.222,25.75,0.0,40.5,37.0,11.4,13.64,561.48,685.34,-123.86,86.42,364.22,488.08,,SW,,18.34,,None,
039HI,2024-01-15T21:20:00Z,,24.611,68.41,4.316,229.7,7.166,781.06,24.644,23.422,22.278,25.7,0.0,40.6,37.0,11.4,13.64,569.82,693.76,-123.94,87.3,363.18,487.12,,SW,,18.39,,None,
039HI,2024-01-15T21:25:00Z,,24.7,68.76,3.174,232.8,5.108,784.56,24.783,23.578,22.311,25.728,0.0,40.6,37.0,11.4,13.64,569.06,695.77,-126.71,88.78,363.43,490.15,,SW,,18.56,,None,
039HI,2024-01-15T21:30:00Z,,24.839,66.62,3.725,225.4,6.605,793.35,24.95,23.728,22.328,25.728,0.0,40.6,37.0,11.4,13.64,576.29,703.87,-127.58,89.48,363.76,491.34,,SW,,18.19,,None,
039HI,2024-01-15T21:35:00Z,,24.878,67.15,3.853,233.8,7.717,800.12,25.083,23.872,22.389,25.728,0.0,40.7,37.0,11.4,13.64,581.88,710.16,-128.28,89.96,363.74,492.02,,SW,,18.35,,None,
039HI,2024-01-15T21:40:00Z,,24.578,67.02,4.615,227.5,6.94,805.57,25.194,23.989,22.439,25.711,0.0,40.7,37.0,11.4,13.64,587.4,715.23,-127.83,90.34,362.2,490.03,,SW,,18.03,,None,
039HI,2024-01-15T21:45:00Z,,24.922,68.86,3.709,225.0,7.053,810.8,25.339,24.128,22.478,25.739,0.0,40.7,37.0,11.4,13.65,588.65,718.39,-129.73,92.42,364.29,494.02,,SW,,18.8,,None,
039HI,2024-01-15T21:50:00Z,,24.778,68.87,4.203,226.9,7.11,815.39,25.483,24.339,22.511,25.711,0.0,40.7,37.0,11.4,13.64,593.25,723.37,-130.12,92.01,363.56,493.68,,SW,,18.66,,None,
039HI,2024-01-15T21:55:00Z,99890.0,24.8,69.21,3.781,234.0,6.662,821.77,25.617,24.439,22.572,25.711,0.0,40.8,37.0,11.4,13.64,596.25,728.65,-132.39,93.13,363.31,495.71,,SW,,18.76,100940.33,100902.92,
039HI,2024-01-15T22:00:00Z,99880.0,24.978,68.47,4.08,240.0,7.552,826.25,25.756,24.578,22.611,25.728,0.0,40.8,37.0,11.4,13.65,598.64,732.54,-133.9,93.71,362.72,496.62,,WSW,,18.76,100930.22,100892.21,
039HI,2024-01-15T22:05:00Z,99880.0,25.028,68.94,3.833,233.1,7.274,831.54,25.894,24.711,22.65,25.728,0.0,40.8,37.0,11.4,13.65,601.03,736.67,-135.64,94.88,362.79,498.43,,SW,,18.92,100930.22,100892.04,
039HI,2024-01-15T22:10:00Z,99860.0,25.078,68.82,4.254,229.0,7.943,834.34,26.039,24.839,22.711,25.728,0.0,40.8,37.0,11.4,13.65,603.08,739.18,-136.1,95.16,362.35,498.46,,SW,,18.94,100910.01,100871.67,
039HI,2024-01-15T22:15:00Z,99840.0,25.078,68.47,4.455,223.2,8.612,837.83,26.167,24.978,22.778,25.722,0.0,40.9,37.0,11.4,13.64,604.17,741.55,-137.38,96.28,361.55,498.93,,SW,,18.86,100889.8,100851.46,
039HI,2024-01-15T22:20:00Z,99840.0,24.989,68.9,4.589,228.0,8.221,840.28,26.283,25.1,22.85,25.722,0.0,40.9,37.0,11.4,13.65,605.48,743.62,-138.14,96.66,360.72,498.86,,SW,,18.87,100889.8,100851.77,
039HI,2024-01-15T22:25:00Z,99820.0,24.85,69.27,5.0,223.0,8.329,842.38,26.406,25.222,22.85,25.722,0.0,40.9,37.0,11.4,13.65,608.32,745.72,,96.66,360.58,497.98,,SW,,18.82,100869.59,100832.04,
039HI,2024-01-15T22:30:00Z,99820.0,24.989,68.95,4.409,234.0,7.274,843.18,26.528,25.35,22.922,25.722,0.0,40.9,37.0,11.4,13.65,606.67,745.8,-139.13,97.38,360.58,499.71,,SW,,18.88,100869.59,100831.56,
039HI,2024-01-15T22:35:00Z,99810.0,24.928,67.8,4.846,234.9,8.55,842.5,26.65,25.45,22.989,25.722,0.0,41.0,37.0,11.4,13.65,607.01,746.05,-139.04,96.44,359.96,499.0,,SW,,18.55,100859.49,100821.67,
039HI,2024-01-15T22:40:00Z,99800.0,25.172,67.5,3.812,228.4,6.996,842.33,26.756,25.611,23.011,25.728,0.0,41.0,37.0,11.4,13.65,603.67,745.07,-141.4,97.26,360.71,502.11,,SW,,18.72,100849.38,100810.74,
039HI,2024-01-15T22:45:00Z,99780.0,25.1,67.49,5.062,223.4,7.994,842.12,26.878,25.689,23.1,25.689,0.0,41.0,37.0,11.4,13.65,604.92,745.43,-140.52,96.68,360.1,500.62,,SW,,18.64,100829.17,100790.78,
039HI,2024-01-15T22:50:00Z,99770.0,24.928,67.39,5.124,229.3,8.499,841.37,26.972,25.828,23.128,25.711,0.0,41.0,37.0,11.4,13.65,603.97,744.6,-140.63,96.77,359.41,500.04,,SW,,18.46,100819.07,100781.27,
039HI,2024-01-15T22:55:00Z,99750.0,24.478,67.66,6.441,220.0,9.502,841.49,27.067,25.922,23.189,25.7,0.0,41.1,37.0,11.4,13.65,606.93,745.04,-138.11,96.45,357.76,495.87,,SW,,18.09,100798.86,100762.6,
039HI,2024-01-15T23:00:00Z,99740.0,24.6,67.54,5.968,219.6,10.16,840.91,27.167,26.039,23.25,25.7,0.0,41.1,37.0,11.4,13.66,603.96,743.33,-139.37,97.57,357.68,497.05,,SW,,18.18,100788.75,100752.08,
039HI,2024-01-15T23:05:00Z,99740.0,24.55,68.02,5.52,217.0,8.329,836.94,27.256,26.161,23.322,25.7,0.0,41.1,37.0,11.4,13.66,600.76,740.25,-139.49,96.68,357.46,496.95,,SW,,18.24,100788.75,100752.25,
039HI,2024-01-15T23:10:00Z,99730.0,24.739,67.53,5.649,218.7,9.61,833.39,27.356,26.239,23.389,25.7,0.0,41.1,37.0,11.4,13.66,596.51,737.06,-140.55,96.33,357.63,498.18,,SW,,18.31,100778.65,100741.51,
039HI,2024-01-15T23:15:00Z,99720.0,24.539,66.67,5.361,219.9,9.049,829.05,27.417,26.378,23.422,25.689,0.0,41.1,37.0,11.4,13.66,593.77,733.68,-139.91,95.36,357.14,497.05,,SW,,17.91,100768.54,100732.09,
039HI,2024-01-15T23:20:00Z,99700.0,24.789,65.37,5.772,220.2,9.27,825.25,27.5,26.511,23.5,25.711,0.0,41.1,37.0,11.4,13.66,588.78,729.86,-141.08,95.4,357.39,498.46,,SW,,17.84,100748.33,100711.04,
039HI,2024-01-15T23:25:00Z,99700.0,24.461,67.59,5.921,220.4,9.661,820.23,27.561,26.55,23.539,25.711,0.0,41.1,37.0,11.4,13.65,586.64,725.8,-139.17,94.42,357.08,496.24,,SW,,18.06,100748.33,100712.15,
039HI,2024-01-15T23:30:00Z,99680.0,24.772,67.74,5.067,224.8,10.829,814.78,27.644,26.65,23.6,25.711,0.0,41.2,37.0,11.4,13.65,579.23,720.34,-141.1,94.44,357.71,498.81,,SW,,18.39,100728.12,100690.89,
039HI,2024-01-15T23:35:00Z,99680.0,24.811,66.92,5.813,223.0,8.998,808.65,27.717,26.728,23.678,25.689,0.0,41.2,37.0,11.4,13.65,575.57,715.32,-139.74,93.33,357.79,497.53,,SW,,18.23,100728.12,100690.76,
039HI,2024-01-15T23:40:00Z,99680.0,24.878,67.86,4.872,232.4,9.831,801.1,27.778,26.839,23.722,25.672,0.0,41.2,37.0,11.4,13.66,568.01,708.5,-140.49,92.6,358.76,499.25,,SW,,18.52,100728.12,100690.53,
039HI,2024-01-15T23:45:00Z,99670.0,24.989,66.26,5.469,225.5,8.89,793.3,27.861,26.922,23.778,25.7,0.0,41.2,37.0,11.4,13.66,561.09,701.45,-140.36,91.84,358.75,499.11,,SW,,18.24,100718.01,100680.05,
039HI,2024-01-15T23:50:00Z,99660.0,25.061,66.68,5.129,220.9,9.831,786.25,27.933,26.989,23.828,25.689,0.0,41.2,37.0,11.4,13.66,553.94,695.11,-141.17,91.15,358.99,500.16,,SW,,18.41,100707.91,100669.7,
039HI,2024-01-15T23:55:00Z,99660.0,24.9,66.92,5.093,233.9,10.268,778.24,28.0,27.072,23.878,25.7,0.0,41.2,37.0,11.4,13.66,548.16,688.34,-140.18,89.9,358.91,499.09,,SW,,18.32,100707.91,100670.25,
039HI,2024-01-16T00:00:00Z,99660.0,24.861,67.04,5.299,226.3,8.442,770.12,28.067,27.128,23.95,25.711,0.0,41.2,37.0,11.4,13.66,541.15,680.9,-139.76,89.21,358.78,498.54,,SW,,18.31,100707.91,100670.38,
039HI,2024-01-16T00:05:00Z,99660.0,24.711,66.98,5.319,221.6,8.391,761.28,28.106,27.222,24.011,25.661,0.0,41.2,37.0,11.4,13.64,534.38,672.89,-138.5,88.4,358.17,496.68,,SW,,18.15,100707.91,100670.89,
039HI,2024-01-16T00:10:00Z,99660.0,24.961,66.9,4.625,220.0,7.11,751.12,28.167,27.272,24.05,25.678,0.0,41.2,37.0,11.4,13.64,523.83,663.17,-139.33,87.95,359.66,498.99,,SW,,18.37,100707.91,100670.04,
039HI,2024-01-16T00:15:00Z,99660.0,24.95,66.66,5.088,228.1,9.61,740.57,28.178,27.322,24.128,25.672,0.0,41.2,37.0,11.4,13.64,516.5,654.49,-137.99,86.08,359.89,497.88,,SW,,18.3,100707.91,100670.08,
039HI,2024-01-16T00:20:00Z,99660.0,24.85,66.78,5.489,225.6,8.272,729.86,28.228,27.35,24.189,25.689,0.0,41.2,37.0,11.4,13.64,507.62,644.95,-137.34,84.9,359.2,496.54,,SW,,18.24,100707.91,100670.42,
039HI,2024-01-16T00:25:00Z,99660.0,24.661,67.66,5.371,225.1,8.998,719.58,28.222,27.422,24.261,25.689,0.0,41.2,37.0,11.4,13.64,499.27,635.63,-136.35,83.96,358.76,495.11,,SW,,18.27,100707.91,100671.06,
039HI,2024-01-16T00:30:00Z,99660.0,24.672,67.78,5.484,224.4,8.55,707.79,28.211,27.439,24.311,25.689,0.0,41.2,36.9,11.4,13.64,489.62,624.87,-135.25,82.92,358.91,494.16,,SW,,18.3,100707.91,100671.03,
039HI,2024-01-16T00:35:00Z,99670.0,24.822,67.18,4.471,233.4,7.552,694.94,28.289,27.489,24.35,25.672,0.0,41.2,37.0,11.4,13.64,477.27,612.99,-135.71,81.95,359.54,495.26,,SW,,18.31,100718.01,100680.62,
039HI,2024-01-16T00:40:00Z,99670.0,24.689,67.01,5.324,230.0,8.941,682.88,28.333,27.539,24.4,25.672,0.0,41.2,36.9,11.4,13.64,468.48,602.63,-134.15,80.24,359.15,493.3,,SW,,18.14,100718.01,100681.07,
039HI,2024-01-16T00:45:00Z,99670.0,24.7,67.06,4.877,221.6,8.828,669.07,28.311,27.578,24.461,25.678,0.0,41.2,36.9,11.4,13.64,455.73,589.87,-134.14,79.2,359.53,493.67,,SW,,18.16,100718.01,100681.03,
039HI,2024-01-16T00:50:00Z,99660.0,24.722,67.19,4.867,220.7,7.439,655.99,28.35,27.611,24.561,25.678,0.0,41.2,36.9,11.4,13.64,444.84,577.9,-133.06,78.09,359.42,492.48,,SW,,18.21,100707.91,100670.86,
039HI,2024-01-16T00:55:00Z,99660.0,24.6,67.33,5.381,221.4,8.72,643.22,28.333,27.65,24.589,25.672,0.0,41.2,37.0,11.4,13.64,434.91,566.29,-131.38,76.93,359.17,490.55,,SW,,18.13,100707.91,100671.27,
039HI,2024-01-16T01:00:00Z,99660.0,24.589,67.19,5.062,224.5,8.89,628.33,28.367,27.7,24.628,25.689,0.0,41.2,36.9,11.4,13.64,421.8,552.77,-130.97,75.56,358.9,489.87,,SW,,18.08,100707.91,100671.31,
039HI,2024-01-16T01:05:00Z,99660.0,24.661,68.03,4.471,216.4,8.329,612.38,28.361,27.75,24.689,25.678,0.0,41.2,36.9,11.4,13.65,407.85,538.14,-130.29,74.24,360.17,490.45,,SW,,18.35,100707.91,100671.06,
039HI,2024-01-16T01:10:00Z,99650.0,24.739,67.18,5.422,219.2,9.389,599.33,28.406,27.772,24.728,25.672,0.0,41.2,36.9,11.4,13.65,396.75,526.76,-130.02,72.57,358.9,488.92,,SW,,18.23,100697.8,100660.7,
039HI,2024-01-16T01:15:00Z,99650.0,24.411,67.96,5.592,220.2,8.771,584.88,28.417,27.8,24.828,25.672,0.0,41.2,36.9,11.4,13.65,386.03,513.85,-127.81,71.03,357.88,485.69,,SW,,18.1,100697.8,100661.82,
039HI,2024-01-16T01:20:00Z,99660.0,24.628,68.17,4.702,222.4,8.55,568.35,28.428,27.861,24.861,25.661,0.0,41.2,37.0,11.4,13.65,370.38,498.09,-127.71,70.26,358.38,486.09,,SW,,18.35,100707.91,100671.18,
039HI,2024-01-16T01:25:00Z,99660.0,24.878,68.43,4.424,221.5,8.159,552.53,28.45,27.861,24.961,25.672,0.0,41.2,36.9,11.4,13.65,356.03,483.99,-127.97,68.53,359.26,487.22,,SW,,18.65,100707.91,100670.32,
039HI,2024-01-16T01:30:00Z,99660.0,24.939,67.24,4.728,211.9,7.83,537.2,28.4,27.911,24.972,25.661,0.0,41.2,36.9,11.4,13.65,342.34,470.61,-128.27,66.59,358.2,486.47,,SSW,,18.43,100707.91,100670.12,
039HI,2024-01-16T01:35:00Z,99660.0,24.6,67.48,4.995,207.5,8.828,519.76,28.344,27.911,24.989,25.65,0.0,41.2,36.9,11.4,13.65,329.12,455.52,-126.4,64.24,357.1,,,SSW,,18.16,100707.91,100671.27,
039HI,2024-01-16T01:40:00Z,99660.0,24.522,67.79,5.247,212.3,9.049,503.62,28.356,27.928,25.05,25.628,0.0,41.2,37.0,11.4,13.64,316.16,440.59,-124.43,63.03,356.85,481.29,,SSW,,18.16,100707.91,100671.54,
039HI,2024-01-16T01:45:00Z,99660.0,24.45,67.74,5.057,212.9,9.332,486.02,28.356,27.95,25.128,25.65,0.0,41.2,36.9,11.4,13.65,301.44,424.45,-123.01,61.57,356.92,479.93,,SSW,,18.08,100707.91,100671.78,
039HI,2024-01-16T01:50:00Z,99660.0,24.589,66.98,4.789,221.1,8.771,468.38,28.35,27.978,25.189,25.639,0.0,41.2,36.9,11.4,13.65,286.58,408.52,-121.94,59.86,356.84,478.78,,SW,,18.04,100707.91,100671.31,
039HI,2024-01-16T01:55:00Z,99670.0,24.611,67.08,4.795,230.9,8.612,449.97,28.328,27.972,25.178,25.65,0.0,41.2,36.9,11.4,13.65,271.71,391.98,-120.27,57.99,357.31,477.58,,SW,,18.08,100718.01,100681.34,
039HI,2024-01-16T02:00:00Z,99670.0,24.4,67.91,5.237,223.3,8.828,431.27,28.244,28.011,25.278,25.639,0.0,41.2,36.9,11.4,13.64,257.04,375.37,-118.33,55.9,356.31,474.64,,SW,,18.07,100718.01,100682.06,
039HI,2024-01-16T02:05:00Z,99670.0,24.639,67.64,4.26,230.2,7.552,412.53,28.233,28.0,25.322,25.65,0.0,41.1,36.9,11.4,13.65,240.25,357.79,-117.54,54.74,357.57,475.11,,SW,,18.24,100718.01,100681.24,
039HI,2024-01-16T02:10:00Z,99680.0,24.55,67.81,4.543,222.6,6.996,392.01,28.211,28.0,25.372,25.65,0.0,41.1,36.9,11.4,13.65,224.32,340.14,-115.82,51.87,357.27,473.1,,SW,,18.19,100728.12,100691.65,
039HI,2024-01-16T02:15:00Z,99680.0,24.55,67.57,5.026,219.0,8.442,375.11,28.183,27.989,25.411,25.639,0.0,41.1,36.9,11.4,13.65,209.86,324.68,-114.82,50.43,356.79,471.61,,SW,,18.14,100728.12,100691.65,
039HI,2024-01-16T02:20:00Z,99680.0,24.389,67.63,5.433,226.8,8.771,356.81,28.094,27.972,25.439,25.65,0.0,41.1,36.9,11.4,13.65,195.5,308.23,-112.73,48.58,355.73,468.45,,SW,,18.0,100728.12,100692.2,
039HI,2024-01-16T02:25:00Z,99680.0,24.278,67.7,5.268,217.9,10.551,337.89,28.033,27.972,25.522,25.628,0.0,41.1,36.9,11.4,13.65,179.7,290.79,-111.09,47.1,355.17,466.25,,SW,,17.91,100728.12,100692.58,
039HI,2024-01-16T02:30:00Z,99690.0,24.311,68.13,5.16,219.7,8.72,316.73,27.983,27.961,25.528,25.639,0.0,41.1,36.9,11.4,13.65,161.89,271.58,-109.69,45.15,355.25,464.95,,SW,,18.04,100738.22,100702.56,
039HI,2024-01-16T02:35:00Z,99690.0,24.25,69.1,4.81,213.5,9.162,297.06,27.911,27.928,25.55,25.639,0.0,41.0,36.9,11.4,13.65,145.93,254.34,-108.42,42.72,355.34,463.75,,SSW,,18.21,100738.22,100702.77,
039HI,2024-01-16T02:40:00Z,99700.0,24.322,68.5,4.676,211.3,7.665,278.29,27.844,27.9,25.611,25.639,0.0,41.0,36.9,11.4,13.65,130.39,237.9,-107.51,40.38,355.05,462.56,,SSW,,18.14,100748.33,100712.63,
039HI,2024-01-16T02:45:00Z,99710.0,24.372,68.0,4.033,209.8,6.719,259.01,27.767,27.872,25.65,25.639,0.0,41.0,36.9,11.4,13.64,114.33,220.94,-106.61,38.07,354.63,461.24,,SSW,,18.07,100758.43,100722.56,
039HI,2024-01-16T02:50:00Z,99710.0,24.311,68.16,4.882,217.1,8.272,240.18,27.722,27.85,25.661,25.628,0.0,41.0,36.9,11.4,13.65,99.66,204.4,-104.74,35.78,354.4,459.14,,SW,,18.05,100758.43,100722.77,
039HI,2024-01-16T02:55:00Z,99710.0,24.311,68.35,4.388,224.1,6.832,220.28,27.661,27.822,25.711,25.622,0.0,40.9,36.9,11.4,13.65,83.0,186.71,-103.71,33.57,354.06,457.77,,SW,,18.09,100758.43,100722.77,
039HI,2024-01-16T03:00:00Z,99710.0,24.189,68.54,4.471,222.9,8.658,199.7,27.594,27.761,25.722,25.622,0.0,40.9,36.9,11.4,13.65,67.2,168.96,-101.76,30.74,353.69,455.45,,SW,,18.02,100758.43,100723.18,
039HI,2024-01-16T03:05:00Z,99710.0,24.189,69.72,4.27,221.1,8.159,180.06,27.511,27.728,25.75,25.628,0.0,40.9,36.9,11.4,13.65,51.4,151.71,-100.31,28.35,353.8,454.11,,SW,,18.29,100758.43,100723.18,
039HI,2024-01-16T03:10:00Z,99710.0,24.072,69.81,4.692,215.6,8.612,157.5,27.428,27.672,25.8,25.622,0.0,40.9,36.9,11.4,13.65,33.59,132.51,-98.92,25.0,352.69,451.61,,SW,,18.2,100758.43,100723.58,
039HI,2024-01-16T03:15:00Z,99710.0,23.961,70.08,5.031,216.3,8.998,143.09,27.344,27.639,25.85,25.622,0.0,40.8,36.9,11.4,13.65,21.94,119.53,-97.59,23.56,351.74,449.33,,SW,,18.16,100758.43,100723.96,
039HI,2024-01-16T03:20:00Z,99710.0,23.911,69.91,4.573,218.0,7.943,124.0,27.244,27.589,25.85,25.639,0.0,40.8,36.9,11.4,13.67,6.87,102.86,-95.99,21.14,351.45,447.43,,SW,,18.07,100758.43,100724.14,
039HI,2024-01-16T03:25:00Z,99720.0,23.828,69.83,4.913,213.7,8.55,101.96,27.15,27.55,25.878,25.611,0.0,40.7,36.9,11.4,13.67,-10.29,84.04,-94.33,17.92,350.99,445.31,,SSW,,17.97,100768.54,100734.52,
039HI,2024-01-16T03:30:00Z,99720.0,23.761,70.2,4.846,217.0,7.773,82.66,27.05,27.522,25.9,25.628,0.0,40.7,36.9,11.4,13.67,-24.87,67.58,-92.45,15.08,350.69,443.15,,SW,,17.99,100768.54,100734.75,
039HI,2024-01-16T03:35:00Z,99720.0,23.661,70.03,5.006,217.7,8.329,69.9,26.95,27.439,25.922,25.628,0.0,40.7,36.9,11.4,13.67,-33.81,56.98,-90.8,12.92,350.36,441.16,,SW,,17.86,100768.54,100735.1,
039HI,2024-01-16T03:40:00Z,99720.0,23.561,70.54,5.15,219.7,8.051,55.34,26.85,27.35,25.922,25.6,0.0,40.6,36.9,11.4,13.67,-42.88,46.0,-88.88,9.33,350.13,439.01,,SW,,17.88,100768.54,100735.44,
039HI,2024-01-16T03:45:00Z,99740.0,23.461,71.1,4.337,218.3,7.609,29.03,26.756,27.278,25.939,25.622,0.0,40.6,36.9,11.4,13.34,-61.54,25.03,-86.57,4.0,350.47,437.04,,SW,,17.9,100788.75,100755.99,
039HI,2024-01-16T03:50:00Z,99740.0,23.3,72.01,4.501,221.9,7.609,15.66,26.683,27.222,25.95,25.611,0.0,40.6,36.9,11.4,13.26,-71.23,13.34,-84.57,2.31,350.62,435.2,,SW,,17.95,100788.75,100756.54,
039HI,2024-01-16T03:55:00Z,99750.0,23.228,72.33,4.738,211.9,8.499,10.64,26.617,27.139,25.978,25.589,0.0,40.5,36.9,11.4,13.21,-74.5,8.59,-83.09,2.05,350.74,433.83,,SSW,,17.95,100798.86,100766.89,
039HI,2024-01-16T04:00:00Z,99760.0,23.178,72.61,4.836,217.8,7.387,6.14,26.528,27.072,25.972,25.6,0.0,40.5,36.9,11.4,13.2,-78.09,4.53,-82.62,1.61,350.04,432.66,,SW,,17.97,100808.96,100777.17,
039HI,2024-01-16T04:05:00Z,99760.0,23.111,73.3,4.11,218.7,7.166,2.66,26.428,26.972,25.972,25.6,0.0,40.4,36.9,11.4,13.19,-80.5,1.3,-81.8,1.36,349.84,431.64,,SW,,18.05,100808.96,100777.4,
039HI,2024-01-16T04:10:00Z,99780.0,23.072,73.59,4.249,219.2,7.886,0.0,26.333,26.889,26.011,25.622,0.0,40.4,36.9,11.4,13.18,-81.3,-1.18,-80.12,1.16,350.75,430.87,,SW,,18.08,100829.17,100797.73,
039HI,2024-01-16T04:15:00Z,99790.0,23.039,74.04,3.858,217.3,7.331,0.0,26.239,26.828,26.0,25.6,0.0,40.3,36.9,11.4,13.17,-81.07,-3.0,-78.07,1.02,352.26,430.33,,SW,,18.14,100839.28,100807.95,
039HI,2024-01-16T04:20:00Z,99810.0,23.028,74.47,4.126,219.8,7.609,0.0,26.15,26.711,26.011,25.589,0.0,40.3,36.9,11.4,13.16,-80.32,-4.02,-76.3,0.95,353.63,429.93,,SW,,18.23,100859.49,100828.19,
039HI,2024-01-16T04:25:00Z,99820.0,23.0,74.8,3.848,216.9,7.166,0.0,26.061,26.628,26.022,25.589,0.0,40.3,36.9,11.4,13.16,-79.38,-4.48,-74.9,0.79,354.65,429.55,,SW,,18.27,100869.59,100838.39,
039HI,2024-01-16T04:30:00Z,99830.0,23.0,74.7,3.781,218.2,6.384,0.0,25.978,26.539,26.028,25.611,0.0,40.2,36.9,11.4,13.15,-78.65,-4.64,-74.01,0.77,355.15,429.16,,SW,,18.25,100879.7,100848.49,
039HI,2024-01-16T04:35:00Z,99840.0,22.939,75.17,3.118,213.5,6.106,0.0,25.9,26.428,26.011,25.578,0.0,40.2,36.9,11.4,13.15,-78.0,-4.8,-73.19,0.69,355.43,428.62,,SSW,,18.29,100889.8,100858.8,
039HI,2024-01-16T04:40:00Z,99860.0,22.911,75.42,3.436,214.8,6.605,0.0,25.822,26.339,25.972,25.589,0.0,40.2,36.9,11.4,13.15,-75.86,-4.67,-71.2,0.75,357.16,428.36,,SW,,18.32,100910.01,100879.11,
039HI,2024-01-16T04:45:00Z,99860.0,22.85,75.68,3.287,211.8,4.887,0.0,25.75,26.272,26.022,25.622,0.0,40.1,36.9,11.4,13.15,-72.99,-4.55,-68.45,0.7,359.62,428.07,,SSW,,18.31,100910.01,100879.32,
039HI,2024-01-16T04:50:00Z,99860.0,22.822,76.07,2.989,213.1,5.443,0.0,25.683,26.178,25.989,25.589,0.0,40.1,36.9,11.4,13.14,-73.17,-4.56,-68.61,0.7,359.15,427.76,,SSW,,18.37,100910.01,100879.41,
039HI,2024-01-16T04:55:00Z,99870.0,22.828,76.09,3.663,208.8,6.775,0.0,25.611,26.089,26.0,25.611,0.0,40.1,36.9,11.4,13.14,-75.44,-4.65,-70.79,0.82,356.49,427.28,,SSW,,18.38,100920.12,100889.49,
039HI,2024-01-16T05:00:00Z,99880.0,22.811,76.44,3.545,208.6,5.33,0.0,25.539,25.939,25.972,25.572,0.0,40.0,36.9,11.4,13.14,-74.89,-4.59,-70.3,0.75,356.73,427.03,,SSW,,18.43,100930.22,100899.65,
039HI,2024-01-16T05:05:00Z,99890.0,22.761,76.84,3.04,209.7,5.108,0.0,25.472,25.911,25.972,25.589,0.0,40.0,36.9,11.4,13.13,-74.03,-4.67,-69.36,0.69,357.3,426.66,,SSW,,18.47,100940.33,100909.93,
039HI,2024-01-16T05:10:00Z,,22.789,77.22,3.622,208.7,6.055,0.0,25.411,25.811,25.989,25.611,0.0,40.0,36.9,11.4,13.13,-69.51,-4.33,-65.19,0.82,361.77,426.95,,SSW,,18.58,,None,
039HI,2024-01-16T05:15:00Z,,22.75,77.83,3.298,203.4,5.499,0.0,25.35,25.75,25.939,25.578,0.0,39.9,36.9,11.4,13.13,-68.94,-4.24,-64.7,0.63,362.15,426.85,,SSW,,18.66,,None,
039HI,2024-01-16T05:20:00Z,,22.75,77.92,3.539,204.1,6.719,0.0,25.294,25.672,25.922,25.611,0.0,39.9,36.9,11.4,13.13,-60.69,-3.97,-56.72,0.69,370.44,427.16,,SSW,,18.68,,None,
039HI,2024-01-16T05:25:00Z,,22.85,78.43,3.761,210.6,6.276,0.0,25.25,25.589,25.9,25.572,0.0,39.9,36.9,11.4,13.13,-45.94,-2.93,-43.01,0.77,385.75,428.76,,SSW,,18.88,,None,
039HI,2024-01-16T05:30:00Z,,22.828,78.67,3.421,205.1,5.998,0.0,25.206,25.511,25.878,25.6,0.0,39.9,36.9,11.4,13.13,-60.01,-3.54,-56.47,0.54,371.54,428.0,,SSW,,18.91,,None,
039HI,2024-01-16T05:35:00Z,,22.85,78.35,3.498,209.8,6.719,0.0,25.15,25.422,25.889,25.589,0.0,39.8,36.9,11.4,13.12,-40.61,-3.13,-37.47,0.63,391.46,428.93,,SSW,,18.87,,None,
039HI,2024-01-16T05:40:00Z,,22.85,78.68,2.649,204.9,4.496,0.0,25.117,25.311,25.878,25.589,0.0,39.8,36.9,11.4,13.12,-34.61,-2.41,-32.2,0.44,397.57,429.77,,SSW,,18.94,,None,
039HI,2024-01-16T05:45:00Z,,22.828,78.43,2.423,207.1,3.997,0.0,25.089,25.289,25.861,25.589,0.0,39.8,36.9,11.4,13.12,-23.86,-1.77,-22.09,0.43,408.63,430.72,,SSW,,18.86,,None,
039HI,2024-01-16T05:50:00Z,,22.85,78.15,2.984,204.4,5.0,0.0,25.056,25.222,25.872,25.589,0.0,39.8,36.9,11.4,13.12,-36.26,-2.23,-34.03,0.44,396.01,430.04,,SSW,,18.83,,None,
039HI,2024-01-16T05:55:00Z,,22.911,76.91,3.334,205.9,6.22,0.0,25.0,25.139,25.811,25.561,0.0,39.8,36.9,11.4,13.12,-62.57,-3.39,-59.19,0.54,368.85,428.03,,SSW,,18.63,,None,
039HI,2024-01-16T06:00:00Z,,22.828,76.63,2.665,207.4,4.11,0.0,24.939,25.078,25.8,25.572,0.0,39.8,36.9,11.4,13.12,-56.66,-3.75,-52.91,0.41,374.46,427.37,,SSW,,18.49,,None,
039HI,2024-01-16T06:05:00Z,,22.85,75.87,3.493,203.4,5.829,0.0,24.889,25.022,25.761,25.611,0.0,39.7,36.9,11.4,13.11,-68.93,-4.08,-64.85,0.6,361.33,426.18,,SSW,,18.35,,None,
039HI,2024-01-16T06:10:00Z,,22.939,75.17,3.699,196.2,6.22,0.0,24.828,24.961,25.739,25.578,0.0,39.7,36.9,11.4,13.11,-68.4,-4.2,-64.2,0.81,361.61,425.81,,SSW,,18.29,,None,
039HI,2024-01-16T06:15:00Z,,22.889,75.56,2.881,206.4,4.553,0.0,24.772,24.9,25.739,25.589,0.0,39.7,36.9,11.4,13.11,-62.05,-3.99,-58.06,0.56,367.88,425.94,,SSW,,18.32,,None,
039HI,2024-01-16T06:20:00Z,,22.911,76.21,3.256,200.6,5.386,0.0,24.728,24.85,25.7,25.578,0.0,39.7,36.9,11.4,13.11,-57.6,-3.73,-53.88,0.6,372.32,426.2,,SSW,,18.48,,None,
039HI,2024-01-16T06:25:00Z,,22.911,76.92,2.989,201.2,4.609,0.0,24.694,24.789,25.672,25.589,0.0,39.7,36.9,11.4,13.11,-40.96,-2.82,-38.14,0.58,389.45,427.59,,SSW,,18.63,,None,
039HI,2024-01-16T06:30:00Z,,22.922,77.2,2.696,213.4,4.944,0.0,24.667,24.761,25.678,25.589,0.0,39.6,36.9,11.4,13.11,-27.47,-2.16,-25.31,0.42,403.48,428.79,,SSW,,18.7,,None,
039HI,2024-01-16T06:35:00Z,,23.061,76.97,3.128,213.1,5.052,0.0,24.644,24.7,25.672,25.572,0.0,39.6,36.9,11.4,13.11,-22.31,-1.54,-20.77,0.64,409.34,430.11,,SSW,,18.79,,None,
039HI,2024-01-16T06:40:00Z,,23.1,76.75,2.896,211.9,4.887,0.0,24.617,24.628,25.622,25.589,0.0,39.6,36.9,11.4,13.11,-57.06,-2.94,-54.12,0.41,374.05,428.17,,SSW,,18.78,,None,
039HI,2024-01-16T06:45:00Z,,23.072,76.53,2.968,213.4,5.33,0.0,24.561,24.578,25.611,25.589,0.0,39.6,36.9,11.4,13.11,-66.91,-4.02,-62.89,0.42,363.75,426.64,,SSW,,18.71,,None,
039HI,2024-01-16T06:50:00Z,,23.0,76.62,2.757,211.1,4.831,0.0,24.511,24.561,25.589,25.578,0.0,39.6,36.8,11.4,13.11,-66.18,-4.15,-62.03,0.41,363.91,425.94,,SSW,,18.66,,None,
039HI,2024-01-16T06:55:00Z,,22.972,76.88,3.051,210.3,4.717,0.0,24.472,24.489,25.528,25.578,0.0,39.6,36.9,11.4,13.1,-65.97,-4.11,-61.86,0.54,363.8,425.66,,SSW,,18.68,,None,
039HI,2024-01-16T07:00:00Z,,23.028,76.36,3.076,216.1,4.887,0.0,24.428,24.439,25.539,25.622,0.0,39.5,36.9,11.4,13.1,-63.8,-4.0,,0.73,365.94,425.74,,SW,,18.63,,None,
039HI,2024-01-16T07:05:00Z,,23.089,76.76,3.066,218.9,5.499,0.0,24.389,24.389,25.539,25.589,0.0,39.5,36.9,11.4,13.1,-57.91,-3.69,-54.22,0.67,372.03,426.25,,SW,,18.77,,None,
039HI,2024-01-16T07:10:00Z,,23.178,76.55,3.364,212.4,6.163,0.0,24.356,24.35,25.489,25.589,0.0,39.5,36.9,11.4,13.1,-58.91,-3.55,-55.36,0.72,371.22,426.58,,SSW,,18.81,,None,
039HI,2024-01-16T07:15:00Z,,23.222,76.54,3.812,201.3,6.055,0.0,24.317,24.322,25.472,25.6,0.0,39.5,36.8,11.4,13.1,-57.28,-3.45,-53.83,0.52,372.91,426.74,,SSW,,18.85,,None,
039HI,2024-01-16T07:20:00Z,,23.228,77.63,3.303,209.0,5.829,0.0,24.278,24.25,25.439,25.611,0.0,39.5,36.8,11.4,13.1,-54.34,-3.29,-51.05,0.43,376.25,427.3,,SSW,,19.09,,None,
039HI,2024-01-16T07:25:00Z,,23.278,77.41,3.719,210.5,5.998,0.0,24.25,24.228,25.439,25.589,0.0,39.4,36.8,11.4,13.1,-50.05,-3.04,-47.02,0.51,380.8,427.81,,SSW,,19.09,,None,
039HI,2024-01-16T07:30:00Z,,23.278,77.56,3.735,208.3,6.497,0.0,24.228,24.172,25.411,25.6,0.0,39.4,36.9,11.4,13.1,-37.85,-2.49,-35.36,0.33,393.38,428.74,,SSW,,19.12,,None,
039HI,2024-01-16T07:35:00Z,,23.261,78.17,3.514,200.6,6.106,0.0,24.217,24.128,25.372,25.589,0.0,39.4,36.8,11.4,13.1,-43.79,-2.47,-41.32,0.21,387.4,428.73,,SSW,,19.23,,None,
039HI,2024-01-16T07:40:00Z,,23.261,78.73,3.627,205.4,7.331,0.0,24.194,24.111,25.35,25.611,0.0,39.4,36.8,11.4,13.1,-38.6,-2.47,-36.13,0.3,392.98,429.11,,SSW,,19.35,,None,
039HI,2024-01-16T07:45:00Z,,23.3,78.72,4.038,206.6,7.274,0.0,24.178,24.072,25.35,25.589,0.0,39.4,36.8,11.4,13.09,-26.9,-2.25,-24.64,0.34,405.51,430.15,,SSW,,19.38,,None,
039HI,2024-01-16T07:50:00Z,,23.3,78.98,4.116,201.0,6.996,0.0,24.172,24.022,25.339,25.6,0.0,39.4,36.8,11.4,13.09,-19.26,-2.29,-16.97,0.3,413.99,430.96,,SSW,,19.44,,None,
039HI,2024-01-16T07:55:00Z,,23.328,79.65,4.959,192.8,8.771,0.0,24.161,24.0,25.3,25.589,0.0,39.4,36.8,11.4,13.09,-29.01,-3.63,-25.38,0.7,405.38,430.76,,SSW,,19.6,,None,
039HI,2024-01-16T08:00:00Z,,23.45,78.42,4.759,190.9,7.11,0.0,24.133,23.95,25.278,25.589,0.0,39.4,36.8,11.4,13.09,-33.86,-2.75,-31.11,0.5,399.28,430.38,,S,,19.47,,None,
039HI,2024-01-16T08:05:00Z,,23.55,77.66,4.548,194.7,7.387,0.0,24.111,23.928,25.261,25.589,0.0,39.3,36.8,11.4,13.09,-19.26,-1.14,-18.12,0.28,413.67,431.79,,SSW,,19.41,,None,
039HI,2024-01-16T08:10:00Z,,23.628,77.04,3.827,194.4,7.274,0.0,24.089,23.9,25.25,25.6,0.0,39.4,36.8,11.4,13.09,-19.41,-1.14,-18.27,0.21,413.83,432.11,,SSW,,19.35,,None,
039HI,2024-01-16T08:15:00Z,,23.578,77.4,3.596,195.5,5.165,0.0,24.072,23.878,25.211,25.6,0.0,39.4,36.8,11.4,13.09,-21.94,-1.37,-20.57,0.0,411.41,431.98,,SSW,,19.38,,None,
039HI,2024-01-16T08:20:00Z,,23.6,77.86,4.105,190.7,6.441,0.0,24.061,23.839,25.178,25.6,0.0,39.4,36.8,11.4,13.09,-17.34,-1.21,-16.14,0.12,416.38,432.52,,S,,19.5,,None,
039HI,2024-01-16T08:25:00Z,,23.728,76.8,4.671,192.6,7.274,0.0,24.05,23.811,25.172,25.578,0.0,39.4,36.8,11.4,13.09,-19.95,-1.09,-18.86,0.21,413.97,432.83,,SSW,,19.4,,None,
039HI,2024-01-16T08:30:00Z,99890.0,23.75,75.9,3.755,187.5,6.719,0.0,24.028,23.811,25.15,25.611,0.0,39.3,36.8,11.3,13.08,-43.42,-2.15,-41.28,0.09,389.99,431.26,,S,,19.23,100940.33,100906.51,
039HI,2024-01-16T08:35:00Z,99890.0,23.722,75.55,3.766,188.6,6.333,0.0,23.989,23.789,25.128,25.6,0.0,39.3,36.8,11.4,13.08,-55.92,-3.06,-52.86,0.14,376.92,429.78,,S,,19.13,100940.33,100906.61,
039HI,2024-01-16T08:40:00Z,99880.0,23.6,76.79,3.55,200.7,5.551,0.0,23.961,23.761,25.1,25.622,0.0,39.3,36.8,11.4,13.08,-57.03,-3.3,-53.73,0.01,375.27,,,SSW,,19.27,100930.22,100896.93,
039HI,2024-01-16T08:45:00Z,99880.0,23.428,78.18,3.066,196.6,6.163,0.0,23.939,23.75,25.1,25.6,0.0,39.3,36.8,11.4,13.08,-58.17,-3.43,-54.75,0.0,373.44,428.19,,SSW,,19.4,100930.22,100897.52,
039HI,2024-01-16T08:50:00Z,99870.0,23.311,79.89,3.112,201.4,4.717,0.0,23.922,23.739,25.089,25.622,0.0,39.3,36.8,11.4,13.08,-47.24,-3.12,-44.11,0.11,384.42,428.53,,SSW,,19.63,100920.12,100887.82,
039HI,2024-01-16T08:55:00Z,99870.0,23.272,81.0,3.359,209.2,5.829,0.0,23.922,23.722,25.061,25.611,0.0,39.3,36.8,11.4,13.08,-31.22,-3.03,-28.2,0.35,401.61,429.8,,SSW,,19.82,100920.12,100887.95,
039HI,2024-01-16T09:00:00Z,99870.0,23.15,83.5,3.411,211.0,7.274,0.0,23.933,23.678,25.039,25.611,0.0,39.3,36.8,11.4,13.08,-17.76,-4.84,-12.92,0.66,417.9,430.81,,SSW,,20.19,100920.12,100888.37,
039HI,2024-01-16T09:05:00Z,99860.0,23.078,85.5,4.162,202.6,6.719,0.0,23.944,23.661,25.028,25.611,0.0,39.3,36.8,11.4,13.08,-38.33,-5.64,-32.69,1.0,397.33,430.02,,SSW,,20.5,100910.01,100878.51,
039HI,2024-01-16T09:10:00Z,99850.0,23.0,85.6,4.1,192.7,7.717,0.0,23.917,23.639,25.011,25.6,0.0,39.3,36.8,11.4,13.08,-62.12,-5.89,-56.24,0.65,371.79,428.03,,SSW,,20.45,100899.91,100868.68,
039HI,2024-01-16T09:15:00Z,99840.0,22.978,86.0,4.903,187.7,8.272,0.0,23.883,23.661,24.989,25.6,0.0,39.3,36.8,11.4,13.07,-63.0,-5.13,-57.86,0.62,369.91,427.77,,S,,20.5,100889.8,100858.65,
039HI,2024-01-16T09:20:00Z,99840.0,23.1,84.3,4.887,193.8,7.886,0.0,23.856,23.622,24.978,25.6,0.0,39.3,36.8,11.4,13.07,-60.22,-4.5,-55.72,0.69,372.13,427.85,,SSW,,20.3,100889.8,100858.23,
039HI,2024-01-16T09:25:00Z,99840.0,23.122,83.9,4.465,197.3,7.439,0.0,23.822,23.611,24.961,25.611,0.0,39.3,36.8,11.4,13.07,-53.92,-3.72,-50.19,0.45,377.85,428.05,,SSW,,20.24,100889.8,100858.16,
039HI,2024-01-16T09:30:00Z,99840.0,23.172,83.4,4.126,200.0,7.053,0.0,23.8,23.589,24.928,25.6,0.0,39.2,36.8,11.4,13.07,-47.84,-3.2,-44.64,0.47,383.78,428.41,,SSW,,20.19,100889.8,100857.99,
039HI,2024-01-16T09:35:00Z,99840.0,23.239,82.9,4.193,199.2,6.554,0.0,23.778,23.589,24.928,25.611,0.0,39.3,36.8,11.4,13.07,-50.33,-3.0,-47.33,0.48,381.2,428.53,,SSW,,20.16,100889.8,100857.76,
039HI,2024-01-16T09:40:00Z,99840.0,23.239,83.0,3.91,201.6,6.333,0.0,23.75,23.539,24.889,25.622,0.0,39.2,36.8,11.4,13.07,-49.01,-2.91,-46.11,0.34,382.44,428.54,,SSW,,20.18,100889.8,100857.76,
039HI,2024-01-16T09:45:00Z,99840.0,23.072,85.0,3.704,204.4,6.384,0.0,23.739,23.528,24.889,25.589,0.0,39.2,36.8,11.4,13.07,-43.42,-2.63,-40.78,0.0,387.99,428.77,,SSW,,20.4,100889.8,100858.33,
039HI,2024-01-16T09:50:00Z,99840.0,23.022,84.6,4.512,199.2,7.994,0.0,23.733,23.522,24.878,25.622,0.0,39.2,36.8,11.4,13.07,-35.91,-2.15,-33.76,0.15,395.39,429.14,,SSW,,20.28,100889.8,100858.5,
039HI,2024-01-16T09:55:00Z,99840.0,23.022,84.0,4.62,196.8,7.994,0.0,23.728,23.489,24.85,25.622,0.0,39.2,36.8,11.4,13.07,-11.59,-5.03,-6.56,2.02,424.08,430.64,,SSW,,20.16,100889.8,100858.5,
