# STATION: 040HI
# STATION NAME: Piihonua
# LATITUDE: 19.70640
# LONGITUDE: -155.18740
# ELEVATION [ft]: 1988.0
# STATE: HI
Station_ID,Date_Time,pressure_set_1,air_temp_set_1,relative_humidity_set_1,wind_speed_set_1,wind_direction_set_1,wind_gust_set_1,solar_radiation_set_1,precip_accum_five_minute_set_1,volt_set_1,net_radiation_set_1,net_radiation_sw_set_1,net_radiation_lw_set_1,outgoing_radiation_sw_set_1,incoming_radiation_lw_set_1,outgoing_radiation_lw_set_1,wind_chill_set_1d,wind_cardinal_direction_set_1d,heat_index_set_1d,dew_point_temperature_set_1d,altimeter_set_1d,sea_level_pressure_set_1d,wet_bulb_temperature_set_1d
,,Pascals,Celsius,%,m/s,Degrees,m/s,W/m**2,Millimeters,volts,W/m**2,W/m**2,W/m**2,W/m**2,W/m**2,W/m**2,Celsius,code,Celsius,Celsius,Pascals,Pascals,Celsius
040HI,2024-01-15T10:05:00Z,94330.0,15.328,83.1,0.813,248.7,1.497,0.0,0.0,13.1,,,-6.43,,386.34,392.76,,WSW,,12.45,101410.5,101297.93,
040HI,2024-01-15T10:10:00Z,94330.0,15.272,83.0,0.998,258.6,1.723,0.0,0.0,13.1,,,-5.68,,386.9,392.58,,WSW,,12.38,101410.5,101299.32,
040HI,2024-01-15T10:15:00Z,94330.0,15.239,83.2,1.276,273.9,2.33,0.0,0.0,13.1,,,-5.92,,386.33,392.24,,W,,12.38,101410.5,101300.14,
040HI,2024-01-15T10:20:00Z,94330.0,15.2,83.5,0.926,253.5,1.667,0.0,0.0,13.1,,,-5.49,,386.89,392.38,,WSW,,12.4,101410.5,101301.11,
040HI,2024-01-15T10:25:00Z,94330.0,15.161,83.2,1.008,253.5,1.554,0.0,0.0,13.1,,,-6.19,,385.95,392.14,,WSW,,12.31,101410.5,101302.09,
040HI,2024-01-15T10:30:00Z,94320.0,15.139,83.0,1.024,259.2,1.888,0.0,0.0,13.1,,,-7.58,,384.26,391.84,,W,,12.25,101399.75,101291.9,
040HI,2024-01-15T10:35:00Z,94320.0,15.1,83.4,0.941,254.4,1.667,0.0,0.0,13.1,,,-7.37,,384.25,391.61,,WSW,,12.28,101399.75,101292.87,
040HI,2024-01-15T10:40:00Z,94330.0,15.061,84.0,0.957,266.5,2.387,0.0,0.0,13.1,,,-5.86,,385.96,391.82,,W,,12.35,101410.5,101304.58,
040HI,2024-01-15T10:45:00Z,94330.0,15.111,84.6,1.363,271.1,3.611,0.0,0.0,13.1,,,-5.02,,386.78,391.8,,W,,12.51,101410.5,101303.32,
040HI,2024-01-15T10:50:00Z,94320.0,15.128,84.9,1.116,259.8,1.667,0.0,0.0,13.1,,,-5.15,,386.9,392.05,,W,,12.58,101399.75,101292.16,
040HI,2024-01-15T10:55:00Z,94320.0,15.161,85.3,1.008,257.4,1.667,0.0,0.0,13.1,,,-7.13,,384.87,392.0,,WSW,,12.69,101399.75,101291.33,
040HI,2024-01-15T11:00:00Z,94310.0,15.172,85.8,1.266,273.4,2.222,0.0,0.0,13.1,,,-11.03,,380.8,391.82,,W,,12.79,101389.0,101280.32,
040HI,2024-01-15T11:05:00Z,94300.0,15.172,85.8,1.317,265.6,2.222,0.0,0.0,13.1,,,-21.5,,369.32,390.82,,W,,12.79,101378.24,101269.58,
040HI,2024-01-15T11:10:00Z,94290.0,15.111,85.9,1.199,263.8,2.109,0.0,0.0,13.1,,,-29.67,,360.18,389.85,,W,,12.75,101367.49,101260.36,
040HI,2024-01-15T11:15:00Z,94290.0,15.0,86.0,1.23,259.8,2.557,0.0,0.0,13.08,,,-36.18,,352.37,388.55,,W,,12.66,101367.49,101263.13,
040HI,2024-01-15T11:20:00Z,94280.0,14.828,86.3,1.137,261.7,1.831,0.0,0.0,13.05,,,-49.63,,337.23,386.86,,W,,12.54,101356.74,101256.68,
040HI,2024-01-15T11:25:00Z,94280.0,14.622,86.5,1.163,252.6,2.33,0.0,0.0,13.01,,,-52.59,,333.73,386.31,,WSW,,12.37,101356.74,101261.82,
040HI,2024-01-15T11:30:00Z,94280.0,14.378,86.7,0.931,246.7,1.554,0.0,0.0,13.08,,,-53.4,,332.03,385.42,,WSW,,12.17,101356.74,101267.93,
040HI,2024-01-15T11:35:00Z,94270.0,14.178,87.2,1.286,253.6,2.387,0.0,0.0,13.04,,,-63.73,,319.44,383.16,,WSW,,12.06,101345.99,101262.19,
040HI,2024-01-15T11:40:00Z,94260.0,14.039,87.2,1.152,250.0,2.109,0.0,0.0,13.0,,,-59.45,,323.73,383.18,,WSW,,11.92,101335.24,101254.94,
040HI,2024-01-15T11:45:00Z,94250.0,13.85,86.1,1.255,251.7,2.109,0.0,0.0,13.08,,,-67.01,,314.67,381.67,,WSW,,11.54,101324.49,101248.95,
040HI,2024-01-15T11:50:00Z,94250.0,13.628,84.8,1.085,248.0,1.667,0.0,0.0,13.08,,,-67.25,,312.18,379.43,,WSW,,11.09,101324.49,101254.54,
040HI,2024-01-15T11:55:00Z,94250.0,13.4,84.1,1.183,250.0,1.831,0.0,0.0,13.08,,,-66.16,,311.88,378.05,,WSW,,10.74,101324.49,101260.29,
040HI,2024-01-15T12:00:00Z,94240.0,13.428,83.7,1.286,254.4,2.279,0.0,0.0,13.09,,,-66.19,,311.36,377.55,,WSW,,10.7,101313.74,101248.84,
040HI,2024-01-15T12:05:00Z,94230.0,13.272,84.9,1.389,252.4,2.387,0.0,0.0,13.04,,,-66.1,,310.88,376.98,,WSW,,10.76,101302.99,101242.03,
040HI,2024-01-15T12:10:00Z,94230.0,13.211,85.3,1.476,251.9,2.387,0.0,0.0,13.0,,,-64.81,,312.9,377.72,,WSW,,10.77,101302.99,101243.56,
040HI,2024-01-15T12:15:00Z,94220.0,13.189,86.2,1.219,250.1,,0.0,0.0,13.07,,,-65.75,,311.91,377.66,,WSW,,10.91,101292.24,101233.37,
040HI,2024-01-15T12:20:00Z,94220.0,13.2,86.4,1.245,256.2,,0.0,0.0,13.03,,,-65.92,,310.83,376.76,,WSW,,10.96,101292.24,101233.09,
040HI,2024-01-15T12:25:00Z,94220.0,13.239,86.5,1.307,255.3,2.053,0.0,0.0,12.99,,,-64.77,,312.59,377.37,,WSW,,11.01,101292.24,101232.11,
040HI,2024-01-15T12:30:00Z,94220.0,13.222,86.3,1.26,250.0,,0.0,0.0,13.06,,,-65.68,,311.71,377.39,,WSW,,10.96,101292.24,101232.54,
040HI,2024-01-15T12:35:00Z,94220.0,13.128,85.2,1.286,252.8,1.888,0.0,0.0,13.07,,,-65.56,,310.56,376.12,,WSW,,10.67,101292.24,101234.92,
040HI,2024-01-15T12:40:00Z,94220.0,12.961,84.8,1.219,249.8,1.945,0.0,0.0,13.01,,,-64.99,,310.06,375.05,,WSW,,10.44,101292.24,101239.14,
040HI,2024-01-15T12:45:00Z,94210.0,12.778,85.2,1.188,250.2,2.166,0.0,0.0,12.99,,,-63.71,,311.67,375.37,,WSW,,10.33,101281.49,101233.02,
040HI,2024-01-15T12:50:00Z,94210.0,12.722,84.6,1.132,247.7,2.053,0.0,0.0,13.06,,,-64.42,,310.63,375.04,,WSW,,10.17,101281.49,101234.44,
040HI,2024-01-15T12:55:00Z,94210.0,12.611,84.0,1.266,252.7,2.222,0.0,0.0,13.07,,,-64.25,,309.61,373.86,,WSW,,9.95,101281.49,101237.26,
040HI,2024-01-15T13:00:00Z,94210.0,12.511,84.0,1.168,243.9,2.109,0.0,0.0,13.07,,,-64.16,,308.85,373.01,,WSW,,9.85,101281.49,101239.79,
040HI,2024-01-15T13:05:00Z,94210.0,12.422,85.0,1.085,250.7,,0.0,0.0,13.03,,,-64.23,,308.4,372.63,,WSW,,9.94,101281.49,101242.04,
040HI,2024-01-15T13:10:00Z,94210.0,12.339,86.0,1.065,249.2,1.723,0.0,0.0,12.98,,,-63.07,,310.1,373.18,,WSW,,10.04,101281.49,101244.15,
040HI,2024-01-15T13:15:00Z,94200.0,12.289,87.3,0.977,245.2,1.945,0.0,0.0,13.06,,,-63.83,,309.55,373.38,,WSW,,10.22,101270.74,101234.66,
040HI,2024-01-15T13:20:00Z,94200.0,12.361,88.0,1.008,250.2,,0.0,0.0,13.0,,,-63.79,,309.18,372.97,,WSW,,10.41,101270.74,101232.83,
040HI,2024-01-15T13:25:00Z,94200.0,12.478,88.3,1.142,254.2,1.888,0.0,0.0,12.98,,,-63.03,,310.87,373.9,,WSW,,10.58,101270.74,101229.86,
040HI,2024-01-15T13:30:00Z,94200.0,12.661,87.8,1.379,255.8,1.945,0.0,0.0,13.01,,,-64.18,,310.04,374.22,,WSW,,10.67,101270.74,101225.22,
040HI,2024-01-15T13:35:00Z,94200.0,12.761,87.3,1.024,253.7,1.775,0.0,0.0,12.97,,,-63.15,,311.37,374.52,,WSW,,10.68,101270.74,101222.69,
040HI,2024-01-15T13:40:00Z,94200.0,12.678,87.3,1.096,260.5,,0.0,0.0,13.05,,,-64.3,,309.77,374.06,,W,,10.6,101270.74,101224.79,
040HI,2024-01-15T13:45:00Z,94200.0,12.661,87.0,0.854,260.4,1.389,0.0,0.0,13.01,,,-64.02,,308.7,372.72,,W,,10.53,101270.74,101225.23,
040HI,2024-01-15T13:50:00Z,94210.0,12.378,88.8,1.152,277.2,,0.0,0.0,12.97,,,-63.07,,309.63,372.7,,W,,10.56,101281.49,101243.14,
040HI,2024-01-15T13:55:00Z,94210.0,12.272,87.9,0.895,268.0,1.723,0.0,0.0,13.05,,,-63.47,,308.88,372.35,,W,,10.3,101281.49,101245.84,
040HI,2024-01-15T14:00:00Z,94210.0,12.172,88.7,1.142,283.4,1.667,0.0,0.0,13.01,,,-63.39,,307.99,371.38,,WNW,,10.34,101281.49,101248.37,
040HI,2024-01-15T14:05:00Z,94210.0,12.0,89.7,1.07,290.0,1.61,0.0,0.0,12.92,,,-62.78,,308.98,371.76,,WNW,,10.34,101281.49,101252.74,
040HI,2024-01-15T14:10:00Z,94210.0,11.9,90.3,1.044,296.2,1.667,0.0,0.0,12.96,,,-61.84,,310.46,372.3,,WNW,,10.34,101281.49,101255.29,
040HI,2024-01-15T14:15:00Z,94220.0,11.772,91.6,1.055,289.5,1.497,0.0,0.0,12.99,,,-62.98,,308.47,371.45,,WNW,,10.43,101292.24,101269.29,
040HI,2024-01-15T14:20:00Z,94220.0,11.711,92.1,1.127,296.8,1.667,0.0,0.0,12.92,,,-61.7,,309.67,371.37,,WNW,,10.46,101292.24,101270.84,
040HI,2024-01-15T14:25:00Z,94230.0,11.6,93.0,1.029,286.7,1.775,0.0,0.0,12.96,,,-61.46,,310.35,371.81,,WNW,,10.49,101302.99,101284.42,
040HI,2024-01-15T14:30:00Z,94230.0,11.622,93.1,1.039,282.2,1.723,0.0,0.0,12.99,,,-62.23,,308.8,371.03,,WNW,,10.53,101302.99,101283.86,
040HI,2024-01-15T14:35:00Z,94230.0,11.678,91.5,1.08,280.9,1.667,0.0,0.0,12.91,,,-61.15,,309.85,371.0,,W,,10.33,101302.99,101282.44,
040HI,2024-01-15T14:40:00Z,94230.0,11.65,86.6,0.787,254.4,1.446,0.0,0.0,12.95,,,-60.35,,310.84,371.19,,WSW,,9.47,101302.99,101283.18,
040HI,2024-01-15T14:45:00Z,94240.0,11.611,83.4,1.317,255.3,2.279,0.0,0.0,13.03,,,-61.1,,308.9,370.0,,WSW,,8.86,101313.74,101294.94,
040HI,2024-01-15T14:50:00Z,94240.0,11.611,82.7,1.512,256.2,2.444,0.0,0.0,13.04,,,-61.17,,307.39,368.57,,WSW,,8.74,101313.74,101294.94,
040HI,2024-01-15T14:55:00Z,94240.0,11.689,82.8,1.41,260.2,2.279,0.0,0.0,13.04,,,-61.08,,307.17,368.25,,W,,8.83,101313.74,101292.95,
040HI,2024-01-15T15:00:00Z,94250.0,11.75,84.0,1.312,254.4,1.945,0.0,0.0,13.04,,,-60.91,,307.44,368.35,,WSW,,9.11,101324.49,101302.14,
040HI,2024-01-15T15:05:00Z,94250.0,11.911,84.0,1.523,254.2,2.557,0.0,0.0,12.99,,,-61.28,,307.67,368.95,,WSW,,9.27,101324.49,101298.03,
040HI,2024-01-15T15:10:00Z,94270.0,12.05,84.3,1.312,260.6,2.5,0.0,0.0,12.95,,,-60.06,,309.98,370.04,,W,,9.46,101345.99,101315.99,
040HI,2024-01-15T15:15:00Z,94270.0,12.011,85.3,1.013,252.2,1.945,0.0,0.0,13.02,,,-60.86,,309.39,370.25,,WSW,,9.59,101345.99,101316.97,
040HI,2024-01-15T15:20:00Z,94270.0,12.05,86.2,1.116,254.7,1.775,0.0,0.0,12.98,,,-61.3,,308.62,369.92,,WSW,,9.79,101345.99,101315.98,
040HI,2024-01-15T15:25:00Z,94270.0,12.139,86.2,0.926,248.2,1.723,0.0,0.0,12.94,,,-60.49,,310.3,370.79,,WSW,,9.88,101345.99,101313.71,
040HI,2024-01-15T15:30:00Z,94270.0,12.2,86.3,1.111,250.8,1.775,0.0,0.0,13.02,,,-61.85,,309.38,371.23,,WSW,,9.96,101345.99,101312.16,
040HI,2024-01-15T15:35:00Z,94270.0,12.189,86.9,1.116,247.1,1.888,0.0,0.0,12.98,,,-62.27,,308.31,370.58,,WSW,,10.05,101345.99,101312.43,
040HI,2024-01-15T15:40:00Z,94270.0,12.178,87.9,1.07,248.8,1.831,0.0,0.0,12.94,,,-61.25,,309.94,371.19,,WSW,,10.21,101345.99,101312.71,
040HI,2024-01-15T15:45:00Z,94270.0,12.161,88.4,0.926,247.4,1.332,0.0,0.0,12.97,,,-62.23,,309.0,371.23,,WSW,,10.28,101345.99,101313.14,
040HI,2024-01-15T15:50:00Z,94270.0,12.2,89.0,1.091,251.9,1.667,0.0,0.0,12.93,,,-61.76,,309.98,371.74,,WSW,,10.42,101345.99,101312.14,
040HI,2024-01-15T15:55:00Z,94270.0,12.361,88.5,1.168,255.7,1.723,0.0,0.0,12.96,,,-62.87,,309.09,371.96,,WSW,,10.5,101345.99,101308.05,
040HI,2024-01-15T16:00:00Z,94270.0,12.428,88.2,0.916,253.2,1.667,0.0,0.0,12.93,,,-61.04,,310.7,371.74,,WSW,,10.51,101345.99,101306.35,
040HI,2024-01-15T16:05:00Z,94270.0,12.461,89.5,0.808,252.7,1.723,0.0,0.0,12.96,,,-61.72,,310.0,371.72,,WSW,,10.76,101345.99,101305.51,
040HI,2024-01-15T16:10:00Z,94270.0,12.528,90.5,1.065,260.6,1.775,0.0,0.0,12.88,,,-62.29,,310.26,372.56,,W,,11.0,101345.99,101303.8,
040HI,2024-01-15T16:15:00Z,94270.0,12.472,90.9,0.931,271.4,1.497,0.0,0.0,12.92,,,-62.23,,310.79,373.02,,W,,11.01,101345.99,101305.22,
040HI,2024-01-15T16:20:00Z,94270.0,12.378,92.2,1.075,259.3,1.667,0.0,0.0,12.95,,,-63.62,,309.02,372.63,,W,,11.13,101345.99,101307.6,
040HI,2024-01-15T16:25:00Z,94260.0,12.489,88.9,1.044,259.0,1.554,0.0,0.0,12.92,,,-63.08,,309.43,372.51,,W,,10.69,101335.24,101294.05,
040HI,2024-01-15T16:30:00Z,94260.0,12.361,83.8,0.957,254.6,1.667,0.0,0.0,13.0,,,-63.23,,307.79,371.03,,WSW,,9.67,101335.24,101297.33,
040HI,2024-01-15T16:35:00Z,94270.0,12.222,79.6,1.188,251.6,2.166,0.0,0.0,13.0,,,-62.71,,306.21,368.92,,WSW,,8.76,101345.99,101311.64,
040HI,2024-01-15T16:40:00Z,94270.0,11.989,79.31,1.044,247.9,1.723,0.0,0.0,13.01,,,-62.83,,304.81,367.64,,WSW,,8.48,101345.99,101317.57,
040HI,2024-01-15T16:45:00Z,94270.0,11.872,79.1,1.219,245.8,2.444,0.0,0.0,13.01,,,-63.85,,303.22,367.07,,WSW,,8.33,101345.99,101320.55,
040HI,2024-01-15T16:50:00Z,94270.0,11.872,77.6,1.492,254.1,2.166,0.0,0.0,13.0,,,-63.97,,302.64,366.61,,WSW,,8.04,101345.99,101320.56,
040HI,2024-01-15T16:55:00Z,94270.0,11.961,76.97,1.43,263.4,2.444,0.0,0.0,13.0,,,-63.27,,303.04,366.31,,W,,8.01,101345.99,101318.29,
040HI,2024-01-15T17:00:00Z,94270.0,12.0,77.02,1.26,260.7,1.945,1.54,0.0,13.0,,,-62.89,,303.26,366.15,,W,,8.06,101345.99,101317.3,
040HI,2024-01-15T17:05:00Z,94260.0,11.889,77.38,1.327,254.3,2.279,3.89,0.0,13.0,,,-62.27,,304.11,366.37,,WSW,,8.02,101335.24,101309.38,
040HI,2024-01-15T17:10:00Z,94260.0,12.05,77.17,1.183,252.6,2.166,9.03,0.0,13.0,,,-61.84,,304.87,366.71,,WSW,,8.13,101335.24,101305.28,
040HI,2024-01-15T17:15:00Z,94250.0,11.939,78.44,1.183,242.9,1.945,11.31,0.0,12.99,,,-62.21,,304.85,367.07,,WSW,,8.27,101324.49,101297.35,
040HI,2024-01-15T17:20:00Z,94250.0,11.978,76.86,1.106,249.3,2.444,14.49,0.0,12.99,,,-63.35,,303.93,367.28,,WSW,,8.0,101324.49,101296.37,
040HI,2024-01-15T17:25:00Z,94250.0,12.011,75.59,1.013,247.4,1.945,18.11,0.0,12.99,,,-63.82,,303.65,367.47,,WSW,,7.79,101324.49,101295.53,
040HI,2024-01-15T17:30:00Z,94250.0,12.228,73.99,1.204,253.4,,22.02,0.0,12.99,,,-65.85,,303.86,369.71,,WSW,,7.68,101324.49,101290.02,
040HI,2024-01-15T17:35:00Z,94250.0,12.528,73.22,1.132,255.7,1.723,25.22,0.0,13.0,,,-67.0,,303.97,370.97,,WSW,,7.82,101324.49,101282.41,
040HI,2024-01-15T17:40:00Z,94240.0,12.911,72.35,1.137,253.5,1.831,29.07,0.0,13.0,,,-66.12,,304.7,370.83,,WSW,,8.01,101313.74,101261.97,
040HI,2024-01-15T17:45:00Z,94240.0,13.35,71.9,0.89,259.3,1.497,31.26,0.0,13.0,,,-66.63,,305.49,372.12,,W,,8.34,101313.74,101250.88,
040HI,2024-01-15T17:50:00Z,94250.0,13.778,72.69,0.962,257.3,1.389,34.24,0.0,13.0,,,-67.35,,306.34,373.69,,WSW,,8.92,101324.49,101250.84,
040HI,2024-01-15T17:55:00Z,94250.0,14.178,72.43,1.008,250.0,1.497,45.56,0.0,13.02,,,-68.95,,306.86,375.82,,WSW,,9.25,101324.49,101240.8,
040HI,2024-01-15T18:00:00Z,94250.0,14.811,68.41,1.06,261.8,1.831,42.49,0.0,13.02,,,-70.02,,308.04,378.06,,W,,9.0,101324.49,101225.0,
040HI,2024-01-15T18:05:00Z,94250.0,15.3,67.56,0.797,245.7,1.446,47.69,0.0,13.02,,,-70.73,,309.41,380.15,,WSW,,9.28,101324.49,101212.82,
040HI,2024-01-15T18:10:00Z,94260.0,15.889,66.94,0.813,271.0,1.554,41.99,0.0,13.03,,,-71.56,,311.01,382.58,,W,,9.71,101335.24,101208.95,
040HI,2024-01-15T18:15:00Z,94260.0,16.222,68.95,0.098,291.7,0.833,43.2,0.0,13.06,,,-71.62,,312.57,384.19,,WNW,,10.47,101335.24,101200.69,
040HI,2024-01-15T18:20:00Z,94270.0,16.389,73.59,0.067,294.4,0.72,49.79,0.0,13.05,,,-72.12,,313.93,386.05,,WNW,,11.62,101345.99,101207.27,
040HI,2024-01-15T18:25:00Z,94270.0,16.589,76.64,0.18,288.0,0.664,163.67,0.0,13.17,,,-72.16,,316.08,388.24,,WNW,,12.44,101345.99,101202.31,
040HI,2024-01-15T18:30:00Z,94280.0,16.95,81.4,0.046,90.3,0.941,311.62,0.0,13.67,,,-72.35,,318.42,390.77,,E,,13.72,101356.74,101204.12,
040HI,2024-01-15T18:35:00Z,94290.0,17.5,85.2,0.468,109.8,1.497,333.97,0.0,13.89,,,-74.98,,320.0,394.97,,ESE,,14.97,101367.49,101201.33,
040HI,2024-01-15T18:40:00Z,94290.0,18.011,82.8,0.602,92.0,1.276,353.57,0.0,13.86,,,-76.25,,322.05,398.31,,E,,15.02,101367.49,101188.85,
040HI,2024-01-15T18:45:00Z,94290.0,18.278,83.4,0.71,80.3,1.775,372.36,0.0,13.85,,,-78.73,,323.64,402.38,,E,,15.4,101367.49,101182.33,
040HI,2024-01-15T18:50:00Z,94290.0,18.578,82.8,0.844,83.3,2.109,393.34,0.0,13.83,,,-81.45,,325.15,406.6,,E,,15.58,101367.49,101175.03,
040HI,2024-01-15T18:55:00Z,94290.0,18.678,82.1,0.643,106.7,1.723,411.4,0.0,13.82,,,-84.56,,326.1,410.65,,ESE,,15.54,101367.49,101172.6,
040HI,2024-01-15T19:00:00Z,94290.0,19.05,80.0,0.813,87.6,1.723,430.96,0.0,13.81,,,-87.81,,327.14,414.95,,E,,15.5,101367.49,101163.59,
040HI,2024-01-15T19:05:00Z,94290.0,19.228,78.84,0.664,116.2,2.279,448.67,0.0,13.8,,,-90.67,,328.16,418.83,,ESE,,15.44,101367.49,101159.29,
040HI,2024-01-15T19:10:00Z,94300.0,19.278,78.09,0.54,126.4,2.387,467.09,0.0,13.78,,,-93.12,,328.51,421.64,,SE,,15.34,101378.24,101168.81,
040HI,2024-01-15T19:15:00Z,94300.0,19.378,77.29,1.24,106.8,2.665,485.77,0.0,13.75,,,-94.58,,329.43,424.0,,ESE,,15.28,101378.24,101166.4,
040HI,2024-01-15T19:20:00Z,94300.0,19.461,77.28,0.309,233.2,2.721,501.19,0.0,13.77,,,-98.56,,329.93,428.49,,SW,,15.35,101378.24,101164.39,
040HI,2024-01-15T19:25:00Z,94300.0,19.561,76.03,0.545,149.2,2.5,524.3,0.0,13.75,,,-100.29,,330.15,430.43,,SSE,,15.2,101378.24,101161.99,
040HI,2024-01-15T19:30:00Z,94300.0,19.628,77.1,0.88,109.2,2.053,511.04,0.0,13.75,18484.12,18585.77,-101.65,,331.96,433.61,,ESE,,15.48,101378.24,101160.36,
040HI,2024-01-15T19:35:00Z,94290.0,19.539,78.6,0.967,117.7,,539.64,0.0,13.75,356.23,457.87,-101.64,81.77,332.78,434.42,,ESE,,15.7,101367.49,101151.77,
040HI,2024-01-15T19:40:00Z,94290.0,19.622,79.35,1.461,104.7,2.829,599.02,0.0,13.74,405.99,507.92,-101.94,91.09,336.0,437.94,,ESE,,15.93,101367.49,101149.76,
040HI,2024-01-15T19:45:00Z,94290.0,19.678,79.56,0.864,124.9,2.053,612.85,0.0,13.74,413.98,519.66,-105.68,93.19,334.75,440.43,,SE,,16.02,101367.49,101148.41,
040HI,2024-01-15T19:50:00Z,94290.0,19.522,80.1,1.049,121.4,2.557,291.73,0.0,13.7,157.33,253.07,-95.73,38.66,334.04,429.77,,ESE,,15.98,101367.49,101152.17,
040HI,2024-01-15T19:55:00Z,94270.0,19.522,80.2,0.365,114.9,1.667,673.75,0.0,13.69,464.53,569.48,-104.96,104.27,338.42,443.38,,ESE,,16.0,101345.99,101130.71,
040HI,2024-01-15T20:00:00Z,94270.0,19.889,79.02,0.926,133.8,3.112,648.55,0.0,13.69,438.37,548.43,-110.06,100.13,335.52,445.57,,SE,,16.12,101345.99,101121.87,
040HI,2024-01-15T20:05:00Z,94260.0,20.139,77.31,1.276,119.4,2.557,655.77,0.0,13.69,444.15,555.29,-111.14,100.48,335.35,446.49,,ESE,,16.02,101335.24,101105.14,
040HI,2024-01-15T20:10:00Z,94260.0,20.211,77.59,0.885,106.4,,658.06,0.0,13.69,443.81,557.67,-113.85,100.39,336.18,450.03,,ESE,,16.15,101335.24,101103.41,
040HI,2024-01-15T20:15:00Z,94250.0,20.489,76.69,0.875,98.1,1.888,677.17,0.0,13.69,459.03,574.16,-115.13,103.01,337.22,452.35,,E,,16.23,101324.49,101086.01,
040HI,2024-01-15T20:20:00Z,94250.0,20.811,75.24,0.833,108.7,2.109,691.79,0.0,13.69,469.33,586.52,-117.19,105.26,338.68,455.87,,ESE,,16.24,101324.49,101078.31,
040HI,2024-01-15T20:25:00Z,94230.0,21.2,74.18,0.9,87.1,1.945,704.94,0.0,13.69,480.26,598.36,-118.1,106.58,339.83,457.93,,E,,16.4,101302.99,101047.58,
040HI,2024-01-15T20:30:00Z,94230.0,21.35,72.64,0.658,171.7,2.665,716.56,0.0,13.7,489.07,608.02,-118.95,108.55,340.66,459.61,,S,,16.21,101302.99,101044.01,
040HI,2024-01-15T20:35:00Z,94210.0,21.3,72.76,0.787,177.4,2.557,729.39,0.0,13.7,498.98,619.22,-120.24,110.17,341.11,461.35,,S,,16.19,101281.49,101023.76,
040HI,2024-01-15T20:40:00Z,94200.0,21.411,74.05,1.137,125.6,2.387,740.76,0.0,13.7,508.95,629.23,-120.28,111.53,343.1,463.38,,SE,,16.57,101270.74,101010.38,
040HI,2024-01-15T20:45:00Z,94200.0,21.761,71.19,0.936,115.1,2.557,753.1,0.0,13.7,517.94,639.81,-121.87,113.3,343.03,464.9,,ESE,,16.29,101270.74,101002.08,
040HI,2024-01-15T20:50:00Z,94190.0,21.9,70.64,1.404,87.2,3.941,764.67,0.0,13.68,528.3,650.52,-122.22,114.14,344.12,466.35,,E,,16.3,101259.99,100988.06,
040HI,2024-01-15T20:55:00Z,94180.0,22.028,72.49,1.487,92.6,3.889,774.88,0.0,13.68,537.37,658.72,-121.35,116.16,345.5,466.86,,E,,16.83,101249.24,100974.28,
040HI,2024-01-15T21:00:00Z,94180.0,22.222,73.15,1.914,83.6,3.663,785.85,0.0,13.68,548.03,668.82,-120.79,117.03,346.99,467.78,,E,,17.16,101249.24,100969.68,
040HI,2024-01-15T21:05:00Z,94170.0,22.111,73.44,1.533,81.5,3.776,794.65,0.0,13.68,556.31,676.54,-120.23,118.11,347.7,467.93,,E,,17.12,101238.49,100961.58,
040HI,2024-01-15T21:10:00Z,94170.0,22.211,73.77,1.497,87.2,3.22,807.19,0.0,13.68,567.38,687.2,-119.82,119.99,349.87,469.69,,E,,17.29,101238.49,100959.21,
040HI,2024-01-15T21:15:00Z,94160.0,22.311,74.37,2.12,82.1,3.941,840.0,0.0,13.68,596.84,715.47,-118.64,124.53,352.01,470.65,,E,,17.51,101227.74,100946.12,
040HI,2024-01-15T21:20:00Z,94150.0,22.089,74.78,3.349,73.63,5.499,892.82,0.0,13.66,652.75,761.54,-108.79,131.28,358.36,467.15,,ENE,,17.38,101216.99,100940.65,
040HI,2024-01-15T21:25:00Z,94140.0,22.011,75.92,2.444,83.6,5.278,843.11,0.0,13.68,606.61,718.6,-111.99,124.5,357.69,469.69,,E,,17.55,101206.23,100931.76,
040HI,2024-01-15T21:30:00Z,94130.0,22.022,74.98,1.055,100.8,2.557,565.05,0.0,13.68,377.96,483.47,-105.5,81.58,356.17,461.67,,E,,17.36,101195.48,100920.79,
040HI,2024-01-15T21:35:00Z,94120.0,22.222,75.15,2.269,76.13,3.39,947.73,0.0,13.68,694.85,805.78,-110.93,141.95,363.1,474.03,,ENE,,17.59,101184.73,100905.33,
040HI,2024-01-15T21:40:00Z,94100.0,22.2,75.3,1.266,114.7,2.721,940.95,0.0,13.66,693.1,803.42,-110.32,137.53,367.84,478.16,,ESE,,17.6,101163.23,100884.41,
040HI,2024-01-15T21:45:00Z,94090.0,22.65,73.67,1.723,80.9,3.889,936.63,0.0,13.66,686.28,799.41,-113.13,137.22,366.48,479.61,,E,,17.69,101152.48,100863.07,
040HI,2024-01-15T21:50:00Z,94090.0,22.978,72.42,0.694,121.3,2.33,826.1,0.0,13.66,586.55,705.61,-119.05,120.49,360.63,479.68,,ESE,,17.73,101152.48,100855.35,
040HI,2024-01-15T21:55:00Z,94070.0,23.028,71.76,0.972,91.4,3.611,865.05,0.0,13.66,613.48,739.72,-126.24,125.33,353.32,479.56,,E,,17.64,101130.98,100832.75,
040HI,2024-01-15T22:00:00Z,94050.0,23.078,72.01,1.209,98.0,2.829,870.61,0.0,13.66,620.47,745.5,-125.03,125.11,353.66,478.69,,E,,17.74,101109.48,100810.13,
040HI,2024-01-15T22:05:00Z,94050.0,22.978,72.01,1.816,82.8,3.776,830.43,0.0,13.66,587.91,711.84,-123.93,118.59,354.26,478.19,,E,,17.64,101109.48,100812.48,
040HI,2024-01-15T22:10:00Z,94040.0,23.111,72.31,0.993,101.2,2.33,862.41,0.0,13.66,613.6,738.84,-125.24,123.57,355.7,480.93,,E,,17.84,101098.73,100798.63,
040HI,2024-01-15T22:15:00Z,94020.0,22.961,72.11,1.43,124.6,3.442,880.58,0.0,13.64,630.46,754.69,-124.23,125.89,356.16,480.38,,SE,,17.65,101077.23,100780.72,
040HI,2024-01-15T22:20:00Z,94020.0,22.922,72.54,2.274,81.5,4.944,893.67,0.0,13.64,646.72,766.52,-119.8,127.15,358.66,478.46,,E,,17.71,101077.23,100781.64,
040HI,2024-01-15T22:25:00Z,94000.0,23.022,71.61,1.415,87.5,4.054,896.59,0.0,13.64,646.39,769.02,-122.62,127.58,358.99,481.62,,E,,17.6,101055.73,100757.86,
040HI,2024-01-15T22:30:00Z,93990.0,23.161,71.8,1.461,96.9,3.498,894.19,0.0,13.65,646.39,767.32,-120.93,126.88,360.93,481.86,,E,,17.77,101044.98,100743.87,
040HI,2024-01-15T22:35:00Z,93980.0,23.189,71.46,1.512,135.6,3.22,879.74,0.0,13.64,629.87,753.85,-123.98,125.88,357.16,481.14,,SE,,17.72,101034.23,100732.5,
040HI,2024-01-15T22:40:00Z,93960.0,23.128,71.99,1.595,88.4,3.498,876.07,0.0,13.64,626.29,751.24,-124.95,124.84,356.11,481.06,,E,,17.78,101012.72,100712.49,
040HI,2024-01-15T22:45:00Z,93950.0,22.889,71.88,2.315,84.6,4.275,877.05,0.0,13.65,628.05,752.21,-124.16,124.84,354.96,479.12,,E,,17.53,101001.97,100707.39,
040HI,2024-01-15T22:50:00Z,93940.0,22.922,72.19,0.875,93.3,2.166,829.26,0.0,13.65,584.6,710.49,-125.89,118.77,355.89,481.78,,E,,17.63,100991.22,100695.89,
040HI,2024-01-15T22:55:00Z,93930.0,23.05,71.53,1.24,95.1,4.388,875.74,0.0,13.65,624.36,750.59,-126.23,125.15,357.07,483.3,,E,,17.61,100980.47,100682.17,
040HI,2024-01-15T23:00:00Z,93920.0,23.322,71.62,2.063,77.85,4.332,868.26,0.0,13.65,618.55,743.85,-125.3,124.41,356.92,482.22,,ENE,,17.89,100969.72,100665.07,
040HI,2024-01-15T23:05:00Z,93910.0,23.522,70.48,1.765,62.69,4.218,861.17,0.0,13.65,608.88,736.52,-127.63,124.65,355.0,482.63,,ENE,,17.82,100958.97,100649.68,
040HI,2024-01-15T23:10:00Z,93900.0,23.8,69.48,1.204,72.47,3.442,856.87,0.0,13.65,604.54,732.49,-127.95,124.38,356.21,484.16,,ENE,,17.86,100948.22,100632.47,
040HI,2024-01-15T23:15:00Z,93890.0,23.6,69.61,1.24,88.6,3.164,850.99,0.0,13.65,599.16,727.69,-128.54,123.3,356.38,484.91,,E,,17.7,100937.47,100626.43,
040HI,2024-01-15T23:20:00Z,93880.0,23.739,68.84,1.075,70.32,2.886,846.09,0.0,13.65,593.1,722.85,-129.75,123.24,356.65,486.4,,ENE,,17.66,100926.72,100612.47,
040HI,2024-01-15T23:25:00Z,93880.0,23.661,68.72,2.006,83.5,3.776,840.41,0.0,13.64,591.02,718.76,-127.73,121.65,356.57,484.31,,E,,17.55,100926.72,100614.29,
040HI,2024-01-15T23:30:00Z,93860.0,23.478,69.9,1.6,64.04,2.721,831.57,0.0,13.63,582.76,710.29,-127.53,121.28,357.17,484.7,,ENE,,17.65,100905.22,100597.12,
040HI,2024-01-15T23:35:00Z,93860.0,23.4,70.22,1.199,126.3,2.279,825.03,0.0,13.63,576.2,704.16,-127.96,120.87,357.61,485.57,,SE,,17.65,100905.22,100598.94,
040HI,2024-01-15T23:40:00Z,93850.0,23.55,69.72,1.528,80.6,3.39,821.21,0.0,13.63,572.89,700.8,-127.91,120.41,357.67,485.58,,E,,17.68,100894.47,100584.72,
040HI,2024-01-15T23:45:00Z,93840.0,23.789,68.43,1.471,82.2,3.611,812.13,0.0,13.63,567.08,694.08,-127.0,118.05,357.6,484.6,,E,,17.61,100883.72,100568.44,
040HI,2024-01-15T23:50:00Z,93840.0,23.778,68.88,1.595,68.86,4.11,804.01,0.0,13.63,558.78,686.88,-128.09,117.13,356.39,484.48,,ENE,,17.7,100883.72,100568.69,
040HI,2024-01-15T23:55:00Z,93830.0,23.95,68.5,1.631,53.66,4.167,794.49,0.0,13.63,550.79,679.05,-128.27,115.44,356.07,484.34,,NE,,17.78,100872.97,100553.96,
040HI,2024-01-16T00:00:00Z,93820.0,23.928,68.03,1.759,69.66,3.663,785.69,0.0,13.63,546.41,672.66,-126.25,113.04,355.89,482.14,,ENE,,17.65,100862.22,100543.76,
040HI,2024-01-16T00:05:00Z,93820.0,23.2,70.54,2.382,85.0,4.717,777.5,0.0,13.63,544.16,667.1,-122.94,110.41,354.84,477.78,,E,,17.53,100862.22,100560.75,
040HI,2024-01-16T00:10:00Z,93820.0,22.95,71.51,2.181,92.4,4.275,768.22,0.0,13.63,535.46,658.66,-123.2,109.57,354.66,477.86,,E,,17.5,100862.22,100566.61,
040HI,2024-01-16T00:15:00Z,93810.0,22.978,71.35,1.533,82.4,4.11,759.55,0.0,13.63,529.82,652.75,-122.93,106.8,353.91,476.83,,E,,17.5,100851.46,100555.23,
040HI,2024-01-16T00:20:00Z,93810.0,23.361,70.66,2.315,79.04,4.553,748.93,0.0,13.63,525.54,645.79,-120.25,103.14,355.33,475.59,,E,,17.71,100851.46,100546.26,
040HI,2024-01-16T00:25:00Z,93820.0,23.172,71.51,1.384,100.4,4.666,735.79,0.0,13.63,519.43,638.29,-118.86,97.5,355.04,473.91,,E,,17.72,100862.22,100561.4,
040HI,2024-01-16T00:30:00Z,93820.0,23.028,71.15,2.315,86.8,4.332,723.86,0.0,13.63,516.73,632.23,-115.5,91.63,353.43,468.93,,E,,17.5,100862.22,100564.78,
040HI,2024-01-16T00:35:00Z,93820.0,23.022,72.12,1.322,82.8,3.555,710.33,0.0,13.63,507.75,623.58,-115.84,86.75,354.35,470.19,,E,,17.71,100862.22,100564.91,
040HI,2024-01-16T00:40:00Z,93820.0,23.3,71.22,1.327,122.3,3.164,699.47,0.0,13.63,505.28,619.04,-113.77,80.42,354.54,468.31,,ESE,,17.78,100862.22,100558.4,
040HI,2024-01-16T00:45:00Z,93820.0,23.372,71.82,1.636,77.77,3.112,685.42,0.0,13.63,497.28,609.51,-112.23,75.91,354.45,466.68,,ENE,,17.98,100862.22,100556.71,
040HI,2024-01-16T00:50:00Z,93820.0,23.339,71.36,1.317,73.61,2.943,672.31,0.0,13.63,487.82,599.8,-111.98,72.51,353.33,465.31,,ENE,,17.85,100862.22,100557.49,
040HI,2024-01-16T00:55:00Z,93820.0,23.478,72.32,1.096,64.2,3.277,656.46,0.0,13.63,473.21,585.56,-112.35,70.9,353.03,465.38,,ENE,,18.19,100862.22,100554.22,
040HI,2024-01-16T01:00:00Z,93810.0,23.311,73.0,1.651,75.37,3.164,633.34,0.0,13.63,449.39,562.2,-112.8,71.14,351.9,464.7,,ENE,,18.18,100851.46,100547.41,
040HI,2024-01-16T01:05:00Z,93810.0,23.472,72.66,1.657,68.64,2.778,390.1,0.0,13.63,201.09,315.86,-114.77,74.23,350.67,465.44,,ENE,,18.26,100851.46,100543.64,
040HI,2024-01-16T01:10:00Z,93810.0,23.489,72.75,1.492,76.76,2.886,357.94,0.0,13.63,167.23,281.89,-114.66,76.05,351.19,465.85,,ENE,,18.3,100851.46,100543.25,
040HI,2024-01-16T01:15:00Z,93820.0,23.222,73.57,1.693,90.4,3.555,477.06,0.0,13.63,289.19,401.35,-112.16,75.71,352.11,464.26,,E,,18.22,100862.22,100560.2,
040HI,2024-01-16T01:20:00Z,93820.0,22.861,75.3,1.471,82.6,,578.9,0.0,13.63,392.6,503.64,-111.04,75.27,353.68,464.72,,E,,18.24,100862.22,100568.66,
040HI,2024-01-16T01:25:00Z,93820.0,22.861,74.71,2.083,86.6,3.889,562.37,0.0,13.63,380.44,488.66,-108.23,73.7,353.5,461.72,,E,,18.12,100862.22,100568.66,
040HI,2024-01-16T01:30:00Z,93820.0,22.761,76.0,1.343,77.0,3.22,542.94,0.0,13.63,361.78,470.4,-108.63,72.53,354.47,463.09,,ENE,,18.29,100862.22,100571.0,
040HI,2024-01-16T01:35:00Z,93820.0,22.989,75.5,1.348,77.25,3.056,524.14,0.0,13.63,346.38,454.38,-108.0,69.76,354.25,462.25,,ENE,,18.41,100862.22,100565.65,
040HI,2024-01-16T01:40:00Z,93830.0,22.872,76.06,1.338,79.81,3.334,506.44,0.0,13.63,334.97,440.51,-105.54,65.93,355.05,460.6,,E,,18.41,100872.97,100579.11,
040HI,2024-01-16T01:45:00Z,93830.0,22.7,76.28,1.898,87.9,3.555,488.45,0.0,13.63,323.62,426.99,-103.37,61.45,354.19,457.56,,E,,18.29,100872.97,100583.15,
040HI,2024-01-16T01:50:00Z,93830.0,22.439,77.98,1.569,82.4,3.498,469.86,0.0,13.63,312.08,413.31,-101.23,56.54,354.56,455.79,,E,,18.39,100872.97,100589.28,
040HI,2024-01-16T01:55:00Z,93840.0,22.472,78.11,1.456,81.4,,451.88,0.0,13.63,302.85,401.15,-98.3,50.73,354.67,452.96,,E,,18.45,100883.72,100599.22,
040HI,2024-01-16T02:00:00Z,93850.0,22.422,78.17,1.693,68.84,3.442,431.11,0.0,13.5,293.72,388.49,-94.77,42.61,354.61,449.39,,ENE,,18.41,100894.47,100611.12,
040HI,2024-01-16T02:05:00Z,93850.0,22.572,77.96,1.466,83.6,3.22,409.61,0.0,13.39,285.08,376.51,-91.43,33.1,354.52,445.95,,E,,18.52,100894.47,100607.58,
040HI,2024-01-16T02:10:00Z,93860.0,22.328,78.96,1.302,79.9,2.557,387.13,0.0,13.35,277.54,365.05,-87.51,22.09,354.64,442.15,,E,,18.48,100905.22,100624.05,
040HI,2024-01-16T02:15:00Z,93860.0,22.35,79.21,1.492,73.79,2.943,191.35,0.0,13.34,90.75,176.42,-85.67,14.93,353.57,439.24,,ENE,,18.56,100905.22,100623.52,
040HI,2024-01-16T02:20:00Z,93870.0,22.161,80.4,1.487,71.55,3.555,54.42,0.0,13.33,-43.69,40.41,-84.1,14.02,352.63,436.73,,ENE,,18.61,100915.97,100638.69,
040HI,2024-01-16T02:25:00Z,93880.0,22.211,80.0,0.808,65.34,2.943,41.1,0.0,13.35,-57.29,25.63,-82.92,15.47,352.16,435.08,,ENE,,18.58,100926.72,100648.24,
040HI,2024-01-16T02:30:00Z,93890.0,22.011,81.4,0.977,74.53,2.829,43.04,0.0,13.4,-53.49,27.31,-80.8,15.73,352.9,433.7,,ENE,,18.66,100937.47,100663.67,
040HI,2024-01-16T02:35:00Z,93890.0,22.078,81.4,1.24,56.79,3.334,59.19,0.0,13.39,-37.18,42.64,-79.81,16.55,353.03,432.84,,ENE,,18.73,100937.47,100662.09,
040HI,2024-01-16T02:40:00Z,93890.0,21.972,81.7,1.055,69.75,2.557,48.65,0.0,13.33,-45.81,33.65,-79.46,15.0,351.86,431.31,,ENE,,18.68,100937.47,100664.59,
040HI,2024-01-16T02:45:00Z,93890.0,21.839,82.3,0.777,62.48,1.667,40.99,0.0,13.33,-51.96,26.87,-78.83,14.11,351.55,430.39,,ENE,,18.67,100937.47,100667.73,
040HI,2024-01-16T02:50:00Z,93900.0,21.822,82.6,0.844,52.63,2.166,37.96,0.0,13.31,-56.9,22.15,-79.05,15.8,351.33,430.38,,NE,,18.71,100948.22,100678.85,
040HI,2024-01-16T02:55:00Z,93900.0,21.822,82.7,0.658,37.46,1.667,98.07,0.0,13.29,4.66,83.44,-78.78,14.63,350.36,429.14,,NE,,18.73,100948.22,100678.85,
040HI,2024-01-16T03:00:00Z,93900.0,21.722,83.2,0.509,44.42,2.053,95.48,0.0,13.28,4.69,83.31,-78.62,12.17,349.65,428.26,,NE,,18.73,100948.22,100681.22,
040HI,2024-01-16T03:05:00Z,93910.0,21.6,83.8,0.751,71.4,1.945,70.98,0.0,13.32,-17.99,60.01,-78.0,10.97,349.44,427.44,,ENE,,18.73,100958.97,100694.83,
040HI,2024-01-16T03:10:00Z,93920.0,21.539,84.1,0.535,67.09,1.332,52.66,0.0,13.6,-34.96,43.03,-77.99,9.63,348.21,426.21,,ENE,,18.73,100969.72,100706.99,
040HI,2024-01-16T03:15:00Z,93920.0,21.478,84.5,0.365,80.9,1.61,44.25,0.0,13.39,-42.36,35.91,-78.27,8.34,346.44,424.72,,E,,18.74,100969.72,100708.44,
040HI,2024-01-16T03:20:00Z,93920.0,21.272,85.5,0.746,91.3,1.723,24.01,0.0,13.45,-63.24,15.54,-78.78,8.47,344.71,423.49,,E,,18.73,100969.72,100713.32,
040HI,2024-01-16T03:25:00Z,93920.0,21.028,86.3,0.499,113.5,1.111,30.77,0.0,13.68,-54.58,23.66,-78.24,7.11,343.52,421.77,,ESE,,18.64,100969.72,100719.12,
040HI,2024-01-16T03:30:00Z,93920.0,20.811,87.0,0.195,110.7,0.72,20.16,0.0,13.36,-61.67,15.51,-77.18,4.65,342.8,419.98,,ESE,,18.55,100969.72,100724.29,
040HI,2024-01-16T03:35:00Z,93920.0,20.628,87.6,0.113,118.6,0.833,15.56,0.0,13.2,-62.53,12.92,-75.46,2.64,343.78,419.24,,ESE,,18.49,100969.72,100728.65,
040HI,2024-01-16T03:40:00Z,93920.0,20.428,88.1,0.0,,0.165,11.56,0.0,13.24,-65.12,9.7,-74.82,1.86,342.1,416.92,,,,18.38,100969.72,100733.43,
040HI,2024-01-16T03:45:00Z,93930.0,20.111,89.2,0.036,151.2,0.391,8.67,0.0,13.2,-66.74,7.33,-74.07,1.34,340.41,414.48,,SSE,,18.27,100980.47,100751.74,
040HI,2024-01-16T03:50:00Z,93930.0,19.822,90.2,0.005,173.0,0.278,5.32,0.0,13.16,-68.54,4.32,-72.86,1.0,340.62,413.49,,S,,18.16,100980.47,100758.66,
040HI,2024-01-16T03:55:00Z,93940.0,19.611,90.7,0.01,271.5,0.278,2.09,0.0,13.18,-71.93,1.25,-73.18,0.84,338.02,411.21,,W,,18.04,100991.22,100774.46,
040HI,2024-01-16T04:00:00Z,93940.0,19.278,91.8,0.437,272.9,0.833,0.16,0.0,13.15,-72.63,-0.5,-72.13,0.66,338.14,410.28,,W,,17.9,100991.22,100782.47,
040HI,2024-01-16T04:05:00Z,93950.0,19.0,92.6,0.087,265.3,0.499,0.0,0.0,13.17,-75.07,-2.54,-72.53,0.2,336.14,408.66,,W,,17.77,101001.97,100799.91,
040HI,2024-01-16T04:10:00Z,93950.0,18.711,93.4,0.617,281.9,0.998,0.0,0.0,13.1,-74.92,-3.72,-71.2,0.31,336.45,407.64,,WNW,,17.62,101001.97,100806.89,
040HI,2024-01-16T04:15:00Z,93960.0,18.511,93.6,0.298,278.1,0.998,0.0,0.0,13.13,-75.58,-5.05,-70.53,0.02,336.92,407.45,,W,,17.45,101012.72,100822.47,
040HI,2024-01-16T04:20:00Z,93960.0,18.278,94.1,0.792,284.4,1.224,0.0,0.0,13.15,-76.25,-5.23,-71.02,0.0,334.85,405.86,,WNW,,17.31,101012.72,100828.12,
040HI,2024-01-16T04:25:00Z,93970.0,18.1,94.7,0.7,274.3,1.055,0.0,0.0,13.08,-73.85,-5.48,-68.37,0.22,336.29,404.66,,W,,17.23,101023.47,100843.17,
040HI,2024-01-16T04:30:00Z,93980.0,17.972,94.7,0.669,274.4,0.941,0.0,0.0,13.12,-73.43,-5.48,-67.95,0.25,337.24,405.19,,W,,17.1,101034.23,100857.02,
040HI,2024-01-16T04:35:00Z,93980.0,17.772,95.1,0.545,268.7,0.72,0.0,0.0,13.14,-73.08,-5.53,-67.55,0.0,335.54,403.09,,W,,16.97,101034.23,100861.89,
040HI,2024-01-16T04:40:00Z,93980.0,17.55,94.9,0.854,280.6,1.168,0.0,0.0,13.07,-71.09,-5.29,-65.8,0.0,337.38,403.19,,W,,16.72,101034.23,100867.31,
040HI,2024-01-16T04:45:00Z,93990.0,17.328,95.4,0.854,278.6,1.055,0.0,0.0,13.07,-69.7,-5.07,-64.63,0.0,338.74,403.38,,W,,16.58,101044.98,100883.46,
040HI,2024-01-16T04:50:00Z,94000.0,17.178,95.8,1.019,281.3,1.276,0.0,0.0,13.1,-68.47,-4.85,-63.62,0.0,339.53,403.15,,WNW,,16.5,101055.73,100897.86,
040HI,2024-01-16T04:55:00Z,94000.0,17.128,95.7,0.859,276.3,1.276,0.0,0.0,13.12,-70.03,-4.96,-65.07,0.13,336.74,401.82,,W,,16.43,101055.73,100899.09,
040HI,2024-01-16T05:00:00Z,94010.0,17.111,95.3,0.797,283.1,1.332,0.0,0.0,13.06,-69.55,-5.14,-64.41,0.55,337.03,401.44,,WNW,,16.35,101066.48,100910.24,
040HI,2024-01-16T05:05:00Z,94020.0,16.972,94.9,0.905,290.9,1.168,0.0,0.0,13.09,-69.34,-5.15,-64.19,0.19,337.37,401.56,,WNW,,16.14,101077.23,100924.39,
040HI,2024-01-16T05:10:00Z,94030.0,16.922,95.2,0.823,274.9,1.332,0.0,0.0,13.11,-70.44,-5.18,-65.26,0.48,335.15,400.41,,W,,16.14,101087.98,100936.35,
040HI,2024-01-16T05:15:00Z,94040.0,17.0,94.3,0.936,285.0,1.224,0.0,0.0,13.05,-69.85,-5.32,-64.53,0.91,335.56,400.09,,WNW,,16.07,101098.73,100945.17,
040HI,2024-01-16T05:20:00Z,94050.0,16.811,94.4,0.731,285.0,1.276,0.0,0.0,13.09,-69.24,-5.23,-64.01,0.25,335.8,399.81,,WNW,,15.9,101109.48,100960.55,
040HI,2024-01-16T05:25:00Z,94050.0,16.672,94.7,0.787,285.8,1.224,0.0,0.0,13.11,-69.72,-5.18,-64.55,0.15,333.97,398.52,,WNW,,15.81,101109.48,100963.96,
040HI,2024-01-16T05:30:00Z,94060.0,16.622,93.9,0.777,278.3,1.389,0.0,0.0,13.04,-68.64,-5.29,-63.35,0.7,334.93,398.28,,W,,15.63,101120.23,100975.93,
040HI,2024-01-16T05:35:00Z,94080.0,16.6,93.2,0.756,285.2,1.168,0.0,0.0,13.08,-68.24,-5.37,-62.87,0.63,335.53,398.4,,WNW,,15.49,101141.73,100997.95,
040HI,2024-01-16T05:40:00Z,94080.0,16.539,91.1,0.859,269.4,1.332,0.0,0.0,13.14,-69.39,-5.41,-63.98,0.68,333.21,397.19,,W,,15.07,101141.73,100999.47,
040HI,2024-01-16T05:45:00Z,94090.0,16.6,87.9,0.854,264.1,1.446,0.0,0.0,13.11,-69.28,-5.35,-63.94,1.18,331.55,395.49,,W,,14.57,101152.48,101008.72,
040HI,2024-01-16T05:50:00Z,94090.0,16.511,87.4,0.756,272.6,1.224,0.0,0.0,13.07,-67.6,-5.07,-62.53,1.16,332.75,395.28,,W,,14.39,101152.48,101010.92,
040HI,2024-01-16T05:55:00Z,94100.0,16.322,87.1,0.715,282.2,1.389,0.0,0.0,13.14,-67.56,-5.07,-62.49,0.86,331.83,394.32,,WNW,,14.15,101163.23,101026.31,
040HI,2024-01-16T06:00:00Z,94100.0,16.072,88.9,0.983,287.1,1.554,0.0,0.0,13.08,-67.69,-4.9,-62.79,0.58,330.02,392.81,,WNW,,14.23,101163.23,101032.47,
040HI,2024-01-16T06:05:00Z,94110.0,15.872,88.8,1.147,296.2,1.831,0.0,0.0,13.07,-67.01,-4.88,-62.14,0.75,330.87,393.01,,WNW,,14.01,101173.98,101048.15,
040HI,2024-01-16T06:10:00Z,94120.0,15.761,89.1,0.983,283.2,1.554,0.0,0.0,13.09,-67.98,-4.87,-63.11,0.68,329.27,392.39,,WNW,,13.95,101184.73,101061.64,
040HI,2024-01-16T06:15:00Z,94120.0,15.7,88.3,1.317,286.4,2.222,0.0,0.0,13.06,-66.57,-4.79,-61.78,0.95,330.56,392.34,,WNW,,13.75,101184.73,101063.15,
040HI,2024-01-16T06:20:00Z,94120.0,15.722,86.6,1.034,275.2,1.497,0.0,0.0,13.13,-67.5,-4.79,-62.7,1.16,329.05,391.75,,W,,13.47,101184.73,101062.62,
040HI,2024-01-16T06:25:00Z,94130.0,15.628,87.6,1.116,280.7,1.667,0.0,0.0,13.09,-67.12,-4.71,-62.41,0.97,327.87,390.28,,W,,13.56,101195.48,101075.68,
040HI,2024-01-16T06:30:00Z,94130.0,15.639,86.1,1.075,273.7,1.723,0.0,0.0,13.06,-65.57,-4.69,-60.87,1.32,329.86,390.73,,W,,13.3,101195.48,101075.42,
040HI,2024-01-16T06:35:00Z,94130.0,15.622,86.1,1.214,274.8,1.775,0.0,0.0,13.12,-66.65,-4.66,-61.99,1.11,328.44,390.42,,W,,13.29,101195.48,101075.84,
040HI,2024-01-16T06:40:00Z,94130.0,15.55,85.6,1.116,275.7,1.554,0.0,0.0,13.13,,,-61.87,,327.38,389.26,,W,,13.12,101195.48,101077.63,
040HI,2024-01-16T06:45:00Z,94130.0,15.678,83.2,1.055,264.7,1.554,0.0,0.0,13.13,,,-62.11,,326.7,388.81,,W,,12.81,101195.48,101074.47,
040HI,2024-01-16T06:50:00Z,94140.0,15.711,82.3,1.044,256.8,1.61,0.0,0.0,13.13,,,-62.41,,325.94,388.35,,WSW,,12.68,101206.23,101084.4,
040HI,2024-01-16T06:55:00Z,94140.0,15.7,81.9,1.101,254.6,1.723,0.0,0.0,13.13,,,-62.23,,325.8,388.03,,WSW,,12.59,101206.23,101084.67,
040HI,2024-01-16T07:00:00Z,94150.0,15.65,81.5,1.235,254.7,,0.0,0.0,13.13,,,-62.25,,325.48,387.73,,WSW,,12.47,101216.99,101096.65,
040HI,2024-01-16T07:05:00Z,94150.0,15.578,81.2,1.07,253.0,1.831,0.0,0.0,13.13,,,-62.06,,325.3,387.37,,WSW,,12.34,101216.99,101098.44,
040HI,2024-01-16T07:10:00Z,94150.0,15.489,81.1,1.127,252.2,1.775,0.0,0.0,13.13,,,-61.95,,325.03,386.98,,WSW,,12.23,101216.99,101100.65,
040HI,2024-01-16T07:15:00Z,94160.0,15.528,80.7,1.235,258.6,1.945,0.0,0.0,13.12,,,-62.08,,324.69,386.78,,WSW,,12.2,101227.74,101110.42,
040HI,2024-01-16T07:20:00Z,94160.0,15.589,80.5,1.008,256.6,1.945,0.0,0.0,13.13,,,-62.38,,324.15,386.53,,WSW,,12.22,101227.74,101108.91,
040HI,2024-01-16T07:25:00Z,94160.0,15.578,80.0,1.003,267.7,1.497,0.0,0.0,13.12,,,-62.87,,323.33,386.2,,W,,12.11,101227.74,101109.19,
040HI,2024-01-16T07:30:00Z,94160.0,15.4,81.6,1.065,274.8,1.554,0.0,0.0,13.12,,,-63.55,,321.91,385.47,,W,,12.24,101227.74,101113.59,
040HI,2024-01-16T07:35:00Z,94170.0,15.2,82.5,0.787,264.8,1.276,0.0,0.0,13.12,,,-63.03,,321.77,384.8,,W,,12.21,101238.49,101129.3,
040HI,2024-01-16T07:40:00Z,94170.0,15.422,80.6,1.013,258.8,1.389,0.0,0.0,13.12,,,-62.85,,321.96,384.8,,W,,12.07,101238.49,101123.79,
040HI,2024-01-16T07:45:00Z,94170.0,15.522,79.14,0.936,257.6,1.389,0.0,0.0,13.12,,,-62.44,,322.16,384.6,,WSW,,11.89,101238.49,101121.32,
040HI,2024-01-16T07:50:00Z,94170.0,15.461,78.55,1.065,261.7,1.831,0.0,0.0,13.12,,,-61.94,,322.48,384.42,,W,,11.72,101238.49,101122.84,
040HI,2024-01-16T07:55:00Z,94170.0,15.411,78.58,1.188,271.3,,0.0,0.0,13.12,,,-61.56,,322.58,384.14,,W,,11.67,101238.49,101124.08,
040HI,2024-01-16T08:00:00Z,94170.0,15.1,80.5,1.127,266.8,1.667,0.0,0.0,13.12,,,-61.37,,322.63,384.0,,W,,11.74,101238.49,101131.8,
040HI,2024-01-16T08:05:00Z,94160.0,15.378,77.87,1.06,268.8,1.497,0.0,0.0,13.1,,,-60.95,,323.01,383.96,,W,,11.5,101227.74,101114.16,
040HI,2024-01-16T08:10:00Z,94160.0,15.428,77.24,1.044,255.1,1.554,0.0,0.0,13.12,,,-61.01,,322.87,383.89,,WSW,,11.43,101227.74,101112.93,
040HI,2024-01-16T08:15:00Z,94160.0,15.528,76.54,1.224,255.0,1.888,0.0,0.0,13.12,,,-61.64,,322.54,384.18,,WSW,,11.39,101227.74,101110.45,
040HI,2024-01-16T08:20:00Z,94150.0,15.5,76.75,1.055,250.4,1.945,0.0,0.0,13.11,,,-61.73,,322.17,383.91,,WSW,,11.4,101216.99,101100.41,
040HI,2024-01-16T08:25:00Z,94150.0,15.372,76.9,1.055,253.2,1.667,0.0,0.0,13.11,,,-61.79,,321.79,383.58,,WSW,,11.31,101216.99,101103.58,
040HI,2024-01-16T08:30:00Z,94150.0,15.278,76.37,1.348,252.2,2.222,0.0,0.0,13.11,,,-61.84,,321.59,383.43,,WSW,,11.11,101216.99,101105.92,
040HI,2024-01-16T08:35:00Z,94150.0,15.239,76.18,1.25,255.3,1.831,0.0,0.0,13.11,,,-61.84,,321.21,383.05,,WSW,,11.04,101216.99,101106.89,
040HI,2024-01-16T08:40:00Z,94150.0,15.178,76.33,1.085,255.3,1.554,0.0,0.0,13.11,,,-61.32,,321.3,382.62,,WSW,,11.01,101216.99,101108.41,
040HI,2024-01-16T08:45:00Z,94140.0,15.1,76.13,1.291,262.7,1.888,0.0,0.0,13.11,,,-60.0,,322.48,382.47,,W,,10.89,101206.23,101099.61,
040HI,2024-01-16T08:50:00Z,94140.0,14.95,77.69,1.255,261.3,2.33,0.0,0.0,13.11,,,-57.96,,324.23,382.19,,W,,11.05,101206.23,101103.33,
040HI,2024-01-16T08:55:00Z,94140.0,14.928,77.04,1.013,244.5,1.723,0.0,0.0,13.11,,,-57.59,,324.76,382.35,,WSW,,10.9,101206.23,101103.88,
040HI,2024-01-16T09:00:00Z,94140.0,14.889,76.86,1.024,249.9,1.61,0.0,0.0,13.11,,,-56.67,,325.62,382.29,,WSW,,10.83,101206.23,101104.86,
040HI,2024-01-16T09:05:00Z,94130.0,14.872,76.39,1.322,254.1,,0.0,0.0,13.11,,,-56.47,,325.66,382.13,,WSW,,10.72,101195.48,101094.54,
040HI,2024-01-16T09:10:00Z,94130.0,14.889,76.31,1.302,254.6,2.109,0.0,0.0,13.11,,,-56.85,,325.23,382.08,,WSW,,10.72,101195.48,101094.12,
040HI,2024-01-16T09:15:00Z,94130.0,14.922,76.46,1.121,250.5,2.109,0.0,0.0,13.1,,,-56.21,,325.86,382.07,,WSW,,10.78,101195.48,101093.3,
040HI,2024-01-16T09:20:00Z,94120.0,14.922,76.35,1.271,254.6,2.33,0.0,0.0,13.1,,,-55.03,,327.13,382.16,,WSW,,10.76,101184.73,101082.56,
040HI,2024-01-16T09:25:00Z,94120.0,14.839,77.25,1.075,249.5,1.831,0.0,0.0,13.1,,,-56.17,,325.8,381.97,,WSW,,10.86,101184.73,101084.62,
040HI,2024-01-16T09:30:00Z,94120.0,14.822,77.86,1.142,249.4,1.888,0.0,0.0,13.1,,,-56.5,,325.61,382.11,,WSW,,10.96,101184.73,101085.04,
040HI,2024-01-16T09:35:00Z,94110.0,14.822,77.71,1.255,256.9,1.888,0.0,0.0,13.1,,,-57.35,,324.55,381.9,,WSW,,10.93,101173.98,101074.3,
040HI,2024-01-16T09:40:00Z,94110.0,14.811,78.24,1.163,261.1,1.667,0.0,0.0,13.1,,,-58.19,,323.18,381.36,,W,,11.03,101173.98,101074.57,
040HI,2024-01-16T09:45:00Z,94100.0,14.628,81.4,1.183,280.7,1.61,0.0,0.0,13.1,,,-57.83,,322.77,380.59,,W,,11.45,101163.23,101068.37,
040HI,2024-01-16T09:50:00Z,94100.0,14.022,86.0,1.163,289.2,1.497,0.0,0.0,13.05,,,-57.36,,322.37,379.73,,WNW,,11.69,101163.23,101083.5,
040HI,2024-01-16T09:55:00Z,94100.0,13.722,88.4,1.163,290.5,1.554,0.0,0.0,13.01,,,-56.32,,323.82,380.14,,WNW,,11.82,101163.23,101091.01,
